forecast_execution_date_ept,forecast_date,forecast_gen_outage_mw_rto,forecast_gen_outage_mw_west,forecast_gen_outage_mw_other
1/1/2016 12:00:00 AM,1/2/2016 12:00:00 AM,3628,2091,1537
1/1/2016 12:00:00 AM,1/3/2016 12:00:00 AM,3628,2091,1537
1/1/2016 12:00:00 AM,1/4/2016 12:00:00 AM,3798,2261,1537
1/1/2016 12:00:00 AM,1/5/2016 12:00:00 AM,3807,2261,1546
1/1/2016 12:00:00 AM,1/6/2016 12:00:00 AM,3021,2261,760
1/1/2016 12:00:00 AM,1/7/2016 12:00:00 AM,3021,2261,760
1/1/2016 12:00:00 AM,1/8/2016 12:00:00 AM,3012,2261,751
1/1/2016 12:00:00 AM,1/9/2016 12:00:00 AM,2922,2171,751
1/1/2016 12:00:00 AM,1/10/2016 12:00:00 AM,2922,2171,751
1/1/2016 12:00:00 AM,1/11/2016 12:00:00 AM,2420,2171,249
1/1/2016 12:00:00 AM,1/12/2016 12:00:00 AM,2425,2171,254
1/1/2016 12:00:00 AM,1/13/2016 12:00:00 AM,2425,2171,254
1/1/2016 12:00:00 AM,1/14/2016 12:00:00 AM,2425,2171,254
1/1/2016 12:00:00 AM,1/15/2016 12:00:00 AM,2420,2171,249
1/1/2016 12:00:00 AM,1/16/2016 12:00:00 AM,2408,2171,237
1/1/2016 12:00:00 AM,1/17/2016 12:00:00 AM,2421,2171,250
1/1/2016 12:00:00 AM,1/18/2016 12:00:00 AM,2493,2171,322
1/1/2016 12:00:00 AM,1/19/2016 12:00:00 AM,2493,2171,322
1/1/2016 12:00:00 AM,1/20/2016 12:00:00 AM,2493,2171,322
1/1/2016 12:00:00 AM,1/21/2016 12:00:00 AM,2493,2171,322
1/1/2016 12:00:00 AM,1/22/2016 12:00:00 AM,2493,2171,322
1/1/2016 12:00:00 AM,1/23/2016 12:00:00 AM,2493,2171,322
1/1/2016 12:00:00 AM,1/24/2016 12:00:00 AM,2493,2171,322
1/1/2016 12:00:00 AM,1/25/2016 12:00:00 AM,2480,2171,309
1/1/2016 12:00:00 AM,1/26/2016 12:00:00 AM,2371,2171,200
1/1/2016 12:00:00 AM,1/27/2016 12:00:00 AM,2371,2171,200
1/1/2016 12:00:00 AM,1/28/2016 12:00:00 AM,2371,2171,200
1/1/2016 12:00:00 AM,1/29/2016 12:00:00 AM,2371,2171,200
1/1/2016 12:00:00 AM,1/30/2016 12:00:00 AM,3060,2860,200
1/1/2016 12:00:00 AM,1/31/2016 12:00:00 AM,3078,2860,218
1/1/2016 12:00:00 AM,2/1/2016 12:00:00 AM,3367,2910,457
1/1/2016 12:00:00 AM,2/2/2016 12:00:00 AM,3371,2910,461
1/1/2016 12:00:00 AM,2/3/2016 12:00:00 AM,2071,1610,461
1/1/2016 12:00:00 AM,2/4/2016 12:00:00 AM,2070,1609,461
1/1/2016 12:00:00 AM,2/5/2016 12:00:00 AM,2239,1560,679
1/1/2016 12:00:00 AM,2/6/2016 12:00:00 AM,2530,1560,970
1/1/2016 12:00:00 AM,2/7/2016 12:00:00 AM,2530,1560,970
1/1/2016 12:00:00 AM,2/8/2016 12:00:00 AM,2630,1660,970
1/1/2016 12:00:00 AM,2/9/2016 12:00:00 AM,2629,1659,970
1/1/2016 12:00:00 AM,2/10/2016 12:00:00 AM,2624,1609,1015
1/1/2016 12:00:00 AM,2/11/2016 12:00:00 AM,2526,1560,966
1/1/2016 12:00:00 AM,2/12/2016 12:00:00 AM,2526,1560,966
1/1/2016 12:00:00 AM,2/13/2016 12:00:00 AM,2578,1560,1018
1/1/2016 12:00:00 AM,2/14/2016 12:00:00 AM,2591,1560,1031
1/1/2016 12:00:00 AM,2/15/2016 12:00:00 AM,4657,2748,1909
1/1/2016 12:00:00 AM,2/16/2016 12:00:00 AM,4612,2748,1864
1/1/2016 12:00:00 AM,2/17/2016 12:00:00 AM,4568,2722,1846
1/1/2016 12:00:00 AM,2/18/2016 12:00:00 AM,4568,2722,1846
1/1/2016 12:00:00 AM,2/19/2016 12:00:00 AM,4568,2722,1846
1/1/2016 12:00:00 AM,2/20/2016 12:00:00 AM,5206,3360,1846
1/1/2016 12:00:00 AM,2/21/2016 12:00:00 AM,5206,3360,1846
1/1/2016 12:00:00 AM,2/22/2016 12:00:00 AM,5193,3360,1833
1/1/2016 12:00:00 AM,2/23/2016 12:00:00 AM,4963,3130,1833
1/1/2016 12:00:00 AM,2/24/2016 12:00:00 AM,4963,3130,1833
1/1/2016 12:00:00 AM,2/25/2016 12:00:00 AM,4918,3130,1788
1/1/2016 12:00:00 AM,2/26/2016 12:00:00 AM,5557,3769,1788
1/1/2016 12:00:00 AM,2/27/2016 12:00:00 AM,6009,4233,1776
1/1/2016 12:00:00 AM,2/28/2016 12:00:00 AM,6268,4383,1885
1/1/2016 12:00:00 AM,2/29/2016 12:00:00 AM,6268,4383,1885
1/1/2016 12:00:00 AM,3/1/2016 12:00:00 AM,10135,4451,5684
1/1/2016 12:00:00 AM,3/2/2016 12:00:00 AM,10713,4969,5744
1/1/2016 12:00:00 AM,3/3/2016 12:00:00 AM,10713,4969,5744
1/1/2016 12:00:00 AM,3/4/2016 12:00:00 AM,10848,4969,5879
1/1/2016 12:00:00 AM,3/5/2016 12:00:00 AM,17077,7960,9117
1/1/2016 12:00:00 AM,3/6/2016 12:00:00 AM,18145,8110,10035
1/1/2016 12:00:00 AM,3/7/2016 12:00:00 AM,18089,7960,10129
1/1/2016 12:00:00 AM,3/8/2016 12:00:00 AM,18089,7960,10129
1/1/2016 12:00:00 AM,3/9/2016 12:00:00 AM,16760,6825,9935
1/1/2016 12:00:00 AM,3/10/2016 12:00:00 AM,16760,6825,9935
1/1/2016 12:00:00 AM,3/11/2016 12:00:00 AM,16077,7027,9050
1/1/2016 12:00:00 AM,3/12/2016 12:00:00 AM,18478,7171,11307
1/1/2016 12:00:00 AM,3/13/2016 12:00:00 AM,19781,7321,12460
1/1/2016 12:00:00 AM,3/14/2016 12:00:00 AM,19893,7171,12722
1/1/2016 12:00:00 AM,3/15/2016 12:00:00 AM,19985,7263,12722
1/1/2016 12:00:00 AM,3/16/2016 12:00:00 AM,19985,7263,12722
1/1/2016 12:00:00 AM,3/17/2016 12:00:00 AM,20054,7263,12791
1/1/2016 12:00:00 AM,3/18/2016 12:00:00 AM,20527,7863,12664
1/1/2016 12:00:00 AM,3/19/2016 12:00:00 AM,23296,9479,13817
1/1/2016 12:00:00 AM,3/20/2016 12:00:00 AM,24619,10498,14121
1/1/2016 12:00:00 AM,3/21/2016 12:00:00 AM,24575,9868,14707
1/1/2016 12:00:00 AM,3/22/2016 12:00:00 AM,23685,9068,14617
1/1/2016 12:00:00 AM,3/23/2016 12:00:00 AM,25163,10179,14984
1/1/2016 12:00:00 AM,3/24/2016 12:00:00 AM,24913,10069,14844
1/1/2016 12:00:00 AM,3/25/2016 12:00:00 AM,25310,10069,15241
1/1/2016 12:00:00 AM,3/26/2016 12:00:00 AM,29269,12944,16325
1/1/2016 12:00:00 AM,3/27/2016 12:00:00 AM,29496,13167,16329
1/1/2016 12:00:00 AM,3/28/2016 12:00:00 AM,29257,12332,16925
1/1/2016 12:00:00 AM,3/29/2016 12:00:00 AM,29257,12332,16925
1/1/2016 12:00:00 AM,3/30/2016 12:00:00 AM,28486,12332,16154
1/1/2016 12:00:00 AM,3/31/2016 12:00:00 AM,28710,12332,16378
1/1/2016 12:00:00 AM,4/1/2016 12:00:00 AM,34246,14085,20161
12/31/2015 12:00:00 AM,1/1/2016 12:00:00 AM,3696,2171,1525
12/31/2015 12:00:00 AM,1/2/2016 12:00:00 AM,3628,2091,1537
12/31/2015 12:00:00 AM,1/3/2016 12:00:00 AM,3628,2091,1537
12/31/2015 12:00:00 AM,1/4/2016 12:00:00 AM,3798,2261,1537
12/31/2015 12:00:00 AM,1/5/2016 12:00:00 AM,3807,2261,1546
12/31/2015 12:00:00 AM,1/6/2016 12:00:00 AM,3021,2261,760
12/31/2015 12:00:00 AM,1/7/2016 12:00:00 AM,3021,2261,760
12/31/2015 12:00:00 AM,1/8/2016 12:00:00 AM,3012,2261,751
12/31/2015 12:00:00 AM,1/9/2016 12:00:00 AM,2922,2171,751
12/31/2015 12:00:00 AM,1/10/2016 12:00:00 AM,2922,2171,751
12/31/2015 12:00:00 AM,1/11/2016 12:00:00 AM,2420,2171,249
12/31/2015 12:00:00 AM,1/12/2016 12:00:00 AM,2425,2171,254
12/31/2015 12:00:00 AM,1/13/2016 12:00:00 AM,2425,2171,254
12/31/2015 12:00:00 AM,1/14/2016 12:00:00 AM,2425,2171,254
12/31/2015 12:00:00 AM,1/15/2016 12:00:00 AM,2420,2171,249
12/31/2015 12:00:00 AM,1/16/2016 12:00:00 AM,2408,2171,237
12/31/2015 12:00:00 AM,1/17/2016 12:00:00 AM,2421,2171,250
12/31/2015 12:00:00 AM,1/18/2016 12:00:00 AM,2493,2171,322
12/31/2015 12:00:00 AM,1/19/2016 12:00:00 AM,2493,2171,322
12/31/2015 12:00:00 AM,1/20/2016 12:00:00 AM,2493,2171,322
12/31/2015 12:00:00 AM,1/21/2016 12:00:00 AM,2493,2171,322
12/31/2015 12:00:00 AM,1/22/2016 12:00:00 AM,2493,2171,322
12/31/2015 12:00:00 AM,1/23/2016 12:00:00 AM,2493,2171,322
12/31/2015 12:00:00 AM,1/24/2016 12:00:00 AM,2493,2171,322
12/31/2015 12:00:00 AM,1/25/2016 12:00:00 AM,2480,2171,309
12/31/2015 12:00:00 AM,1/26/2016 12:00:00 AM,2371,2171,200
12/31/2015 12:00:00 AM,1/27/2016 12:00:00 AM,2371,2171,200
12/31/2015 12:00:00 AM,1/28/2016 12:00:00 AM,2371,2171,200
12/31/2015 12:00:00 AM,1/29/2016 12:00:00 AM,2371,2171,200
12/31/2015 12:00:00 AM,1/30/2016 12:00:00 AM,3060,2860,200
12/31/2015 12:00:00 AM,1/31/2016 12:00:00 AM,3078,2860,218
12/31/2015 12:00:00 AM,2/1/2016 12:00:00 AM,3367,2910,457
12/31/2015 12:00:00 AM,2/2/2016 12:00:00 AM,3371,2910,461
12/31/2015 12:00:00 AM,2/3/2016 12:00:00 AM,2071,1610,461
12/31/2015 12:00:00 AM,2/4/2016 12:00:00 AM,2070,1609,461
12/31/2015 12:00:00 AM,2/5/2016 12:00:00 AM,2239,1560,679
12/31/2015 12:00:00 AM,2/6/2016 12:00:00 AM,2530,1560,970
12/31/2015 12:00:00 AM,2/7/2016 12:00:00 AM,2530,1560,970
12/31/2015 12:00:00 AM,2/8/2016 12:00:00 AM,2630,1660,970
12/31/2015 12:00:00 AM,2/9/2016 12:00:00 AM,2629,1659,970
12/31/2015 12:00:00 AM,2/10/2016 12:00:00 AM,2624,1609,1015
12/31/2015 12:00:00 AM,2/11/2016 12:00:00 AM,2526,1560,966
12/31/2015 12:00:00 AM,2/12/2016 12:00:00 AM,2526,1560,966
12/31/2015 12:00:00 AM,2/13/2016 12:00:00 AM,2578,1560,1018
12/31/2015 12:00:00 AM,2/14/2016 12:00:00 AM,2591,1560,1031
12/31/2015 12:00:00 AM,2/15/2016 12:00:00 AM,4657,2748,1909
12/31/2015 12:00:00 AM,2/16/2016 12:00:00 AM,4382,2518,1864
12/31/2015 12:00:00 AM,2/17/2016 12:00:00 AM,4338,2492,1846
12/31/2015 12:00:00 AM,2/18/2016 12:00:00 AM,4338,2492,1846
12/31/2015 12:00:00 AM,2/19/2016 12:00:00 AM,4338,2492,1846
12/31/2015 12:00:00 AM,2/20/2016 12:00:00 AM,4976,3130,1846
12/31/2015 12:00:00 AM,2/21/2016 12:00:00 AM,4976,3130,1846
12/31/2015 12:00:00 AM,2/22/2016 12:00:00 AM,4963,3130,1833
12/31/2015 12:00:00 AM,2/23/2016 12:00:00 AM,4963,3130,1833
12/31/2015 12:00:00 AM,2/24/2016 12:00:00 AM,4963,3130,1833
12/31/2015 12:00:00 AM,2/25/2016 12:00:00 AM,4918,3130,1788
12/31/2015 12:00:00 AM,2/26/2016 12:00:00 AM,5557,3769,1788
12/31/2015 12:00:00 AM,2/27/2016 12:00:00 AM,6009,4233,1776
12/31/2015 12:00:00 AM,2/28/2016 12:00:00 AM,6268,4383,1885
12/31/2015 12:00:00 AM,2/29/2016 12:00:00 AM,6268,4383,1885
12/31/2015 12:00:00 AM,3/1/2016 12:00:00 AM,10135,4451,5684
12/31/2015 12:00:00 AM,3/2/2016 12:00:00 AM,10713,4969,5744
12/31/2015 12:00:00 AM,3/3/2016 12:00:00 AM,10713,4969,5744
12/31/2015 12:00:00 AM,3/4/2016 12:00:00 AM,10848,4969,5879
12/31/2015 12:00:00 AM,3/5/2016 12:00:00 AM,17077,7960,9117
12/31/2015 12:00:00 AM,3/6/2016 12:00:00 AM,18145,8110,10035
12/31/2015 12:00:00 AM,3/7/2016 12:00:00 AM,18089,7960,10129
12/31/2015 12:00:00 AM,3/8/2016 12:00:00 AM,18089,7960,10129
12/31/2015 12:00:00 AM,3/9/2016 12:00:00 AM,16760,6825,9935
12/31/2015 12:00:00 AM,3/10/2016 12:00:00 AM,16760,6825,9935
12/31/2015 12:00:00 AM,3/11/2016 12:00:00 AM,16077,7027,9050
12/31/2015 12:00:00 AM,3/12/2016 12:00:00 AM,18478,7171,11307
12/31/2015 12:00:00 AM,3/13/2016 12:00:00 AM,19781,7321,12460
12/31/2015 12:00:00 AM,3/14/2016 12:00:00 AM,19893,7171,12722
12/31/2015 12:00:00 AM,3/15/2016 12:00:00 AM,19985,7263,12722
12/31/2015 12:00:00 AM,3/16/2016 12:00:00 AM,19985,7263,12722
12/31/2015 12:00:00 AM,3/17/2016 12:00:00 AM,20054,7263,12791
12/31/2015 12:00:00 AM,3/18/2016 12:00:00 AM,20527,7863,12664
12/31/2015 12:00:00 AM,3/19/2016 12:00:00 AM,23296,9479,13817
12/31/2015 12:00:00 AM,3/20/2016 12:00:00 AM,24619,10498,14121
12/31/2015 12:00:00 AM,3/21/2016 12:00:00 AM,24575,9868,14707
12/31/2015 12:00:00 AM,3/22/2016 12:00:00 AM,23685,9068,14617
12/31/2015 12:00:00 AM,3/23/2016 12:00:00 AM,24936,10179,14757
12/31/2015 12:00:00 AM,3/24/2016 12:00:00 AM,24686,10069,14617
12/31/2015 12:00:00 AM,3/25/2016 12:00:00 AM,25083,10069,15014
12/31/2015 12:00:00 AM,3/26/2016 12:00:00 AM,29042,12944,16098
12/31/2015 12:00:00 AM,3/27/2016 12:00:00 AM,29269,13167,16102
12/31/2015 12:00:00 AM,3/28/2016 12:00:00 AM,29180,12332,16848
12/31/2015 12:00:00 AM,3/29/2016 12:00:00 AM,29180,12332,16848
12/31/2015 12:00:00 AM,3/30/2016 12:00:00 AM,28259,12332,15927
12/31/2015 12:00:00 AM,3/31/2016 12:00:00 AM,28483,12332,16151
12/30/2015 12:00:00 AM,12/31/2015 12:00:00 AM,3641,2116,1525
12/30/2015 12:00:00 AM,1/1/2016 12:00:00 AM,3641,2116,1525
12/30/2015 12:00:00 AM,1/2/2016 12:00:00 AM,3603,2066,1537
12/30/2015 12:00:00 AM,1/3/2016 12:00:00 AM,3603,2066,1537
12/30/2015 12:00:00 AM,1/4/2016 12:00:00 AM,3773,2236,1537
12/30/2015 12:00:00 AM,1/5/2016 12:00:00 AM,3782,2236,1546
12/30/2015 12:00:00 AM,1/6/2016 12:00:00 AM,2996,2236,760
12/30/2015 12:00:00 AM,1/7/2016 12:00:00 AM,2996,2236,760
12/30/2015 12:00:00 AM,1/8/2016 12:00:00 AM,2987,2236,751
12/30/2015 12:00:00 AM,1/9/2016 12:00:00 AM,2897,2146,751
12/30/2015 12:00:00 AM,1/10/2016 12:00:00 AM,2897,2146,751
12/30/2015 12:00:00 AM,1/11/2016 12:00:00 AM,2395,2146,249
12/30/2015 12:00:00 AM,1/12/2016 12:00:00 AM,2400,2146,254
12/30/2015 12:00:00 AM,1/13/2016 12:00:00 AM,2400,2146,254
12/30/2015 12:00:00 AM,1/14/2016 12:00:00 AM,2400,2146,254
12/30/2015 12:00:00 AM,1/15/2016 12:00:00 AM,2395,2146,249
12/30/2015 12:00:00 AM,1/16/2016 12:00:00 AM,2383,2146,237
12/30/2015 12:00:00 AM,1/17/2016 12:00:00 AM,2396,2146,250
12/30/2015 12:00:00 AM,1/18/2016 12:00:00 AM,2468,2146,322
12/30/2015 12:00:00 AM,1/19/2016 12:00:00 AM,2468,2146,322
12/30/2015 12:00:00 AM,1/20/2016 12:00:00 AM,2468,2146,322
12/30/2015 12:00:00 AM,1/21/2016 12:00:00 AM,2468,2146,322
12/30/2015 12:00:00 AM,1/22/2016 12:00:00 AM,2468,2146,322
12/30/2015 12:00:00 AM,1/23/2016 12:00:00 AM,2468,2146,322
12/30/2015 12:00:00 AM,1/24/2016 12:00:00 AM,2468,2146,322
12/30/2015 12:00:00 AM,1/25/2016 12:00:00 AM,2455,2146,309
12/30/2015 12:00:00 AM,1/26/2016 12:00:00 AM,2346,2146,200
12/30/2015 12:00:00 AM,1/27/2016 12:00:00 AM,2346,2146,200
12/30/2015 12:00:00 AM,1/28/2016 12:00:00 AM,2346,2146,200
12/30/2015 12:00:00 AM,1/29/2016 12:00:00 AM,2346,2146,200
12/30/2015 12:00:00 AM,1/30/2016 12:00:00 AM,3035,2835,200
12/30/2015 12:00:00 AM,1/31/2016 12:00:00 AM,3053,2835,218
12/30/2015 12:00:00 AM,2/1/2016 12:00:00 AM,3342,2885,457
12/30/2015 12:00:00 AM,2/2/2016 12:00:00 AM,3346,2885,461
12/30/2015 12:00:00 AM,2/3/2016 12:00:00 AM,2046,1585,461
12/30/2015 12:00:00 AM,2/4/2016 12:00:00 AM,2045,1584,461
12/30/2015 12:00:00 AM,2/5/2016 12:00:00 AM,2214,1535,679
12/30/2015 12:00:00 AM,2/6/2016 12:00:00 AM,2505,1535,970
12/30/2015 12:00:00 AM,2/7/2016 12:00:00 AM,2505,1535,970
12/30/2015 12:00:00 AM,2/8/2016 12:00:00 AM,2605,1635,970
12/30/2015 12:00:00 AM,2/9/2016 12:00:00 AM,2604,1634,970
12/30/2015 12:00:00 AM,2/10/2016 12:00:00 AM,2599,1584,1015
12/30/2015 12:00:00 AM,2/11/2016 12:00:00 AM,2501,1535,966
12/30/2015 12:00:00 AM,2/12/2016 12:00:00 AM,2501,1535,966
12/30/2015 12:00:00 AM,2/13/2016 12:00:00 AM,2553,1535,1018
12/30/2015 12:00:00 AM,2/14/2016 12:00:00 AM,2566,1535,1031
12/30/2015 12:00:00 AM,2/15/2016 12:00:00 AM,4632,2723,1909
12/30/2015 12:00:00 AM,2/16/2016 12:00:00 AM,4357,2493,1864
12/30/2015 12:00:00 AM,2/17/2016 12:00:00 AM,4313,2467,1846
12/30/2015 12:00:00 AM,2/18/2016 12:00:00 AM,4313,2467,1846
12/30/2015 12:00:00 AM,2/19/2016 12:00:00 AM,4313,2467,1846
12/30/2015 12:00:00 AM,2/20/2016 12:00:00 AM,4951,3105,1846
12/30/2015 12:00:00 AM,2/21/2016 12:00:00 AM,4951,3105,1846
12/30/2015 12:00:00 AM,2/22/2016 12:00:00 AM,4938,3105,1833
12/30/2015 12:00:00 AM,2/23/2016 12:00:00 AM,4938,3105,1833
12/30/2015 12:00:00 AM,2/24/2016 12:00:00 AM,4938,3105,1833
12/30/2015 12:00:00 AM,2/25/2016 12:00:00 AM,4893,3105,1788
12/30/2015 12:00:00 AM,2/26/2016 12:00:00 AM,5532,3744,1788
12/30/2015 12:00:00 AM,2/27/2016 12:00:00 AM,5959,4208,1751
12/30/2015 12:00:00 AM,2/28/2016 12:00:00 AM,6218,4358,1860
12/30/2015 12:00:00 AM,2/29/2016 12:00:00 AM,6218,4358,1860
12/30/2015 12:00:00 AM,3/1/2016 12:00:00 AM,10110,4451,5659
12/30/2015 12:00:00 AM,3/2/2016 12:00:00 AM,10688,4969,5719
12/30/2015 12:00:00 AM,3/3/2016 12:00:00 AM,10688,4969,5719
12/30/2015 12:00:00 AM,3/4/2016 12:00:00 AM,10823,4969,5854
12/30/2015 12:00:00 AM,3/5/2016 12:00:00 AM,17052,7960,9092
12/30/2015 12:00:00 AM,3/6/2016 12:00:00 AM,18120,8110,10010
12/30/2015 12:00:00 AM,3/7/2016 12:00:00 AM,18064,7960,10104
12/30/2015 12:00:00 AM,3/8/2016 12:00:00 AM,18064,7960,10104
12/30/2015 12:00:00 AM,3/9/2016 12:00:00 AM,16735,6825,9910
12/30/2015 12:00:00 AM,3/10/2016 12:00:00 AM,16735,6825,9910
12/30/2015 12:00:00 AM,3/11/2016 12:00:00 AM,16052,7027,9025
12/30/2015 12:00:00 AM,3/12/2016 12:00:00 AM,18453,7171,11282
12/30/2015 12:00:00 AM,3/13/2016 12:00:00 AM,19756,7321,12435
12/30/2015 12:00:00 AM,3/14/2016 12:00:00 AM,19868,7171,12697
12/30/2015 12:00:00 AM,3/15/2016 12:00:00 AM,19960,7263,12697
12/30/2015 12:00:00 AM,3/16/2016 12:00:00 AM,19960,7263,12697
12/30/2015 12:00:00 AM,3/17/2016 12:00:00 AM,20029,7263,12766
12/30/2015 12:00:00 AM,3/18/2016 12:00:00 AM,20502,7863,12639
12/30/2015 12:00:00 AM,3/19/2016 12:00:00 AM,23271,9479,13792
12/30/2015 12:00:00 AM,3/20/2016 12:00:00 AM,24594,10498,14096
12/30/2015 12:00:00 AM,3/21/2016 12:00:00 AM,24575,9868,14707
12/30/2015 12:00:00 AM,3/22/2016 12:00:00 AM,23685,9068,14617
12/30/2015 12:00:00 AM,3/23/2016 12:00:00 AM,24936,10179,14757
12/30/2015 12:00:00 AM,3/24/2016 12:00:00 AM,24686,10069,14617
12/30/2015 12:00:00 AM,3/25/2016 12:00:00 AM,25083,10069,15014
12/30/2015 12:00:00 AM,3/26/2016 12:00:00 AM,29042,12944,16098
12/30/2015 12:00:00 AM,3/27/2016 12:00:00 AM,29269,13167,16102
12/30/2015 12:00:00 AM,3/28/2016 12:00:00 AM,29180,12332,16848
12/30/2015 12:00:00 AM,3/29/2016 12:00:00 AM,29180,12332,16848
12/30/2015 12:00:00 AM,3/30/2016 12:00:00 AM,28259,12332,15927
12/29/2015 12:00:00 AM,12/30/2015 12:00:00 AM,2935,2196,739
12/29/2015 12:00:00 AM,12/31/2015 12:00:00 AM,2855,2116,739
12/29/2015 12:00:00 AM,1/1/2016 12:00:00 AM,2855,2116,739
12/29/2015 12:00:00 AM,1/2/2016 12:00:00 AM,2817,2066,751
12/29/2015 12:00:00 AM,1/3/2016 12:00:00 AM,2817,2066,751
12/29/2015 12:00:00 AM,1/4/2016 12:00:00 AM,2897,2146,751
12/29/2015 12:00:00 AM,1/5/2016 12:00:00 AM,2906,2146,760
12/29/2015 12:00:00 AM,1/6/2016 12:00:00 AM,2906,2146,760
12/29/2015 12:00:00 AM,1/7/2016 12:00:00 AM,2906,2146,760
12/29/2015 12:00:00 AM,1/8/2016 12:00:00 AM,2897,2146,751
12/29/2015 12:00:00 AM,1/9/2016 12:00:00 AM,2897,2146,751
12/29/2015 12:00:00 AM,1/10/2016 12:00:00 AM,2897,2146,751
12/29/2015 12:00:00 AM,1/11/2016 12:00:00 AM,2395,2146,249
12/29/2015 12:00:00 AM,1/12/2016 12:00:00 AM,2400,2146,254
12/29/2015 12:00:00 AM,1/13/2016 12:00:00 AM,2400,2146,254
12/29/2015 12:00:00 AM,1/14/2016 12:00:00 AM,2400,2146,254
12/29/2015 12:00:00 AM,1/15/2016 12:00:00 AM,2395,2146,249
12/29/2015 12:00:00 AM,1/16/2016 12:00:00 AM,2383,2146,237
12/29/2015 12:00:00 AM,1/17/2016 12:00:00 AM,2396,2146,250
12/29/2015 12:00:00 AM,1/18/2016 12:00:00 AM,2468,2146,322
12/29/2015 12:00:00 AM,1/19/2016 12:00:00 AM,2468,2146,322
12/29/2015 12:00:00 AM,1/20/2016 12:00:00 AM,2468,2146,322
12/29/2015 12:00:00 AM,1/21/2016 12:00:00 AM,2468,2146,322
12/29/2015 12:00:00 AM,1/22/2016 12:00:00 AM,2468,2146,322
12/29/2015 12:00:00 AM,1/23/2016 12:00:00 AM,2468,2146,322
12/29/2015 12:00:00 AM,1/24/2016 12:00:00 AM,2468,2146,322
12/29/2015 12:00:00 AM,1/25/2016 12:00:00 AM,2455,2146,309
12/29/2015 12:00:00 AM,1/26/2016 12:00:00 AM,2346,2146,200
12/29/2015 12:00:00 AM,1/27/2016 12:00:00 AM,2346,2146,200
12/29/2015 12:00:00 AM,1/28/2016 12:00:00 AM,2346,2146,200
12/29/2015 12:00:00 AM,1/29/2016 12:00:00 AM,2346,2146,200
12/29/2015 12:00:00 AM,1/30/2016 12:00:00 AM,3035,2835,200
12/29/2015 12:00:00 AM,1/31/2016 12:00:00 AM,3053,2835,218
12/29/2015 12:00:00 AM,2/1/2016 12:00:00 AM,3342,2885,457
12/29/2015 12:00:00 AM,2/2/2016 12:00:00 AM,3346,2885,461
12/29/2015 12:00:00 AM,2/3/2016 12:00:00 AM,2046,1585,461
12/29/2015 12:00:00 AM,2/4/2016 12:00:00 AM,2045,1584,461
12/29/2015 12:00:00 AM,2/5/2016 12:00:00 AM,2214,1535,679
12/29/2015 12:00:00 AM,2/6/2016 12:00:00 AM,2505,1535,970
12/29/2015 12:00:00 AM,2/7/2016 12:00:00 AM,2505,1535,970
12/29/2015 12:00:00 AM,2/8/2016 12:00:00 AM,2605,1635,970
12/29/2015 12:00:00 AM,2/9/2016 12:00:00 AM,2604,1634,970
12/29/2015 12:00:00 AM,2/10/2016 12:00:00 AM,2599,1584,1015
12/29/2015 12:00:00 AM,2/11/2016 12:00:00 AM,2501,1535,966
12/29/2015 12:00:00 AM,2/12/2016 12:00:00 AM,2501,1535,966
12/29/2015 12:00:00 AM,2/13/2016 12:00:00 AM,2553,1535,1018
12/29/2015 12:00:00 AM,2/14/2016 12:00:00 AM,2566,1535,1031
12/29/2015 12:00:00 AM,2/15/2016 12:00:00 AM,4632,2723,1909
12/29/2015 12:00:00 AM,2/16/2016 12:00:00 AM,4357,2493,1864
12/29/2015 12:00:00 AM,2/17/2016 12:00:00 AM,4313,2467,1846
12/29/2015 12:00:00 AM,2/18/2016 12:00:00 AM,4313,2467,1846
12/29/2015 12:00:00 AM,2/19/2016 12:00:00 AM,4313,2467,1846
12/29/2015 12:00:00 AM,2/20/2016 12:00:00 AM,4951,3105,1846
12/29/2015 12:00:00 AM,2/21/2016 12:00:00 AM,4951,3105,1846
12/29/2015 12:00:00 AM,2/22/2016 12:00:00 AM,4938,3105,1833
12/29/2015 12:00:00 AM,2/23/2016 12:00:00 AM,4938,3105,1833
12/29/2015 12:00:00 AM,2/24/2016 12:00:00 AM,4938,3105,1833
12/29/2015 12:00:00 AM,2/25/2016 12:00:00 AM,4893,3105,1788
12/29/2015 12:00:00 AM,2/26/2016 12:00:00 AM,5532,3744,1788
12/29/2015 12:00:00 AM,2/27/2016 12:00:00 AM,5959,4208,1751
12/29/2015 12:00:00 AM,2/28/2016 12:00:00 AM,6218,4358,1860
12/29/2015 12:00:00 AM,2/29/2016 12:00:00 AM,6218,4358,1860
12/29/2015 12:00:00 AM,3/1/2016 12:00:00 AM,10110,4451,5659
12/29/2015 12:00:00 AM,3/2/2016 12:00:00 AM,10688,4969,5719
12/29/2015 12:00:00 AM,3/3/2016 12:00:00 AM,10688,4969,5719
12/29/2015 12:00:00 AM,3/4/2016 12:00:00 AM,10823,4969,5854
12/29/2015 12:00:00 AM,3/5/2016 12:00:00 AM,17052,7960,9092
12/29/2015 12:00:00 AM,3/6/2016 12:00:00 AM,18120,8110,10010
12/29/2015 12:00:00 AM,3/7/2016 12:00:00 AM,18064,7960,10104
12/29/2015 12:00:00 AM,3/8/2016 12:00:00 AM,18064,7960,10104
12/29/2015 12:00:00 AM,3/9/2016 12:00:00 AM,16735,6825,9910
12/29/2015 12:00:00 AM,3/10/2016 12:00:00 AM,16735,6825,9910
12/29/2015 12:00:00 AM,3/11/2016 12:00:00 AM,16052,7027,9025
12/29/2015 12:00:00 AM,3/12/2016 12:00:00 AM,18453,7171,11282
12/29/2015 12:00:00 AM,3/13/2016 12:00:00 AM,19756,7321,12435
12/29/2015 12:00:00 AM,3/14/2016 12:00:00 AM,19868,7171,12697
12/29/2015 12:00:00 AM,3/15/2016 12:00:00 AM,19960,7263,12697
12/29/2015 12:00:00 AM,3/16/2016 12:00:00 AM,19960,7263,12697
12/29/2015 12:00:00 AM,3/17/2016 12:00:00 AM,20029,7263,12766
12/29/2015 12:00:00 AM,3/18/2016 12:00:00 AM,20502,7863,12639
12/29/2015 12:00:00 AM,3/19/2016 12:00:00 AM,23271,9479,13792
12/29/2015 12:00:00 AM,3/20/2016 12:00:00 AM,24594,10498,14096
12/29/2015 12:00:00 AM,3/21/2016 12:00:00 AM,24575,9868,14707
12/29/2015 12:00:00 AM,3/22/2016 12:00:00 AM,23685,9068,14617
12/29/2015 12:00:00 AM,3/23/2016 12:00:00 AM,24936,10179,14757
12/29/2015 12:00:00 AM,3/24/2016 12:00:00 AM,24686,10069,14617
12/29/2015 12:00:00 AM,3/25/2016 12:00:00 AM,25083,10069,15014
12/29/2015 12:00:00 AM,3/26/2016 12:00:00 AM,29042,12944,16098
12/29/2015 12:00:00 AM,3/27/2016 12:00:00 AM,29269,13167,16102
12/29/2015 12:00:00 AM,3/28/2016 12:00:00 AM,29180,12332,16848
12/29/2015 12:00:00 AM,3/29/2016 12:00:00 AM,29180,12332,16848
12/28/2015 12:00:00 AM,12/29/2015 12:00:00 AM,3721,2196,1525
12/28/2015 12:00:00 AM,12/30/2015 12:00:00 AM,2935,2196,739
12/28/2015 12:00:00 AM,12/31/2015 12:00:00 AM,2855,2116,739
12/28/2015 12:00:00 AM,1/1/2016 12:00:00 AM,2855,2116,739
12/28/2015 12:00:00 AM,1/2/2016 12:00:00 AM,2817,2066,751
12/28/2015 12:00:00 AM,1/3/2016 12:00:00 AM,2817,2066,751
12/28/2015 12:00:00 AM,1/4/2016 12:00:00 AM,2897,2146,751
12/28/2015 12:00:00 AM,1/5/2016 12:00:00 AM,2906,2146,760
12/28/2015 12:00:00 AM,1/6/2016 12:00:00 AM,2906,2146,760
12/28/2015 12:00:00 AM,1/7/2016 12:00:00 AM,2906,2146,760
12/28/2015 12:00:00 AM,1/8/2016 12:00:00 AM,2897,2146,751
12/28/2015 12:00:00 AM,1/9/2016 12:00:00 AM,2897,2146,751
12/28/2015 12:00:00 AM,1/10/2016 12:00:00 AM,2897,2146,751
12/28/2015 12:00:00 AM,1/11/2016 12:00:00 AM,2395,2146,249
12/28/2015 12:00:00 AM,1/12/2016 12:00:00 AM,2400,2146,254
12/28/2015 12:00:00 AM,1/13/2016 12:00:00 AM,2400,2146,254
12/28/2015 12:00:00 AM,1/14/2016 12:00:00 AM,2400,2146,254
12/28/2015 12:00:00 AM,1/15/2016 12:00:00 AM,2395,2146,249
12/28/2015 12:00:00 AM,1/16/2016 12:00:00 AM,2383,2146,237
12/28/2015 12:00:00 AM,1/17/2016 12:00:00 AM,2396,2146,250
12/28/2015 12:00:00 AM,1/18/2016 12:00:00 AM,2468,2146,322
12/28/2015 12:00:00 AM,1/19/2016 12:00:00 AM,2468,2146,322
12/28/2015 12:00:00 AM,1/20/2016 12:00:00 AM,2468,2146,322
12/28/2015 12:00:00 AM,1/21/2016 12:00:00 AM,2468,2146,322
12/28/2015 12:00:00 AM,1/22/2016 12:00:00 AM,2468,2146,322
12/28/2015 12:00:00 AM,1/23/2016 12:00:00 AM,2468,2146,322
12/28/2015 12:00:00 AM,1/24/2016 12:00:00 AM,2468,2146,322
12/28/2015 12:00:00 AM,1/25/2016 12:00:00 AM,2455,2146,309
12/28/2015 12:00:00 AM,1/26/2016 12:00:00 AM,2346,2146,200
12/28/2015 12:00:00 AM,1/27/2016 12:00:00 AM,2346,2146,200
12/28/2015 12:00:00 AM,1/28/2016 12:00:00 AM,2346,2146,200
12/28/2015 12:00:00 AM,1/29/2016 12:00:00 AM,2346,2146,200
12/28/2015 12:00:00 AM,1/30/2016 12:00:00 AM,3035,2835,200
12/28/2015 12:00:00 AM,1/31/2016 12:00:00 AM,3053,2835,218
12/28/2015 12:00:00 AM,2/1/2016 12:00:00 AM,3342,2885,457
12/28/2015 12:00:00 AM,2/2/2016 12:00:00 AM,3346,2885,461
12/28/2015 12:00:00 AM,2/3/2016 12:00:00 AM,2046,1585,461
12/28/2015 12:00:00 AM,2/4/2016 12:00:00 AM,2045,1584,461
12/28/2015 12:00:00 AM,2/5/2016 12:00:00 AM,2214,1535,679
12/28/2015 12:00:00 AM,2/6/2016 12:00:00 AM,2505,1535,970
12/28/2015 12:00:00 AM,2/7/2016 12:00:00 AM,2505,1535,970
12/28/2015 12:00:00 AM,2/8/2016 12:00:00 AM,2605,1635,970
12/28/2015 12:00:00 AM,2/9/2016 12:00:00 AM,2604,1634,970
12/28/2015 12:00:00 AM,2/10/2016 12:00:00 AM,2599,1584,1015
12/28/2015 12:00:00 AM,2/11/2016 12:00:00 AM,2501,1535,966
12/28/2015 12:00:00 AM,2/12/2016 12:00:00 AM,2501,1535,966
12/28/2015 12:00:00 AM,2/13/2016 12:00:00 AM,2553,1535,1018
12/28/2015 12:00:00 AM,2/14/2016 12:00:00 AM,2566,1535,1031
12/28/2015 12:00:00 AM,2/15/2016 12:00:00 AM,4632,2723,1909
12/28/2015 12:00:00 AM,2/16/2016 12:00:00 AM,4357,2493,1864
12/28/2015 12:00:00 AM,2/17/2016 12:00:00 AM,4313,2467,1846
12/28/2015 12:00:00 AM,2/18/2016 12:00:00 AM,4313,2467,1846
12/28/2015 12:00:00 AM,2/19/2016 12:00:00 AM,4313,2467,1846
12/28/2015 12:00:00 AM,2/20/2016 12:00:00 AM,4951,3105,1846
12/28/2015 12:00:00 AM,2/21/2016 12:00:00 AM,4951,3105,1846
12/28/2015 12:00:00 AM,2/22/2016 12:00:00 AM,4938,3105,1833
12/28/2015 12:00:00 AM,2/23/2016 12:00:00 AM,4938,3105,1833
12/28/2015 12:00:00 AM,2/24/2016 12:00:00 AM,4938,3105,1833
12/28/2015 12:00:00 AM,2/25/2016 12:00:00 AM,4893,3105,1788
12/28/2015 12:00:00 AM,2/26/2016 12:00:00 AM,5532,3744,1788
12/28/2015 12:00:00 AM,2/27/2016 12:00:00 AM,5959,4208,1751
12/28/2015 12:00:00 AM,2/28/2016 12:00:00 AM,6218,4358,1860
12/28/2015 12:00:00 AM,2/29/2016 12:00:00 AM,6218,4358,1860
12/28/2015 12:00:00 AM,3/1/2016 12:00:00 AM,10110,4451,5659
12/28/2015 12:00:00 AM,3/2/2016 12:00:00 AM,10688,4969,5719
12/28/2015 12:00:00 AM,3/3/2016 12:00:00 AM,10688,4969,5719
12/28/2015 12:00:00 AM,3/4/2016 12:00:00 AM,10823,4969,5854
12/28/2015 12:00:00 AM,3/5/2016 12:00:00 AM,17052,7960,9092
12/28/2015 12:00:00 AM,3/6/2016 12:00:00 AM,18120,8110,10010
12/28/2015 12:00:00 AM,3/7/2016 12:00:00 AM,18064,7960,10104
12/28/2015 12:00:00 AM,3/8/2016 12:00:00 AM,18064,7960,10104
12/28/2015 12:00:00 AM,3/9/2016 12:00:00 AM,16735,6825,9910
12/28/2015 12:00:00 AM,3/10/2016 12:00:00 AM,16735,6825,9910
12/28/2015 12:00:00 AM,3/11/2016 12:00:00 AM,16052,7027,9025
12/28/2015 12:00:00 AM,3/12/2016 12:00:00 AM,18453,7171,11282
12/28/2015 12:00:00 AM,3/13/2016 12:00:00 AM,19756,7321,12435
12/28/2015 12:00:00 AM,3/14/2016 12:00:00 AM,19868,7171,12697
12/28/2015 12:00:00 AM,3/15/2016 12:00:00 AM,19960,7263,12697
12/28/2015 12:00:00 AM,3/16/2016 12:00:00 AM,19960,7263,12697
12/28/2015 12:00:00 AM,3/17/2016 12:00:00 AM,20029,7263,12766
12/28/2015 12:00:00 AM,3/18/2016 12:00:00 AM,20502,7863,12639
12/28/2015 12:00:00 AM,3/19/2016 12:00:00 AM,23271,9479,13792
12/28/2015 12:00:00 AM,3/20/2016 12:00:00 AM,24594,10498,14096
12/28/2015 12:00:00 AM,3/21/2016 12:00:00 AM,24575,9868,14707
12/28/2015 12:00:00 AM,3/22/2016 12:00:00 AM,23685,9068,14617
12/28/2015 12:00:00 AM,3/23/2016 12:00:00 AM,24936,10179,14757
12/28/2015 12:00:00 AM,3/24/2016 12:00:00 AM,24686,10069,14617
12/28/2015 12:00:00 AM,3/25/2016 12:00:00 AM,25083,10069,15014
12/28/2015 12:00:00 AM,3/26/2016 12:00:00 AM,29042,12944,16098
12/28/2015 12:00:00 AM,3/27/2016 12:00:00 AM,29269,13167,16102
12/28/2015 12:00:00 AM,3/28/2016 12:00:00 AM,29180,12332,16848
12/27/2015 12:00:00 AM,12/28/2015 12:00:00 AM,4920,2781,2139
12/27/2015 12:00:00 AM,12/29/2015 12:00:00 AM,4335,2196,2139
12/27/2015 12:00:00 AM,12/30/2015 12:00:00 AM,3549,2196,1353
12/27/2015 12:00:00 AM,12/31/2015 12:00:00 AM,3469,2116,1353
12/27/2015 12:00:00 AM,1/1/2016 12:00:00 AM,3469,2116,1353
12/27/2015 12:00:00 AM,1/2/2016 12:00:00 AM,2817,2066,751
12/27/2015 12:00:00 AM,1/3/2016 12:00:00 AM,2817,2066,751
12/27/2015 12:00:00 AM,1/4/2016 12:00:00 AM,2897,2146,751
12/27/2015 12:00:00 AM,1/5/2016 12:00:00 AM,2906,2146,760
12/27/2015 12:00:00 AM,1/6/2016 12:00:00 AM,2906,2146,760
12/27/2015 12:00:00 AM,1/7/2016 12:00:00 AM,2906,2146,760
12/27/2015 12:00:00 AM,1/8/2016 12:00:00 AM,2897,2146,751
12/27/2015 12:00:00 AM,1/9/2016 12:00:00 AM,2897,2146,751
12/27/2015 12:00:00 AM,1/10/2016 12:00:00 AM,2897,2146,751
12/27/2015 12:00:00 AM,1/11/2016 12:00:00 AM,2395,2146,249
12/27/2015 12:00:00 AM,1/12/2016 12:00:00 AM,2400,2146,254
12/27/2015 12:00:00 AM,1/13/2016 12:00:00 AM,2400,2146,254
12/27/2015 12:00:00 AM,1/14/2016 12:00:00 AM,2400,2146,254
12/27/2015 12:00:00 AM,1/15/2016 12:00:00 AM,2395,2146,249
12/27/2015 12:00:00 AM,1/16/2016 12:00:00 AM,2383,2146,237
12/27/2015 12:00:00 AM,1/17/2016 12:00:00 AM,2396,2146,250
12/27/2015 12:00:00 AM,1/18/2016 12:00:00 AM,2468,2146,322
12/27/2015 12:00:00 AM,1/19/2016 12:00:00 AM,2468,2146,322
12/27/2015 12:00:00 AM,1/20/2016 12:00:00 AM,2468,2146,322
12/27/2015 12:00:00 AM,1/21/2016 12:00:00 AM,2468,2146,322
12/27/2015 12:00:00 AM,1/22/2016 12:00:00 AM,2468,2146,322
12/27/2015 12:00:00 AM,1/23/2016 12:00:00 AM,2468,2146,322
12/27/2015 12:00:00 AM,1/24/2016 12:00:00 AM,2468,2146,322
12/27/2015 12:00:00 AM,1/25/2016 12:00:00 AM,2455,2146,309
12/27/2015 12:00:00 AM,1/26/2016 12:00:00 AM,2346,2146,200
12/27/2015 12:00:00 AM,1/27/2016 12:00:00 AM,2346,2146,200
12/27/2015 12:00:00 AM,1/28/2016 12:00:00 AM,2346,2146,200
12/27/2015 12:00:00 AM,1/29/2016 12:00:00 AM,2346,2146,200
12/27/2015 12:00:00 AM,1/30/2016 12:00:00 AM,3035,2835,200
12/27/2015 12:00:00 AM,1/31/2016 12:00:00 AM,3053,2835,218
12/27/2015 12:00:00 AM,2/1/2016 12:00:00 AM,3342,2885,457
12/27/2015 12:00:00 AM,2/2/2016 12:00:00 AM,3346,2885,461
12/27/2015 12:00:00 AM,2/3/2016 12:00:00 AM,2046,1585,461
12/27/2015 12:00:00 AM,2/4/2016 12:00:00 AM,2045,1584,461
12/27/2015 12:00:00 AM,2/5/2016 12:00:00 AM,2214,1535,679
12/27/2015 12:00:00 AM,2/6/2016 12:00:00 AM,2505,1535,970
12/27/2015 12:00:00 AM,2/7/2016 12:00:00 AM,2505,1535,970
12/27/2015 12:00:00 AM,2/8/2016 12:00:00 AM,2605,1635,970
12/27/2015 12:00:00 AM,2/9/2016 12:00:00 AM,2604,1634,970
12/27/2015 12:00:00 AM,2/10/2016 12:00:00 AM,2599,1584,1015
12/27/2015 12:00:00 AM,2/11/2016 12:00:00 AM,2501,1535,966
12/27/2015 12:00:00 AM,2/12/2016 12:00:00 AM,2501,1535,966
12/27/2015 12:00:00 AM,2/13/2016 12:00:00 AM,2553,1535,1018
12/27/2015 12:00:00 AM,2/14/2016 12:00:00 AM,2566,1535,1031
12/27/2015 12:00:00 AM,2/15/2016 12:00:00 AM,4632,2723,1909
12/27/2015 12:00:00 AM,2/16/2016 12:00:00 AM,4357,2493,1864
12/27/2015 12:00:00 AM,2/17/2016 12:00:00 AM,4313,2467,1846
12/27/2015 12:00:00 AM,2/18/2016 12:00:00 AM,4313,2467,1846
12/27/2015 12:00:00 AM,2/19/2016 12:00:00 AM,4313,2467,1846
12/27/2015 12:00:00 AM,2/20/2016 12:00:00 AM,4951,3105,1846
12/27/2015 12:00:00 AM,2/21/2016 12:00:00 AM,4951,3105,1846
12/27/2015 12:00:00 AM,2/22/2016 12:00:00 AM,4938,3105,1833
12/27/2015 12:00:00 AM,2/23/2016 12:00:00 AM,4938,3105,1833
12/27/2015 12:00:00 AM,2/24/2016 12:00:00 AM,4938,3105,1833
12/27/2015 12:00:00 AM,2/25/2016 12:00:00 AM,4893,3105,1788
12/27/2015 12:00:00 AM,2/26/2016 12:00:00 AM,5532,3744,1788
12/27/2015 12:00:00 AM,2/27/2016 12:00:00 AM,5959,4208,1751
12/27/2015 12:00:00 AM,2/28/2016 12:00:00 AM,6218,4358,1860
12/27/2015 12:00:00 AM,2/29/2016 12:00:00 AM,6218,4358,1860
12/27/2015 12:00:00 AM,3/1/2016 12:00:00 AM,10110,4451,5659
12/27/2015 12:00:00 AM,3/2/2016 12:00:00 AM,10688,4969,5719
12/27/2015 12:00:00 AM,3/3/2016 12:00:00 AM,10688,4969,5719
12/27/2015 12:00:00 AM,3/4/2016 12:00:00 AM,10823,4969,5854
12/27/2015 12:00:00 AM,3/5/2016 12:00:00 AM,17052,7960,9092
12/27/2015 12:00:00 AM,3/6/2016 12:00:00 AM,18120,8110,10010
12/27/2015 12:00:00 AM,3/7/2016 12:00:00 AM,18064,7960,10104
12/27/2015 12:00:00 AM,3/8/2016 12:00:00 AM,18064,7960,10104
12/27/2015 12:00:00 AM,3/9/2016 12:00:00 AM,16735,6825,9910
12/27/2015 12:00:00 AM,3/10/2016 12:00:00 AM,16735,6825,9910
12/27/2015 12:00:00 AM,3/11/2016 12:00:00 AM,16052,7027,9025
12/27/2015 12:00:00 AM,3/12/2016 12:00:00 AM,18453,7171,11282
12/27/2015 12:00:00 AM,3/13/2016 12:00:00 AM,19756,7321,12435
12/27/2015 12:00:00 AM,3/14/2016 12:00:00 AM,19868,7171,12697
12/27/2015 12:00:00 AM,3/15/2016 12:00:00 AM,19960,7263,12697
12/27/2015 12:00:00 AM,3/16/2016 12:00:00 AM,19960,7263,12697
12/27/2015 12:00:00 AM,3/17/2016 12:00:00 AM,20029,7263,12766
12/27/2015 12:00:00 AM,3/18/2016 12:00:00 AM,20502,7863,12639
12/27/2015 12:00:00 AM,3/19/2016 12:00:00 AM,23271,9479,13792
12/27/2015 12:00:00 AM,3/20/2016 12:00:00 AM,24594,10498,14096
12/27/2015 12:00:00 AM,3/21/2016 12:00:00 AM,24575,9868,14707
12/27/2015 12:00:00 AM,3/22/2016 12:00:00 AM,23685,9068,14617
12/27/2015 12:00:00 AM,3/23/2016 12:00:00 AM,24936,10179,14757
12/27/2015 12:00:00 AM,3/24/2016 12:00:00 AM,24686,10069,14617
12/27/2015 12:00:00 AM,3/25/2016 12:00:00 AM,25083,10069,15014
12/27/2015 12:00:00 AM,3/26/2016 12:00:00 AM,29042,12944,16098
12/27/2015 12:00:00 AM,3/27/2016 12:00:00 AM,29269,13167,16102
12/26/2015 12:00:00 AM,12/27/2015 12:00:00 AM,4306,2781,1525
12/26/2015 12:00:00 AM,12/28/2015 12:00:00 AM,4920,2781,2139
12/26/2015 12:00:00 AM,12/29/2015 12:00:00 AM,4335,2196,2139
12/26/2015 12:00:00 AM,12/30/2015 12:00:00 AM,3549,2196,1353
12/26/2015 12:00:00 AM,12/31/2015 12:00:00 AM,3469,2116,1353
12/26/2015 12:00:00 AM,1/1/2016 12:00:00 AM,3469,2116,1353
12/26/2015 12:00:00 AM,1/2/2016 12:00:00 AM,2817,2066,751
12/26/2015 12:00:00 AM,1/3/2016 12:00:00 AM,2817,2066,751
12/26/2015 12:00:00 AM,1/4/2016 12:00:00 AM,2897,2146,751
12/26/2015 12:00:00 AM,1/5/2016 12:00:00 AM,2906,2146,760
12/26/2015 12:00:00 AM,1/6/2016 12:00:00 AM,2906,2146,760
12/26/2015 12:00:00 AM,1/7/2016 12:00:00 AM,2906,2146,760
12/26/2015 12:00:00 AM,1/8/2016 12:00:00 AM,2897,2146,751
12/26/2015 12:00:00 AM,1/9/2016 12:00:00 AM,2897,2146,751
12/26/2015 12:00:00 AM,1/10/2016 12:00:00 AM,2897,2146,751
12/26/2015 12:00:00 AM,1/11/2016 12:00:00 AM,2395,2146,249
12/26/2015 12:00:00 AM,1/12/2016 12:00:00 AM,2400,2146,254
12/26/2015 12:00:00 AM,1/13/2016 12:00:00 AM,2400,2146,254
12/26/2015 12:00:00 AM,1/14/2016 12:00:00 AM,2400,2146,254
12/26/2015 12:00:00 AM,1/15/2016 12:00:00 AM,2395,2146,249
12/26/2015 12:00:00 AM,1/16/2016 12:00:00 AM,2383,2146,237
12/26/2015 12:00:00 AM,1/17/2016 12:00:00 AM,2396,2146,250
12/26/2015 12:00:00 AM,1/18/2016 12:00:00 AM,2468,2146,322
12/26/2015 12:00:00 AM,1/19/2016 12:00:00 AM,2468,2146,322
12/26/2015 12:00:00 AM,1/20/2016 12:00:00 AM,2468,2146,322
12/26/2015 12:00:00 AM,1/21/2016 12:00:00 AM,2468,2146,322
12/26/2015 12:00:00 AM,1/22/2016 12:00:00 AM,2468,2146,322
12/26/2015 12:00:00 AM,1/23/2016 12:00:00 AM,2468,2146,322
12/26/2015 12:00:00 AM,1/24/2016 12:00:00 AM,2468,2146,322
12/26/2015 12:00:00 AM,1/25/2016 12:00:00 AM,2455,2146,309
12/26/2015 12:00:00 AM,1/26/2016 12:00:00 AM,2346,2146,200
12/26/2015 12:00:00 AM,1/27/2016 12:00:00 AM,2346,2146,200
12/26/2015 12:00:00 AM,1/28/2016 12:00:00 AM,2346,2146,200
12/26/2015 12:00:00 AM,1/29/2016 12:00:00 AM,2346,2146,200
12/26/2015 12:00:00 AM,1/30/2016 12:00:00 AM,3035,2835,200
12/26/2015 12:00:00 AM,1/31/2016 12:00:00 AM,3053,2835,218
12/26/2015 12:00:00 AM,2/1/2016 12:00:00 AM,3342,2885,457
12/26/2015 12:00:00 AM,2/2/2016 12:00:00 AM,3346,2885,461
12/26/2015 12:00:00 AM,2/3/2016 12:00:00 AM,2046,1585,461
12/26/2015 12:00:00 AM,2/4/2016 12:00:00 AM,2045,1584,461
12/26/2015 12:00:00 AM,2/5/2016 12:00:00 AM,2214,1535,679
12/26/2015 12:00:00 AM,2/6/2016 12:00:00 AM,2505,1535,970
12/26/2015 12:00:00 AM,2/7/2016 12:00:00 AM,2505,1535,970
12/26/2015 12:00:00 AM,2/8/2016 12:00:00 AM,2605,1635,970
12/26/2015 12:00:00 AM,2/9/2016 12:00:00 AM,2604,1634,970
12/26/2015 12:00:00 AM,2/10/2016 12:00:00 AM,2599,1584,1015
12/26/2015 12:00:00 AM,2/11/2016 12:00:00 AM,2501,1535,966
12/26/2015 12:00:00 AM,2/12/2016 12:00:00 AM,2501,1535,966
12/26/2015 12:00:00 AM,2/13/2016 12:00:00 AM,2553,1535,1018
12/26/2015 12:00:00 AM,2/14/2016 12:00:00 AM,2566,1535,1031
12/26/2015 12:00:00 AM,2/15/2016 12:00:00 AM,4632,2723,1909
12/26/2015 12:00:00 AM,2/16/2016 12:00:00 AM,4357,2493,1864
12/26/2015 12:00:00 AM,2/17/2016 12:00:00 AM,4313,2467,1846
12/26/2015 12:00:00 AM,2/18/2016 12:00:00 AM,4313,2467,1846
12/26/2015 12:00:00 AM,2/19/2016 12:00:00 AM,4313,2467,1846
12/26/2015 12:00:00 AM,2/20/2016 12:00:00 AM,4951,3105,1846
12/26/2015 12:00:00 AM,2/21/2016 12:00:00 AM,4951,3105,1846
12/26/2015 12:00:00 AM,2/22/2016 12:00:00 AM,4938,3105,1833
12/26/2015 12:00:00 AM,2/23/2016 12:00:00 AM,4938,3105,1833
12/26/2015 12:00:00 AM,2/24/2016 12:00:00 AM,4938,3105,1833
12/26/2015 12:00:00 AM,2/25/2016 12:00:00 AM,4893,3105,1788
12/26/2015 12:00:00 AM,2/26/2016 12:00:00 AM,5532,3744,1788
12/26/2015 12:00:00 AM,2/27/2016 12:00:00 AM,5959,4208,1751
12/26/2015 12:00:00 AM,2/28/2016 12:00:00 AM,6218,4358,1860
12/26/2015 12:00:00 AM,2/29/2016 12:00:00 AM,6218,4358,1860
12/26/2015 12:00:00 AM,3/1/2016 12:00:00 AM,10110,4451,5659
12/26/2015 12:00:00 AM,3/2/2016 12:00:00 AM,10688,4969,5719
12/26/2015 12:00:00 AM,3/3/2016 12:00:00 AM,10688,4969,5719
12/26/2015 12:00:00 AM,3/4/2016 12:00:00 AM,10823,4969,5854
12/26/2015 12:00:00 AM,3/5/2016 12:00:00 AM,17052,7960,9092
12/26/2015 12:00:00 AM,3/6/2016 12:00:00 AM,18120,8110,10010
12/26/2015 12:00:00 AM,3/7/2016 12:00:00 AM,18064,7960,10104
12/26/2015 12:00:00 AM,3/8/2016 12:00:00 AM,18064,7960,10104
12/26/2015 12:00:00 AM,3/9/2016 12:00:00 AM,16735,6825,9910
12/26/2015 12:00:00 AM,3/10/2016 12:00:00 AM,16735,6825,9910
12/26/2015 12:00:00 AM,3/11/2016 12:00:00 AM,16052,7027,9025
12/26/2015 12:00:00 AM,3/12/2016 12:00:00 AM,18453,7171,11282
12/26/2015 12:00:00 AM,3/13/2016 12:00:00 AM,19756,7321,12435
12/26/2015 12:00:00 AM,3/14/2016 12:00:00 AM,19868,7171,12697
12/26/2015 12:00:00 AM,3/15/2016 12:00:00 AM,19960,7263,12697
12/26/2015 12:00:00 AM,3/16/2016 12:00:00 AM,19960,7263,12697
12/26/2015 12:00:00 AM,3/17/2016 12:00:00 AM,20029,7263,12766
12/26/2015 12:00:00 AM,3/18/2016 12:00:00 AM,20502,7863,12639
12/26/2015 12:00:00 AM,3/19/2016 12:00:00 AM,23271,9479,13792
12/26/2015 12:00:00 AM,3/20/2016 12:00:00 AM,24594,10498,14096
12/26/2015 12:00:00 AM,3/21/2016 12:00:00 AM,24575,9868,14707
12/26/2015 12:00:00 AM,3/22/2016 12:00:00 AM,23685,9068,14617
12/26/2015 12:00:00 AM,3/23/2016 12:00:00 AM,24936,10179,14757
12/26/2015 12:00:00 AM,3/24/2016 12:00:00 AM,24686,10069,14617
12/26/2015 12:00:00 AM,3/25/2016 12:00:00 AM,25083,10069,15014
12/26/2015 12:00:00 AM,3/26/2016 12:00:00 AM,29042,12944,16098
12/25/2015 12:00:00 AM,12/26/2015 12:00:00 AM,4306,2781,1525
12/25/2015 12:00:00 AM,12/27/2015 12:00:00 AM,4306,2781,1525
12/25/2015 12:00:00 AM,12/28/2015 12:00:00 AM,4920,2781,2139
12/25/2015 12:00:00 AM,12/29/2015 12:00:00 AM,4335,2196,2139
12/25/2015 12:00:00 AM,12/30/2015 12:00:00 AM,3549,2196,1353
12/25/2015 12:00:00 AM,12/31/2015 12:00:00 AM,3469,2116,1353
12/25/2015 12:00:00 AM,1/1/2016 12:00:00 AM,3469,2116,1353
12/25/2015 12:00:00 AM,1/2/2016 12:00:00 AM,2817,2066,751
12/25/2015 12:00:00 AM,1/3/2016 12:00:00 AM,2817,2066,751
12/25/2015 12:00:00 AM,1/4/2016 12:00:00 AM,2897,2146,751
12/25/2015 12:00:00 AM,1/5/2016 12:00:00 AM,2906,2146,760
12/25/2015 12:00:00 AM,1/6/2016 12:00:00 AM,2906,2146,760
12/25/2015 12:00:00 AM,1/7/2016 12:00:00 AM,2906,2146,760
12/25/2015 12:00:00 AM,1/8/2016 12:00:00 AM,2897,2146,751
12/25/2015 12:00:00 AM,1/9/2016 12:00:00 AM,2897,2146,751
12/25/2015 12:00:00 AM,1/10/2016 12:00:00 AM,2897,2146,751
12/25/2015 12:00:00 AM,1/11/2016 12:00:00 AM,2395,2146,249
12/25/2015 12:00:00 AM,1/12/2016 12:00:00 AM,2400,2146,254
12/25/2015 12:00:00 AM,1/13/2016 12:00:00 AM,2400,2146,254
12/25/2015 12:00:00 AM,1/14/2016 12:00:00 AM,2400,2146,254
12/25/2015 12:00:00 AM,1/15/2016 12:00:00 AM,2395,2146,249
12/25/2015 12:00:00 AM,1/16/2016 12:00:00 AM,2383,2146,237
12/25/2015 12:00:00 AM,1/17/2016 12:00:00 AM,2396,2146,250
12/25/2015 12:00:00 AM,1/18/2016 12:00:00 AM,2468,2146,322
12/25/2015 12:00:00 AM,1/19/2016 12:00:00 AM,2468,2146,322
12/25/2015 12:00:00 AM,1/20/2016 12:00:00 AM,2468,2146,322
12/25/2015 12:00:00 AM,1/21/2016 12:00:00 AM,2468,2146,322
12/25/2015 12:00:00 AM,1/22/2016 12:00:00 AM,2468,2146,322
12/25/2015 12:00:00 AM,1/23/2016 12:00:00 AM,2468,2146,322
12/25/2015 12:00:00 AM,1/24/2016 12:00:00 AM,2468,2146,322
12/25/2015 12:00:00 AM,1/25/2016 12:00:00 AM,2455,2146,309
12/25/2015 12:00:00 AM,1/26/2016 12:00:00 AM,2346,2146,200
12/25/2015 12:00:00 AM,1/27/2016 12:00:00 AM,2346,2146,200
12/25/2015 12:00:00 AM,1/28/2016 12:00:00 AM,2346,2146,200
12/25/2015 12:00:00 AM,1/29/2016 12:00:00 AM,2346,2146,200
12/25/2015 12:00:00 AM,1/30/2016 12:00:00 AM,3035,2835,200
12/25/2015 12:00:00 AM,1/31/2016 12:00:00 AM,3053,2835,218
12/25/2015 12:00:00 AM,2/1/2016 12:00:00 AM,3342,2885,457
12/25/2015 12:00:00 AM,2/2/2016 12:00:00 AM,3346,2885,461
12/25/2015 12:00:00 AM,2/3/2016 12:00:00 AM,2046,1585,461
12/25/2015 12:00:00 AM,2/4/2016 12:00:00 AM,2045,1584,461
12/25/2015 12:00:00 AM,2/5/2016 12:00:00 AM,2214,1535,679
12/25/2015 12:00:00 AM,2/6/2016 12:00:00 AM,2505,1535,970
12/25/2015 12:00:00 AM,2/7/2016 12:00:00 AM,2505,1535,970
12/25/2015 12:00:00 AM,2/8/2016 12:00:00 AM,2605,1635,970
12/25/2015 12:00:00 AM,2/9/2016 12:00:00 AM,2604,1634,970
12/25/2015 12:00:00 AM,2/10/2016 12:00:00 AM,2599,1584,1015
12/25/2015 12:00:00 AM,2/11/2016 12:00:00 AM,2501,1535,966
12/25/2015 12:00:00 AM,2/12/2016 12:00:00 AM,2501,1535,966
12/25/2015 12:00:00 AM,2/13/2016 12:00:00 AM,2553,1535,1018
12/25/2015 12:00:00 AM,2/14/2016 12:00:00 AM,2566,1535,1031
12/25/2015 12:00:00 AM,2/15/2016 12:00:00 AM,4632,2723,1909
12/25/2015 12:00:00 AM,2/16/2016 12:00:00 AM,4357,2493,1864
12/25/2015 12:00:00 AM,2/17/2016 12:00:00 AM,4313,2467,1846
12/25/2015 12:00:00 AM,2/18/2016 12:00:00 AM,4313,2467,1846
12/25/2015 12:00:00 AM,2/19/2016 12:00:00 AM,4313,2467,1846
12/25/2015 12:00:00 AM,2/20/2016 12:00:00 AM,4951,3105,1846
12/25/2015 12:00:00 AM,2/21/2016 12:00:00 AM,4951,3105,1846
12/25/2015 12:00:00 AM,2/22/2016 12:00:00 AM,4938,3105,1833
12/25/2015 12:00:00 AM,2/23/2016 12:00:00 AM,4938,3105,1833
12/25/2015 12:00:00 AM,2/24/2016 12:00:00 AM,4938,3105,1833
12/25/2015 12:00:00 AM,2/25/2016 12:00:00 AM,4893,3105,1788
12/25/2015 12:00:00 AM,2/26/2016 12:00:00 AM,5532,3744,1788
12/25/2015 12:00:00 AM,2/27/2016 12:00:00 AM,5959,4208,1751
12/25/2015 12:00:00 AM,2/28/2016 12:00:00 AM,6218,4358,1860
12/25/2015 12:00:00 AM,2/29/2016 12:00:00 AM,6218,4358,1860
12/25/2015 12:00:00 AM,3/1/2016 12:00:00 AM,10110,4451,5659
12/25/2015 12:00:00 AM,3/2/2016 12:00:00 AM,10688,4969,5719
12/25/2015 12:00:00 AM,3/3/2016 12:00:00 AM,10688,4969,5719
12/25/2015 12:00:00 AM,3/4/2016 12:00:00 AM,10823,4969,5854
12/25/2015 12:00:00 AM,3/5/2016 12:00:00 AM,17052,7960,9092
12/25/2015 12:00:00 AM,3/6/2016 12:00:00 AM,18120,8110,10010
12/25/2015 12:00:00 AM,3/7/2016 12:00:00 AM,18064,7960,10104
12/25/2015 12:00:00 AM,3/8/2016 12:00:00 AM,18064,7960,10104
12/25/2015 12:00:00 AM,3/9/2016 12:00:00 AM,16735,6825,9910
12/25/2015 12:00:00 AM,3/10/2016 12:00:00 AM,16735,6825,9910
12/25/2015 12:00:00 AM,3/11/2016 12:00:00 AM,16052,7027,9025
12/25/2015 12:00:00 AM,3/12/2016 12:00:00 AM,18453,7171,11282
12/25/2015 12:00:00 AM,3/13/2016 12:00:00 AM,19756,7321,12435
12/25/2015 12:00:00 AM,3/14/2016 12:00:00 AM,19868,7171,12697
12/25/2015 12:00:00 AM,3/15/2016 12:00:00 AM,19960,7263,12697
12/25/2015 12:00:00 AM,3/16/2016 12:00:00 AM,19960,7263,12697
12/25/2015 12:00:00 AM,3/17/2016 12:00:00 AM,20029,7263,12766
12/25/2015 12:00:00 AM,3/18/2016 12:00:00 AM,20502,7863,12639
12/25/2015 12:00:00 AM,3/19/2016 12:00:00 AM,23271,9479,13792
12/25/2015 12:00:00 AM,3/20/2016 12:00:00 AM,24594,10498,14096
12/25/2015 12:00:00 AM,3/21/2016 12:00:00 AM,24575,9868,14707
12/25/2015 12:00:00 AM,3/22/2016 12:00:00 AM,23685,9068,14617
12/25/2015 12:00:00 AM,3/23/2016 12:00:00 AM,24936,10179,14757
12/25/2015 12:00:00 AM,3/24/2016 12:00:00 AM,24686,10069,14617
12/25/2015 12:00:00 AM,3/25/2016 12:00:00 AM,25083,10069,15014
12/24/2015 12:00:00 AM,12/25/2015 12:00:00 AM,4306,2781,1525
12/24/2015 12:00:00 AM,12/26/2015 12:00:00 AM,4306,2781,1525
12/24/2015 12:00:00 AM,12/27/2015 12:00:00 AM,4306,2781,1525
12/24/2015 12:00:00 AM,12/28/2015 12:00:00 AM,4920,2781,2139
12/24/2015 12:00:00 AM,12/29/2015 12:00:00 AM,4335,2196,2139
12/24/2015 12:00:00 AM,12/30/2015 12:00:00 AM,3549,2196,1353
12/24/2015 12:00:00 AM,12/31/2015 12:00:00 AM,3469,2116,1353
12/24/2015 12:00:00 AM,1/1/2016 12:00:00 AM,3469,2116,1353
12/24/2015 12:00:00 AM,1/2/2016 12:00:00 AM,2817,2066,751
12/24/2015 12:00:00 AM,1/3/2016 12:00:00 AM,2817,2066,751
12/24/2015 12:00:00 AM,1/4/2016 12:00:00 AM,2897,2146,751
12/24/2015 12:00:00 AM,1/5/2016 12:00:00 AM,2906,2146,760
12/24/2015 12:00:00 AM,1/6/2016 12:00:00 AM,2906,2146,760
12/24/2015 12:00:00 AM,1/7/2016 12:00:00 AM,2906,2146,760
12/24/2015 12:00:00 AM,1/8/2016 12:00:00 AM,2897,2146,751
12/24/2015 12:00:00 AM,1/9/2016 12:00:00 AM,2897,2146,751
12/24/2015 12:00:00 AM,1/10/2016 12:00:00 AM,2897,2146,751
12/24/2015 12:00:00 AM,1/11/2016 12:00:00 AM,2395,2146,249
12/24/2015 12:00:00 AM,1/12/2016 12:00:00 AM,2400,2146,254
12/24/2015 12:00:00 AM,1/13/2016 12:00:00 AM,2400,2146,254
12/24/2015 12:00:00 AM,1/14/2016 12:00:00 AM,2400,2146,254
12/24/2015 12:00:00 AM,1/15/2016 12:00:00 AM,2395,2146,249
12/24/2015 12:00:00 AM,1/16/2016 12:00:00 AM,2383,2146,237
12/24/2015 12:00:00 AM,1/17/2016 12:00:00 AM,2396,2146,250
12/24/2015 12:00:00 AM,1/18/2016 12:00:00 AM,2468,2146,322
12/24/2015 12:00:00 AM,1/19/2016 12:00:00 AM,2468,2146,322
12/24/2015 12:00:00 AM,1/20/2016 12:00:00 AM,2468,2146,322
12/24/2015 12:00:00 AM,1/21/2016 12:00:00 AM,2468,2146,322
12/24/2015 12:00:00 AM,1/22/2016 12:00:00 AM,2468,2146,322
12/24/2015 12:00:00 AM,1/23/2016 12:00:00 AM,2468,2146,322
12/24/2015 12:00:00 AM,1/24/2016 12:00:00 AM,2468,2146,322
12/24/2015 12:00:00 AM,1/25/2016 12:00:00 AM,2455,2146,309
12/24/2015 12:00:00 AM,1/26/2016 12:00:00 AM,2346,2146,200
12/24/2015 12:00:00 AM,1/27/2016 12:00:00 AM,2346,2146,200
12/24/2015 12:00:00 AM,1/28/2016 12:00:00 AM,2346,2146,200
12/24/2015 12:00:00 AM,1/29/2016 12:00:00 AM,2346,2146,200
12/24/2015 12:00:00 AM,1/30/2016 12:00:00 AM,3035,2835,200
12/24/2015 12:00:00 AM,1/31/2016 12:00:00 AM,3053,2835,218
12/24/2015 12:00:00 AM,2/1/2016 12:00:00 AM,3342,2885,457
12/24/2015 12:00:00 AM,2/2/2016 12:00:00 AM,3346,2885,461
12/24/2015 12:00:00 AM,2/3/2016 12:00:00 AM,2046,1585,461
12/24/2015 12:00:00 AM,2/4/2016 12:00:00 AM,2045,1584,461
12/24/2015 12:00:00 AM,2/5/2016 12:00:00 AM,2214,1535,679
12/24/2015 12:00:00 AM,2/6/2016 12:00:00 AM,2505,1535,970
12/24/2015 12:00:00 AM,2/7/2016 12:00:00 AM,2505,1535,970
12/24/2015 12:00:00 AM,2/8/2016 12:00:00 AM,2605,1635,970
12/24/2015 12:00:00 AM,2/9/2016 12:00:00 AM,2604,1634,970
12/24/2015 12:00:00 AM,2/10/2016 12:00:00 AM,2599,1584,1015
12/24/2015 12:00:00 AM,2/11/2016 12:00:00 AM,2501,1535,966
12/24/2015 12:00:00 AM,2/12/2016 12:00:00 AM,2501,1535,966
12/24/2015 12:00:00 AM,2/13/2016 12:00:00 AM,2553,1535,1018
12/24/2015 12:00:00 AM,2/14/2016 12:00:00 AM,2566,1535,1031
12/24/2015 12:00:00 AM,2/15/2016 12:00:00 AM,4632,2723,1909
12/24/2015 12:00:00 AM,2/16/2016 12:00:00 AM,4357,2493,1864
12/24/2015 12:00:00 AM,2/17/2016 12:00:00 AM,4313,2467,1846
12/24/2015 12:00:00 AM,2/18/2016 12:00:00 AM,4313,2467,1846
12/24/2015 12:00:00 AM,2/19/2016 12:00:00 AM,4313,2467,1846
12/24/2015 12:00:00 AM,2/20/2016 12:00:00 AM,4951,3105,1846
12/24/2015 12:00:00 AM,2/21/2016 12:00:00 AM,4951,3105,1846
12/24/2015 12:00:00 AM,2/22/2016 12:00:00 AM,4938,3105,1833
12/24/2015 12:00:00 AM,2/23/2016 12:00:00 AM,4938,3105,1833
12/24/2015 12:00:00 AM,2/24/2016 12:00:00 AM,4938,3105,1833
12/24/2015 12:00:00 AM,2/25/2016 12:00:00 AM,4893,3105,1788
12/24/2015 12:00:00 AM,2/26/2016 12:00:00 AM,5532,3744,1788
12/24/2015 12:00:00 AM,2/27/2016 12:00:00 AM,5959,4208,1751
12/24/2015 12:00:00 AM,2/28/2016 12:00:00 AM,6218,4358,1860
12/24/2015 12:00:00 AM,2/29/2016 12:00:00 AM,6218,4358,1860
12/24/2015 12:00:00 AM,3/1/2016 12:00:00 AM,10110,4451,5659
12/24/2015 12:00:00 AM,3/2/2016 12:00:00 AM,10688,4969,5719
12/24/2015 12:00:00 AM,3/3/2016 12:00:00 AM,10688,4969,5719
12/24/2015 12:00:00 AM,3/4/2016 12:00:00 AM,10823,4969,5854
12/24/2015 12:00:00 AM,3/5/2016 12:00:00 AM,17025,7960,9065
12/24/2015 12:00:00 AM,3/6/2016 12:00:00 AM,18093,8110,9983
12/24/2015 12:00:00 AM,3/7/2016 12:00:00 AM,18037,7960,10077
12/24/2015 12:00:00 AM,3/8/2016 12:00:00 AM,18037,7960,10077
12/24/2015 12:00:00 AM,3/9/2016 12:00:00 AM,16708,6825,9883
12/24/2015 12:00:00 AM,3/10/2016 12:00:00 AM,16708,6825,9883
12/24/2015 12:00:00 AM,3/11/2016 12:00:00 AM,16025,7027,8998
12/24/2015 12:00:00 AM,3/12/2016 12:00:00 AM,18426,7171,11255
12/24/2015 12:00:00 AM,3/13/2016 12:00:00 AM,19729,7321,12408
12/24/2015 12:00:00 AM,3/14/2016 12:00:00 AM,19841,7171,12670
12/24/2015 12:00:00 AM,3/15/2016 12:00:00 AM,19933,7263,12670
12/24/2015 12:00:00 AM,3/16/2016 12:00:00 AM,19933,7263,12670
12/24/2015 12:00:00 AM,3/17/2016 12:00:00 AM,20002,7263,12739
12/24/2015 12:00:00 AM,3/18/2016 12:00:00 AM,20475,7863,12612
12/24/2015 12:00:00 AM,3/19/2016 12:00:00 AM,23244,9479,13765
12/24/2015 12:00:00 AM,3/20/2016 12:00:00 AM,24567,10498,14069
12/24/2015 12:00:00 AM,3/21/2016 12:00:00 AM,24548,9868,14680
12/24/2015 12:00:00 AM,3/22/2016 12:00:00 AM,23658,9068,14590
12/24/2015 12:00:00 AM,3/23/2016 12:00:00 AM,24909,10179,14730
12/24/2015 12:00:00 AM,3/24/2016 12:00:00 AM,24659,10069,14590
12/23/2015 12:00:00 AM,12/24/2015 12:00:00 AM,4306,2781,1525
12/23/2015 12:00:00 AM,12/25/2015 12:00:00 AM,4306,2781,1525
12/23/2015 12:00:00 AM,12/26/2015 12:00:00 AM,4306,2781,1525
12/23/2015 12:00:00 AM,12/27/2015 12:00:00 AM,4226,2701,1525
12/23/2015 12:00:00 AM,12/28/2015 12:00:00 AM,4255,2116,2139
12/23/2015 12:00:00 AM,12/29/2015 12:00:00 AM,4255,2116,2139
12/23/2015 12:00:00 AM,12/30/2015 12:00:00 AM,3469,2116,1353
12/23/2015 12:00:00 AM,12/31/2015 12:00:00 AM,3469,2116,1353
12/23/2015 12:00:00 AM,1/1/2016 12:00:00 AM,3469,2116,1353
12/23/2015 12:00:00 AM,1/2/2016 12:00:00 AM,2817,2066,751
12/23/2015 12:00:00 AM,1/3/2016 12:00:00 AM,2817,2066,751
12/23/2015 12:00:00 AM,1/4/2016 12:00:00 AM,2897,2146,751
12/23/2015 12:00:00 AM,1/5/2016 12:00:00 AM,2906,2146,760
12/23/2015 12:00:00 AM,1/6/2016 12:00:00 AM,2906,2146,760
12/23/2015 12:00:00 AM,1/7/2016 12:00:00 AM,2906,2146,760
12/23/2015 12:00:00 AM,1/8/2016 12:00:00 AM,2897,2146,751
12/23/2015 12:00:00 AM,1/9/2016 12:00:00 AM,2897,2146,751
12/23/2015 12:00:00 AM,1/10/2016 12:00:00 AM,2897,2146,751
12/23/2015 12:00:00 AM,1/11/2016 12:00:00 AM,2395,2146,249
12/23/2015 12:00:00 AM,1/12/2016 12:00:00 AM,2400,2146,254
12/23/2015 12:00:00 AM,1/13/2016 12:00:00 AM,2400,2146,254
12/23/2015 12:00:00 AM,1/14/2016 12:00:00 AM,2400,2146,254
12/23/2015 12:00:00 AM,1/15/2016 12:00:00 AM,2395,2146,249
12/23/2015 12:00:00 AM,1/16/2016 12:00:00 AM,2383,2146,237
12/23/2015 12:00:00 AM,1/17/2016 12:00:00 AM,2396,2146,250
12/23/2015 12:00:00 AM,1/18/2016 12:00:00 AM,2468,2146,322
12/23/2015 12:00:00 AM,1/19/2016 12:00:00 AM,2468,2146,322
12/23/2015 12:00:00 AM,1/20/2016 12:00:00 AM,2468,2146,322
12/23/2015 12:00:00 AM,1/21/2016 12:00:00 AM,2468,2146,322
12/23/2015 12:00:00 AM,1/22/2016 12:00:00 AM,2468,2146,322
12/23/2015 12:00:00 AM,1/23/2016 12:00:00 AM,2468,2146,322
12/23/2015 12:00:00 AM,1/24/2016 12:00:00 AM,2468,2146,322
12/23/2015 12:00:00 AM,1/25/2016 12:00:00 AM,2455,2146,309
12/23/2015 12:00:00 AM,1/26/2016 12:00:00 AM,2346,2146,200
12/23/2015 12:00:00 AM,1/27/2016 12:00:00 AM,2346,2146,200
12/23/2015 12:00:00 AM,1/28/2016 12:00:00 AM,2346,2146,200
12/23/2015 12:00:00 AM,1/29/2016 12:00:00 AM,2346,2146,200
12/23/2015 12:00:00 AM,1/30/2016 12:00:00 AM,3035,2835,200
12/23/2015 12:00:00 AM,1/31/2016 12:00:00 AM,3053,2835,218
12/23/2015 12:00:00 AM,2/1/2016 12:00:00 AM,3292,2835,457
12/23/2015 12:00:00 AM,2/2/2016 12:00:00 AM,3296,2835,461
12/23/2015 12:00:00 AM,2/3/2016 12:00:00 AM,1996,1535,461
12/23/2015 12:00:00 AM,2/4/2016 12:00:00 AM,1996,1535,461
12/23/2015 12:00:00 AM,2/5/2016 12:00:00 AM,2214,1535,679
12/23/2015 12:00:00 AM,2/6/2016 12:00:00 AM,2505,1535,970
12/23/2015 12:00:00 AM,2/7/2016 12:00:00 AM,2505,1535,970
12/23/2015 12:00:00 AM,2/8/2016 12:00:00 AM,2505,1535,970
12/23/2015 12:00:00 AM,2/9/2016 12:00:00 AM,2505,1535,970
12/23/2015 12:00:00 AM,2/10/2016 12:00:00 AM,2550,1535,1015
12/23/2015 12:00:00 AM,2/11/2016 12:00:00 AM,2501,1535,966
12/23/2015 12:00:00 AM,2/12/2016 12:00:00 AM,2501,1535,966
12/23/2015 12:00:00 AM,2/13/2016 12:00:00 AM,2553,1535,1018
12/23/2015 12:00:00 AM,2/14/2016 12:00:00 AM,2566,1535,1031
12/23/2015 12:00:00 AM,2/15/2016 12:00:00 AM,4632,2723,1909
12/23/2015 12:00:00 AM,2/16/2016 12:00:00 AM,4357,2493,1864
12/23/2015 12:00:00 AM,2/17/2016 12:00:00 AM,4313,2467,1846
12/23/2015 12:00:00 AM,2/18/2016 12:00:00 AM,4313,2467,1846
12/23/2015 12:00:00 AM,2/19/2016 12:00:00 AM,4313,2467,1846
12/23/2015 12:00:00 AM,2/20/2016 12:00:00 AM,4951,3105,1846
12/23/2015 12:00:00 AM,2/21/2016 12:00:00 AM,4951,3105,1846
12/23/2015 12:00:00 AM,2/22/2016 12:00:00 AM,4938,3105,1833
12/23/2015 12:00:00 AM,2/23/2016 12:00:00 AM,4938,3105,1833
12/23/2015 12:00:00 AM,2/24/2016 12:00:00 AM,4938,3105,1833
12/23/2015 12:00:00 AM,2/25/2016 12:00:00 AM,4893,3105,1788
12/23/2015 12:00:00 AM,2/26/2016 12:00:00 AM,5532,3744,1788
12/23/2015 12:00:00 AM,2/27/2016 12:00:00 AM,5959,4208,1751
12/23/2015 12:00:00 AM,2/28/2016 12:00:00 AM,6218,4358,1860
12/23/2015 12:00:00 AM,2/29/2016 12:00:00 AM,6218,4358,1860
12/23/2015 12:00:00 AM,3/1/2016 12:00:00 AM,10110,4451,5659
12/23/2015 12:00:00 AM,3/2/2016 12:00:00 AM,10688,4969,5719
12/23/2015 12:00:00 AM,3/3/2016 12:00:00 AM,10688,4969,5719
12/23/2015 12:00:00 AM,3/4/2016 12:00:00 AM,10823,4969,5854
12/23/2015 12:00:00 AM,3/5/2016 12:00:00 AM,17025,7960,9065
12/23/2015 12:00:00 AM,3/6/2016 12:00:00 AM,18093,8110,9983
12/23/2015 12:00:00 AM,3/7/2016 12:00:00 AM,18037,7960,10077
12/23/2015 12:00:00 AM,3/8/2016 12:00:00 AM,18037,7960,10077
12/23/2015 12:00:00 AM,3/9/2016 12:00:00 AM,16708,6825,9883
12/23/2015 12:00:00 AM,3/10/2016 12:00:00 AM,16708,6825,9883
12/23/2015 12:00:00 AM,3/11/2016 12:00:00 AM,16025,7027,8998
12/23/2015 12:00:00 AM,3/12/2016 12:00:00 AM,18426,7171,11255
12/23/2015 12:00:00 AM,3/13/2016 12:00:00 AM,19729,7321,12408
12/23/2015 12:00:00 AM,3/14/2016 12:00:00 AM,19841,7171,12670
12/23/2015 12:00:00 AM,3/15/2016 12:00:00 AM,19933,7263,12670
12/23/2015 12:00:00 AM,3/16/2016 12:00:00 AM,19933,7263,12670
12/23/2015 12:00:00 AM,3/17/2016 12:00:00 AM,20002,7263,12739
12/23/2015 12:00:00 AM,3/18/2016 12:00:00 AM,20475,7863,12612
12/23/2015 12:00:00 AM,3/19/2016 12:00:00 AM,23244,9479,13765
12/23/2015 12:00:00 AM,3/20/2016 12:00:00 AM,24567,10498,14069
12/23/2015 12:00:00 AM,3/21/2016 12:00:00 AM,24548,9868,14680
12/23/2015 12:00:00 AM,3/22/2016 12:00:00 AM,23658,9068,14590
12/23/2015 12:00:00 AM,3/23/2016 12:00:00 AM,24909,10179,14730
12/22/2015 12:00:00 AM,12/23/2015 12:00:00 AM,4306,2781,1525
12/22/2015 12:00:00 AM,12/24/2015 12:00:00 AM,4306,2781,1525
12/22/2015 12:00:00 AM,12/25/2015 12:00:00 AM,4920,2781,2139
12/22/2015 12:00:00 AM,12/26/2015 12:00:00 AM,4920,2781,2139
12/22/2015 12:00:00 AM,12/27/2015 12:00:00 AM,4840,2701,2139
12/22/2015 12:00:00 AM,12/28/2015 12:00:00 AM,4255,2116,2139
12/22/2015 12:00:00 AM,12/29/2015 12:00:00 AM,4255,2116,2139
12/22/2015 12:00:00 AM,12/30/2015 12:00:00 AM,3469,2116,1353
12/22/2015 12:00:00 AM,12/31/2015 12:00:00 AM,3469,2116,1353
12/22/2015 12:00:00 AM,1/1/2016 12:00:00 AM,3469,2116,1353
12/22/2015 12:00:00 AM,1/2/2016 12:00:00 AM,2817,2066,751
12/22/2015 12:00:00 AM,1/3/2016 12:00:00 AM,2817,2066,751
12/22/2015 12:00:00 AM,1/4/2016 12:00:00 AM,2897,2146,751
12/22/2015 12:00:00 AM,1/5/2016 12:00:00 AM,2906,2146,760
12/22/2015 12:00:00 AM,1/6/2016 12:00:00 AM,2906,2146,760
12/22/2015 12:00:00 AM,1/7/2016 12:00:00 AM,2906,2146,760
12/22/2015 12:00:00 AM,1/8/2016 12:00:00 AM,2897,2146,751
12/22/2015 12:00:00 AM,1/9/2016 12:00:00 AM,2897,2146,751
12/22/2015 12:00:00 AM,1/10/2016 12:00:00 AM,2897,2146,751
12/22/2015 12:00:00 AM,1/11/2016 12:00:00 AM,2395,2146,249
12/22/2015 12:00:00 AM,1/12/2016 12:00:00 AM,2400,2146,254
12/22/2015 12:00:00 AM,1/13/2016 12:00:00 AM,2400,2146,254
12/22/2015 12:00:00 AM,1/14/2016 12:00:00 AM,2400,2146,254
12/22/2015 12:00:00 AM,1/15/2016 12:00:00 AM,2395,2146,249
12/22/2015 12:00:00 AM,1/16/2016 12:00:00 AM,2383,2146,237
12/22/2015 12:00:00 AM,1/17/2016 12:00:00 AM,2396,2146,250
12/22/2015 12:00:00 AM,1/18/2016 12:00:00 AM,2468,2146,322
12/22/2015 12:00:00 AM,1/19/2016 12:00:00 AM,2468,2146,322
12/22/2015 12:00:00 AM,1/20/2016 12:00:00 AM,2468,2146,322
12/22/2015 12:00:00 AM,1/21/2016 12:00:00 AM,2468,2146,322
12/22/2015 12:00:00 AM,1/22/2016 12:00:00 AM,2468,2146,322
12/22/2015 12:00:00 AM,1/23/2016 12:00:00 AM,2468,2146,322
12/22/2015 12:00:00 AM,1/24/2016 12:00:00 AM,2468,2146,322
12/22/2015 12:00:00 AM,1/25/2016 12:00:00 AM,2455,2146,309
12/22/2015 12:00:00 AM,1/26/2016 12:00:00 AM,2346,2146,200
12/22/2015 12:00:00 AM,1/27/2016 12:00:00 AM,2346,2146,200
12/22/2015 12:00:00 AM,1/28/2016 12:00:00 AM,2346,2146,200
12/22/2015 12:00:00 AM,1/29/2016 12:00:00 AM,2346,2146,200
12/22/2015 12:00:00 AM,1/30/2016 12:00:00 AM,3035,2835,200
12/22/2015 12:00:00 AM,1/31/2016 12:00:00 AM,3053,2835,218
12/22/2015 12:00:00 AM,2/1/2016 12:00:00 AM,3292,2835,457
12/22/2015 12:00:00 AM,2/2/2016 12:00:00 AM,3296,2835,461
12/22/2015 12:00:00 AM,2/3/2016 12:00:00 AM,1996,1535,461
12/22/2015 12:00:00 AM,2/4/2016 12:00:00 AM,1996,1535,461
12/22/2015 12:00:00 AM,2/5/2016 12:00:00 AM,2214,1535,679
12/22/2015 12:00:00 AM,2/6/2016 12:00:00 AM,2505,1535,970
12/22/2015 12:00:00 AM,2/7/2016 12:00:00 AM,2505,1535,970
12/22/2015 12:00:00 AM,2/8/2016 12:00:00 AM,2505,1535,970
12/22/2015 12:00:00 AM,2/9/2016 12:00:00 AM,2505,1535,970
12/22/2015 12:00:00 AM,2/10/2016 12:00:00 AM,2550,1535,1015
12/22/2015 12:00:00 AM,2/11/2016 12:00:00 AM,2501,1535,966
12/22/2015 12:00:00 AM,2/12/2016 12:00:00 AM,2501,1535,966
12/22/2015 12:00:00 AM,2/13/2016 12:00:00 AM,2553,1535,1018
12/22/2015 12:00:00 AM,2/14/2016 12:00:00 AM,2566,1535,1031
12/22/2015 12:00:00 AM,2/15/2016 12:00:00 AM,4632,2723,1909
12/22/2015 12:00:00 AM,2/16/2016 12:00:00 AM,4357,2493,1864
12/22/2015 12:00:00 AM,2/17/2016 12:00:00 AM,4313,2467,1846
12/22/2015 12:00:00 AM,2/18/2016 12:00:00 AM,4313,2467,1846
12/22/2015 12:00:00 AM,2/19/2016 12:00:00 AM,4313,2467,1846
12/22/2015 12:00:00 AM,2/20/2016 12:00:00 AM,4951,3105,1846
12/22/2015 12:00:00 AM,2/21/2016 12:00:00 AM,4951,3105,1846
12/22/2015 12:00:00 AM,2/22/2016 12:00:00 AM,4938,3105,1833
12/22/2015 12:00:00 AM,2/23/2016 12:00:00 AM,4938,3105,1833
12/22/2015 12:00:00 AM,2/24/2016 12:00:00 AM,4938,3105,1833
12/22/2015 12:00:00 AM,2/25/2016 12:00:00 AM,4893,3105,1788
12/22/2015 12:00:00 AM,2/26/2016 12:00:00 AM,5532,3744,1788
12/22/2015 12:00:00 AM,2/27/2016 12:00:00 AM,5959,4208,1751
12/22/2015 12:00:00 AM,2/28/2016 12:00:00 AM,6218,4358,1860
12/22/2015 12:00:00 AM,2/29/2016 12:00:00 AM,6218,4358,1860
12/22/2015 12:00:00 AM,3/1/2016 12:00:00 AM,10110,4451,5659
12/22/2015 12:00:00 AM,3/2/2016 12:00:00 AM,10688,4969,5719
12/22/2015 12:00:00 AM,3/3/2016 12:00:00 AM,10688,4969,5719
12/22/2015 12:00:00 AM,3/4/2016 12:00:00 AM,10823,4969,5854
12/22/2015 12:00:00 AM,3/5/2016 12:00:00 AM,17025,7960,9065
12/22/2015 12:00:00 AM,3/6/2016 12:00:00 AM,18093,8110,9983
12/22/2015 12:00:00 AM,3/7/2016 12:00:00 AM,18037,7960,10077
12/22/2015 12:00:00 AM,3/8/2016 12:00:00 AM,18037,7960,10077
12/22/2015 12:00:00 AM,3/9/2016 12:00:00 AM,16708,6825,9883
12/22/2015 12:00:00 AM,3/10/2016 12:00:00 AM,16708,6825,9883
12/22/2015 12:00:00 AM,3/11/2016 12:00:00 AM,16025,7027,8998
12/22/2015 12:00:00 AM,3/12/2016 12:00:00 AM,18426,7171,11255
12/22/2015 12:00:00 AM,3/13/2016 12:00:00 AM,19729,7321,12408
12/22/2015 12:00:00 AM,3/14/2016 12:00:00 AM,19841,7171,12670
12/22/2015 12:00:00 AM,3/15/2016 12:00:00 AM,19933,7263,12670
12/22/2015 12:00:00 AM,3/16/2016 12:00:00 AM,19933,7263,12670
12/22/2015 12:00:00 AM,3/17/2016 12:00:00 AM,20002,7263,12739
12/22/2015 12:00:00 AM,3/18/2016 12:00:00 AM,20475,7863,12612
12/22/2015 12:00:00 AM,3/19/2016 12:00:00 AM,23244,9479,13765
12/22/2015 12:00:00 AM,3/20/2016 12:00:00 AM,24567,10498,14069
12/22/2015 12:00:00 AM,3/21/2016 12:00:00 AM,24548,9868,14680
12/22/2015 12:00:00 AM,3/22/2016 12:00:00 AM,23658,9068,14590
12/21/2015 12:00:00 AM,12/22/2015 12:00:00 AM,4306,2781,1525
12/21/2015 12:00:00 AM,12/23/2015 12:00:00 AM,4306,2781,1525
12/21/2015 12:00:00 AM,12/24/2015 12:00:00 AM,4197,2781,1416
12/21/2015 12:00:00 AM,12/25/2015 12:00:00 AM,4811,2781,2030
12/21/2015 12:00:00 AM,12/26/2015 12:00:00 AM,4811,2781,2030
12/21/2015 12:00:00 AM,12/27/2015 12:00:00 AM,4731,2701,2030
12/21/2015 12:00:00 AM,12/28/2015 12:00:00 AM,4146,2116,2030
12/21/2015 12:00:00 AM,12/29/2015 12:00:00 AM,4146,2116,2030
12/21/2015 12:00:00 AM,12/30/2015 12:00:00 AM,3360,2116,1244
12/21/2015 12:00:00 AM,12/31/2015 12:00:00 AM,3360,2116,1244
12/21/2015 12:00:00 AM,1/1/2016 12:00:00 AM,3360,2116,1244
12/21/2015 12:00:00 AM,1/2/2016 12:00:00 AM,2708,2066,642
12/21/2015 12:00:00 AM,1/3/2016 12:00:00 AM,2708,2066,642
12/21/2015 12:00:00 AM,1/4/2016 12:00:00 AM,2788,2146,642
12/21/2015 12:00:00 AM,1/5/2016 12:00:00 AM,2797,2146,651
12/21/2015 12:00:00 AM,1/6/2016 12:00:00 AM,2797,2146,651
12/21/2015 12:00:00 AM,1/7/2016 12:00:00 AM,2797,2146,651
12/21/2015 12:00:00 AM,1/8/2016 12:00:00 AM,2788,2146,642
12/21/2015 12:00:00 AM,1/9/2016 12:00:00 AM,2788,2146,642
12/21/2015 12:00:00 AM,1/10/2016 12:00:00 AM,2788,2146,642
12/21/2015 12:00:00 AM,1/11/2016 12:00:00 AM,2286,2146,140
12/21/2015 12:00:00 AM,1/12/2016 12:00:00 AM,2291,2146,145
12/21/2015 12:00:00 AM,1/13/2016 12:00:00 AM,2291,2146,145
12/21/2015 12:00:00 AM,1/14/2016 12:00:00 AM,2291,2146,145
12/21/2015 12:00:00 AM,1/15/2016 12:00:00 AM,2286,2146,140
12/21/2015 12:00:00 AM,1/16/2016 12:00:00 AM,2274,2146,128
12/21/2015 12:00:00 AM,1/17/2016 12:00:00 AM,2287,2146,141
12/21/2015 12:00:00 AM,1/18/2016 12:00:00 AM,2359,2146,213
12/21/2015 12:00:00 AM,1/19/2016 12:00:00 AM,2359,2146,213
12/21/2015 12:00:00 AM,1/20/2016 12:00:00 AM,2359,2146,213
12/21/2015 12:00:00 AM,1/21/2016 12:00:00 AM,2359,2146,213
12/21/2015 12:00:00 AM,1/22/2016 12:00:00 AM,2359,2146,213
12/21/2015 12:00:00 AM,1/23/2016 12:00:00 AM,2359,2146,213
12/21/2015 12:00:00 AM,1/24/2016 12:00:00 AM,2359,2146,213
12/21/2015 12:00:00 AM,1/25/2016 12:00:00 AM,2346,2146,200
12/21/2015 12:00:00 AM,1/26/2016 12:00:00 AM,2346,2146,200
12/21/2015 12:00:00 AM,1/27/2016 12:00:00 AM,2346,2146,200
12/21/2015 12:00:00 AM,1/28/2016 12:00:00 AM,2346,2146,200
12/21/2015 12:00:00 AM,1/29/2016 12:00:00 AM,2346,2146,200
12/21/2015 12:00:00 AM,1/30/2016 12:00:00 AM,3035,2835,200
12/21/2015 12:00:00 AM,1/31/2016 12:00:00 AM,3004,2835,169
12/21/2015 12:00:00 AM,2/1/2016 12:00:00 AM,3243,2835,408
12/21/2015 12:00:00 AM,2/2/2016 12:00:00 AM,3247,2835,412
12/21/2015 12:00:00 AM,2/3/2016 12:00:00 AM,1947,1535,412
12/21/2015 12:00:00 AM,2/4/2016 12:00:00 AM,1947,1535,412
12/21/2015 12:00:00 AM,2/5/2016 12:00:00 AM,2165,1535,630
12/21/2015 12:00:00 AM,2/6/2016 12:00:00 AM,2456,1535,921
12/21/2015 12:00:00 AM,2/7/2016 12:00:00 AM,2456,1535,921
12/21/2015 12:00:00 AM,2/8/2016 12:00:00 AM,2456,1535,921
12/21/2015 12:00:00 AM,2/9/2016 12:00:00 AM,2456,1535,921
12/21/2015 12:00:00 AM,2/10/2016 12:00:00 AM,2501,1535,966
12/21/2015 12:00:00 AM,2/11/2016 12:00:00 AM,2501,1535,966
12/21/2015 12:00:00 AM,2/12/2016 12:00:00 AM,2501,1535,966
12/21/2015 12:00:00 AM,2/13/2016 12:00:00 AM,2553,1535,1018
12/21/2015 12:00:00 AM,2/14/2016 12:00:00 AM,2566,1535,1031
12/21/2015 12:00:00 AM,2/15/2016 12:00:00 AM,4632,2723,1909
12/21/2015 12:00:00 AM,2/16/2016 12:00:00 AM,4357,2493,1864
12/21/2015 12:00:00 AM,2/17/2016 12:00:00 AM,4313,2467,1846
12/21/2015 12:00:00 AM,2/18/2016 12:00:00 AM,4313,2467,1846
12/21/2015 12:00:00 AM,2/19/2016 12:00:00 AM,4313,2467,1846
12/21/2015 12:00:00 AM,2/20/2016 12:00:00 AM,4951,3105,1846
12/21/2015 12:00:00 AM,2/21/2016 12:00:00 AM,4951,3105,1846
12/21/2015 12:00:00 AM,2/22/2016 12:00:00 AM,4938,3105,1833
12/21/2015 12:00:00 AM,2/23/2016 12:00:00 AM,4938,3105,1833
12/21/2015 12:00:00 AM,2/24/2016 12:00:00 AM,4938,3105,1833
12/21/2015 12:00:00 AM,2/25/2016 12:00:00 AM,4893,3105,1788
12/21/2015 12:00:00 AM,2/26/2016 12:00:00 AM,5532,3744,1788
12/21/2015 12:00:00 AM,2/27/2016 12:00:00 AM,5959,4208,1751
12/21/2015 12:00:00 AM,2/28/2016 12:00:00 AM,6272,4358,1914
12/21/2015 12:00:00 AM,2/29/2016 12:00:00 AM,6272,4358,1914
12/21/2015 12:00:00 AM,3/1/2016 12:00:00 AM,9446,4451,4995
12/21/2015 12:00:00 AM,3/2/2016 12:00:00 AM,10024,4969,5055
12/21/2015 12:00:00 AM,3/3/2016 12:00:00 AM,10024,4969,5055
12/21/2015 12:00:00 AM,3/4/2016 12:00:00 AM,10159,4969,5190
12/21/2015 12:00:00 AM,3/5/2016 12:00:00 AM,16307,7960,8347
12/21/2015 12:00:00 AM,3/6/2016 12:00:00 AM,17375,8110,9265
12/21/2015 12:00:00 AM,3/7/2016 12:00:00 AM,17319,7960,9359
12/21/2015 12:00:00 AM,3/8/2016 12:00:00 AM,17319,7960,9359
12/21/2015 12:00:00 AM,3/9/2016 12:00:00 AM,15990,6825,9165
12/21/2015 12:00:00 AM,3/10/2016 12:00:00 AM,15990,6825,9165
12/21/2015 12:00:00 AM,3/11/2016 12:00:00 AM,15307,7027,8280
12/21/2015 12:00:00 AM,3/12/2016 12:00:00 AM,17708,7171,10537
12/21/2015 12:00:00 AM,3/13/2016 12:00:00 AM,19011,7321,11690
12/21/2015 12:00:00 AM,3/14/2016 12:00:00 AM,19123,7171,11952
12/21/2015 12:00:00 AM,3/15/2016 12:00:00 AM,19215,7263,11952
12/21/2015 12:00:00 AM,3/16/2016 12:00:00 AM,19215,7263,11952
12/21/2015 12:00:00 AM,3/17/2016 12:00:00 AM,19284,7263,12021
12/21/2015 12:00:00 AM,3/18/2016 12:00:00 AM,19757,7863,11894
12/21/2015 12:00:00 AM,3/19/2016 12:00:00 AM,22322,9479,12843
12/21/2015 12:00:00 AM,3/20/2016 12:00:00 AM,23645,10498,13147
12/21/2015 12:00:00 AM,3/21/2016 12:00:00 AM,23626,9868,13758
12/20/2015 12:00:00 AM,12/21/2015 12:00:00 AM,5106,3581,1525
12/20/2015 12:00:00 AM,12/22/2015 12:00:00 AM,4306,2781,1525
12/20/2015 12:00:00 AM,12/23/2015 12:00:00 AM,4306,2781,1525
12/20/2015 12:00:00 AM,12/24/2015 12:00:00 AM,4197,2781,1416
12/20/2015 12:00:00 AM,12/25/2015 12:00:00 AM,4811,2781,2030
12/20/2015 12:00:00 AM,12/26/2015 12:00:00 AM,4811,2781,2030
12/20/2015 12:00:00 AM,12/27/2015 12:00:00 AM,4731,2701,2030
12/20/2015 12:00:00 AM,12/28/2015 12:00:00 AM,4146,2116,2030
12/20/2015 12:00:00 AM,12/29/2015 12:00:00 AM,4146,2116,2030
12/20/2015 12:00:00 AM,12/30/2015 12:00:00 AM,3360,2116,1244
12/20/2015 12:00:00 AM,12/31/2015 12:00:00 AM,3360,2116,1244
12/20/2015 12:00:00 AM,1/1/2016 12:00:00 AM,3360,2116,1244
12/20/2015 12:00:00 AM,1/2/2016 12:00:00 AM,2708,2066,642
12/20/2015 12:00:00 AM,1/3/2016 12:00:00 AM,2708,2066,642
12/20/2015 12:00:00 AM,1/4/2016 12:00:00 AM,2788,2146,642
12/20/2015 12:00:00 AM,1/5/2016 12:00:00 AM,2797,2146,651
12/20/2015 12:00:00 AM,1/6/2016 12:00:00 AM,2797,2146,651
12/20/2015 12:00:00 AM,1/7/2016 12:00:00 AM,2797,2146,651
12/20/2015 12:00:00 AM,1/8/2016 12:00:00 AM,2788,2146,642
12/20/2015 12:00:00 AM,1/9/2016 12:00:00 AM,2788,2146,642
12/20/2015 12:00:00 AM,1/10/2016 12:00:00 AM,2788,2146,642
12/20/2015 12:00:00 AM,1/11/2016 12:00:00 AM,2286,2146,140
12/20/2015 12:00:00 AM,1/12/2016 12:00:00 AM,2291,2146,145
12/20/2015 12:00:00 AM,1/13/2016 12:00:00 AM,2291,2146,145
12/20/2015 12:00:00 AM,1/14/2016 12:00:00 AM,2291,2146,145
12/20/2015 12:00:00 AM,1/15/2016 12:00:00 AM,2286,2146,140
12/20/2015 12:00:00 AM,1/16/2016 12:00:00 AM,2274,2146,128
12/20/2015 12:00:00 AM,1/17/2016 12:00:00 AM,2287,2146,141
12/20/2015 12:00:00 AM,1/18/2016 12:00:00 AM,2359,2146,213
12/20/2015 12:00:00 AM,1/19/2016 12:00:00 AM,2359,2146,213
12/20/2015 12:00:00 AM,1/20/2016 12:00:00 AM,2359,2146,213
12/20/2015 12:00:00 AM,1/21/2016 12:00:00 AM,2359,2146,213
12/20/2015 12:00:00 AM,1/22/2016 12:00:00 AM,2359,2146,213
12/20/2015 12:00:00 AM,1/23/2016 12:00:00 AM,2359,2146,213
12/20/2015 12:00:00 AM,1/24/2016 12:00:00 AM,2359,2146,213
12/20/2015 12:00:00 AM,1/25/2016 12:00:00 AM,2346,2146,200
12/20/2015 12:00:00 AM,1/26/2016 12:00:00 AM,2346,2146,200
12/20/2015 12:00:00 AM,1/27/2016 12:00:00 AM,2346,2146,200
12/20/2015 12:00:00 AM,1/28/2016 12:00:00 AM,2346,2146,200
12/20/2015 12:00:00 AM,1/29/2016 12:00:00 AM,2346,2146,200
12/20/2015 12:00:00 AM,1/30/2016 12:00:00 AM,3035,2835,200
12/20/2015 12:00:00 AM,1/31/2016 12:00:00 AM,3004,2835,169
12/20/2015 12:00:00 AM,2/1/2016 12:00:00 AM,3243,2835,408
12/20/2015 12:00:00 AM,2/2/2016 12:00:00 AM,3247,2835,412
12/20/2015 12:00:00 AM,2/3/2016 12:00:00 AM,1947,1535,412
12/20/2015 12:00:00 AM,2/4/2016 12:00:00 AM,1947,1535,412
12/20/2015 12:00:00 AM,2/5/2016 12:00:00 AM,2165,1535,630
12/20/2015 12:00:00 AM,2/6/2016 12:00:00 AM,2456,1535,921
12/20/2015 12:00:00 AM,2/7/2016 12:00:00 AM,2456,1535,921
12/20/2015 12:00:00 AM,2/8/2016 12:00:00 AM,2456,1535,921
12/20/2015 12:00:00 AM,2/9/2016 12:00:00 AM,2456,1535,921
12/20/2015 12:00:00 AM,2/10/2016 12:00:00 AM,2501,1535,966
12/20/2015 12:00:00 AM,2/11/2016 12:00:00 AM,2501,1535,966
12/20/2015 12:00:00 AM,2/12/2016 12:00:00 AM,2501,1535,966
12/20/2015 12:00:00 AM,2/13/2016 12:00:00 AM,2553,1535,1018
12/20/2015 12:00:00 AM,2/14/2016 12:00:00 AM,2566,1535,1031
12/20/2015 12:00:00 AM,2/15/2016 12:00:00 AM,4632,2723,1909
12/20/2015 12:00:00 AM,2/16/2016 12:00:00 AM,4357,2493,1864
12/20/2015 12:00:00 AM,2/17/2016 12:00:00 AM,4313,2467,1846
12/20/2015 12:00:00 AM,2/18/2016 12:00:00 AM,4313,2467,1846
12/20/2015 12:00:00 AM,2/19/2016 12:00:00 AM,4313,2467,1846
12/20/2015 12:00:00 AM,2/20/2016 12:00:00 AM,4951,3105,1846
12/20/2015 12:00:00 AM,2/21/2016 12:00:00 AM,4951,3105,1846
12/20/2015 12:00:00 AM,2/22/2016 12:00:00 AM,4938,3105,1833
12/20/2015 12:00:00 AM,2/23/2016 12:00:00 AM,4938,3105,1833
12/20/2015 12:00:00 AM,2/24/2016 12:00:00 AM,4938,3105,1833
12/20/2015 12:00:00 AM,2/25/2016 12:00:00 AM,4893,3105,1788
12/20/2015 12:00:00 AM,2/26/2016 12:00:00 AM,5532,3744,1788
12/20/2015 12:00:00 AM,2/27/2016 12:00:00 AM,5959,4208,1751
12/20/2015 12:00:00 AM,2/28/2016 12:00:00 AM,6272,4358,1914
12/20/2015 12:00:00 AM,2/29/2016 12:00:00 AM,6272,4358,1914
12/20/2015 12:00:00 AM,3/1/2016 12:00:00 AM,9446,4451,4995
12/20/2015 12:00:00 AM,3/2/2016 12:00:00 AM,10024,4969,5055
12/20/2015 12:00:00 AM,3/3/2016 12:00:00 AM,10024,4969,5055
12/20/2015 12:00:00 AM,3/4/2016 12:00:00 AM,10159,4969,5190
12/20/2015 12:00:00 AM,3/5/2016 12:00:00 AM,16307,7960,8347
12/20/2015 12:00:00 AM,3/6/2016 12:00:00 AM,17375,8110,9265
12/20/2015 12:00:00 AM,3/7/2016 12:00:00 AM,17319,7960,9359
12/20/2015 12:00:00 AM,3/8/2016 12:00:00 AM,17319,7960,9359
12/20/2015 12:00:00 AM,3/9/2016 12:00:00 AM,15990,6825,9165
12/20/2015 12:00:00 AM,3/10/2016 12:00:00 AM,15990,6825,9165
12/20/2015 12:00:00 AM,3/11/2016 12:00:00 AM,15307,7027,8280
12/20/2015 12:00:00 AM,3/12/2016 12:00:00 AM,17708,7171,10537
12/20/2015 12:00:00 AM,3/13/2016 12:00:00 AM,19011,7321,11690
12/20/2015 12:00:00 AM,3/14/2016 12:00:00 AM,19123,7171,11952
12/20/2015 12:00:00 AM,3/15/2016 12:00:00 AM,19215,7263,11952
12/20/2015 12:00:00 AM,3/16/2016 12:00:00 AM,19215,7263,11952
12/20/2015 12:00:00 AM,3/17/2016 12:00:00 AM,19284,7263,12021
12/20/2015 12:00:00 AM,3/18/2016 12:00:00 AM,19757,7863,11894
12/20/2015 12:00:00 AM,3/19/2016 12:00:00 AM,22322,9479,12843
12/20/2015 12:00:00 AM,3/20/2016 12:00:00 AM,23645,10498,13147
12/19/2015 12:00:00 AM,12/20/2015 12:00:00 AM,4521,2996,1525
12/19/2015 12:00:00 AM,12/21/2015 12:00:00 AM,5106,3581,1525
12/19/2015 12:00:00 AM,12/22/2015 12:00:00 AM,4306,2781,1525
12/19/2015 12:00:00 AM,12/23/2015 12:00:00 AM,4306,2781,1525
12/19/2015 12:00:00 AM,12/24/2015 12:00:00 AM,4197,2781,1416
12/19/2015 12:00:00 AM,12/25/2015 12:00:00 AM,4811,2781,2030
12/19/2015 12:00:00 AM,12/26/2015 12:00:00 AM,4811,2781,2030
12/19/2015 12:00:00 AM,12/27/2015 12:00:00 AM,4731,2701,2030
12/19/2015 12:00:00 AM,12/28/2015 12:00:00 AM,4146,2116,2030
12/19/2015 12:00:00 AM,12/29/2015 12:00:00 AM,4146,2116,2030
12/19/2015 12:00:00 AM,12/30/2015 12:00:00 AM,3360,2116,1244
12/19/2015 12:00:00 AM,12/31/2015 12:00:00 AM,3360,2116,1244
12/19/2015 12:00:00 AM,1/1/2016 12:00:00 AM,3360,2116,1244
12/19/2015 12:00:00 AM,1/2/2016 12:00:00 AM,2708,2066,642
12/19/2015 12:00:00 AM,1/3/2016 12:00:00 AM,2708,2066,642
12/19/2015 12:00:00 AM,1/4/2016 12:00:00 AM,2788,2146,642
12/19/2015 12:00:00 AM,1/5/2016 12:00:00 AM,2797,2146,651
12/19/2015 12:00:00 AM,1/6/2016 12:00:00 AM,2797,2146,651
12/19/2015 12:00:00 AM,1/7/2016 12:00:00 AM,2797,2146,651
12/19/2015 12:00:00 AM,1/8/2016 12:00:00 AM,2788,2146,642
12/19/2015 12:00:00 AM,1/9/2016 12:00:00 AM,2788,2146,642
12/19/2015 12:00:00 AM,1/10/2016 12:00:00 AM,2788,2146,642
12/19/2015 12:00:00 AM,1/11/2016 12:00:00 AM,2286,2146,140
12/19/2015 12:00:00 AM,1/12/2016 12:00:00 AM,2291,2146,145
12/19/2015 12:00:00 AM,1/13/2016 12:00:00 AM,2291,2146,145
12/19/2015 12:00:00 AM,1/14/2016 12:00:00 AM,2291,2146,145
12/19/2015 12:00:00 AM,1/15/2016 12:00:00 AM,2286,2146,140
12/19/2015 12:00:00 AM,1/16/2016 12:00:00 AM,2274,2146,128
12/19/2015 12:00:00 AM,1/17/2016 12:00:00 AM,2287,2146,141
12/19/2015 12:00:00 AM,1/18/2016 12:00:00 AM,2359,2146,213
12/19/2015 12:00:00 AM,1/19/2016 12:00:00 AM,2359,2146,213
12/19/2015 12:00:00 AM,1/20/2016 12:00:00 AM,2359,2146,213
12/19/2015 12:00:00 AM,1/21/2016 12:00:00 AM,2359,2146,213
12/19/2015 12:00:00 AM,1/22/2016 12:00:00 AM,2359,2146,213
12/19/2015 12:00:00 AM,1/23/2016 12:00:00 AM,2359,2146,213
12/19/2015 12:00:00 AM,1/24/2016 12:00:00 AM,2359,2146,213
12/19/2015 12:00:00 AM,1/25/2016 12:00:00 AM,2346,2146,200
12/19/2015 12:00:00 AM,1/26/2016 12:00:00 AM,2346,2146,200
12/19/2015 12:00:00 AM,1/27/2016 12:00:00 AM,2346,2146,200
12/19/2015 12:00:00 AM,1/28/2016 12:00:00 AM,2346,2146,200
12/19/2015 12:00:00 AM,1/29/2016 12:00:00 AM,2346,2146,200
12/19/2015 12:00:00 AM,1/30/2016 12:00:00 AM,3035,2835,200
12/19/2015 12:00:00 AM,1/31/2016 12:00:00 AM,3004,2835,169
12/19/2015 12:00:00 AM,2/1/2016 12:00:00 AM,3243,2835,408
12/19/2015 12:00:00 AM,2/2/2016 12:00:00 AM,3247,2835,412
12/19/2015 12:00:00 AM,2/3/2016 12:00:00 AM,1947,1535,412
12/19/2015 12:00:00 AM,2/4/2016 12:00:00 AM,1947,1535,412
12/19/2015 12:00:00 AM,2/5/2016 12:00:00 AM,2165,1535,630
12/19/2015 12:00:00 AM,2/6/2016 12:00:00 AM,2456,1535,921
12/19/2015 12:00:00 AM,2/7/2016 12:00:00 AM,2456,1535,921
12/19/2015 12:00:00 AM,2/8/2016 12:00:00 AM,2456,1535,921
12/19/2015 12:00:00 AM,2/9/2016 12:00:00 AM,2456,1535,921
12/19/2015 12:00:00 AM,2/10/2016 12:00:00 AM,2501,1535,966
12/19/2015 12:00:00 AM,2/11/2016 12:00:00 AM,2501,1535,966
12/19/2015 12:00:00 AM,2/12/2016 12:00:00 AM,2501,1535,966
12/19/2015 12:00:00 AM,2/13/2016 12:00:00 AM,2553,1535,1018
12/19/2015 12:00:00 AM,2/14/2016 12:00:00 AM,2566,1535,1031
12/19/2015 12:00:00 AM,2/15/2016 12:00:00 AM,4632,2723,1909
12/19/2015 12:00:00 AM,2/16/2016 12:00:00 AM,4357,2493,1864
12/19/2015 12:00:00 AM,2/17/2016 12:00:00 AM,4313,2467,1846
12/19/2015 12:00:00 AM,2/18/2016 12:00:00 AM,4313,2467,1846
12/19/2015 12:00:00 AM,2/19/2016 12:00:00 AM,4313,2467,1846
12/19/2015 12:00:00 AM,2/20/2016 12:00:00 AM,4951,3105,1846
12/19/2015 12:00:00 AM,2/21/2016 12:00:00 AM,4951,3105,1846
12/19/2015 12:00:00 AM,2/22/2016 12:00:00 AM,4938,3105,1833
12/19/2015 12:00:00 AM,2/23/2016 12:00:00 AM,4938,3105,1833
12/19/2015 12:00:00 AM,2/24/2016 12:00:00 AM,4938,3105,1833
12/19/2015 12:00:00 AM,2/25/2016 12:00:00 AM,4893,3105,1788
12/19/2015 12:00:00 AM,2/26/2016 12:00:00 AM,5532,3744,1788
12/19/2015 12:00:00 AM,2/27/2016 12:00:00 AM,5959,4208,1751
12/19/2015 12:00:00 AM,2/28/2016 12:00:00 AM,6272,4358,1914
12/19/2015 12:00:00 AM,2/29/2016 12:00:00 AM,6272,4358,1914
12/19/2015 12:00:00 AM,3/1/2016 12:00:00 AM,9446,4451,4995
12/19/2015 12:00:00 AM,3/2/2016 12:00:00 AM,10024,4969,5055
12/19/2015 12:00:00 AM,3/3/2016 12:00:00 AM,10024,4969,5055
12/19/2015 12:00:00 AM,3/4/2016 12:00:00 AM,10159,4969,5190
12/19/2015 12:00:00 AM,3/5/2016 12:00:00 AM,16307,7960,8347
12/19/2015 12:00:00 AM,3/6/2016 12:00:00 AM,17375,8110,9265
12/19/2015 12:00:00 AM,3/7/2016 12:00:00 AM,17319,7960,9359
12/19/2015 12:00:00 AM,3/8/2016 12:00:00 AM,17319,7960,9359
12/19/2015 12:00:00 AM,3/9/2016 12:00:00 AM,15990,6825,9165
12/19/2015 12:00:00 AM,3/10/2016 12:00:00 AM,15990,6825,9165
12/19/2015 12:00:00 AM,3/11/2016 12:00:00 AM,15307,7027,8280
12/19/2015 12:00:00 AM,3/12/2016 12:00:00 AM,17708,7171,10537
12/19/2015 12:00:00 AM,3/13/2016 12:00:00 AM,19011,7321,11690
12/19/2015 12:00:00 AM,3/14/2016 12:00:00 AM,19123,7171,11952
12/19/2015 12:00:00 AM,3/15/2016 12:00:00 AM,19215,7263,11952
12/19/2015 12:00:00 AM,3/16/2016 12:00:00 AM,19215,7263,11952
12/19/2015 12:00:00 AM,3/17/2016 12:00:00 AM,19284,7263,12021
12/19/2015 12:00:00 AM,3/18/2016 12:00:00 AM,19757,7863,11894
12/19/2015 12:00:00 AM,3/19/2016 12:00:00 AM,22322,9479,12843
12/18/2015 12:00:00 AM,12/19/2015 12:00:00 AM,4694,3011,1683
12/18/2015 12:00:00 AM,12/20/2015 12:00:00 AM,4679,2996,1683
12/18/2015 12:00:00 AM,12/21/2015 12:00:00 AM,5264,3581,1683
12/18/2015 12:00:00 AM,12/22/2015 12:00:00 AM,4384,2701,1683
12/18/2015 12:00:00 AM,12/23/2015 12:00:00 AM,4384,2701,1683
12/18/2015 12:00:00 AM,12/24/2015 12:00:00 AM,4275,2701,1574
12/18/2015 12:00:00 AM,12/25/2015 12:00:00 AM,4889,2701,2188
12/18/2015 12:00:00 AM,12/26/2015 12:00:00 AM,4889,2701,2188
12/18/2015 12:00:00 AM,12/27/2015 12:00:00 AM,4889,2701,2188
12/18/2015 12:00:00 AM,12/28/2015 12:00:00 AM,4304,2116,2188
12/18/2015 12:00:00 AM,12/29/2015 12:00:00 AM,4146,2116,2030
12/18/2015 12:00:00 AM,12/30/2015 12:00:00 AM,3360,2116,1244
12/18/2015 12:00:00 AM,12/31/2015 12:00:00 AM,3360,2116,1244
12/18/2015 12:00:00 AM,1/1/2016 12:00:00 AM,3360,2116,1244
12/18/2015 12:00:00 AM,1/2/2016 12:00:00 AM,2708,2066,642
12/18/2015 12:00:00 AM,1/3/2016 12:00:00 AM,2708,2066,642
12/18/2015 12:00:00 AM,1/4/2016 12:00:00 AM,2788,2146,642
12/18/2015 12:00:00 AM,1/5/2016 12:00:00 AM,2797,2146,651
12/18/2015 12:00:00 AM,1/6/2016 12:00:00 AM,2797,2146,651
12/18/2015 12:00:00 AM,1/7/2016 12:00:00 AM,2797,2146,651
12/18/2015 12:00:00 AM,1/8/2016 12:00:00 AM,2788,2146,642
12/18/2015 12:00:00 AM,1/9/2016 12:00:00 AM,2788,2146,642
12/18/2015 12:00:00 AM,1/10/2016 12:00:00 AM,2788,2146,642
12/18/2015 12:00:00 AM,1/11/2016 12:00:00 AM,2286,2146,140
12/18/2015 12:00:00 AM,1/12/2016 12:00:00 AM,2291,2146,145
12/18/2015 12:00:00 AM,1/13/2016 12:00:00 AM,2291,2146,145
12/18/2015 12:00:00 AM,1/14/2016 12:00:00 AM,2291,2146,145
12/18/2015 12:00:00 AM,1/15/2016 12:00:00 AM,2286,2146,140
12/18/2015 12:00:00 AM,1/16/2016 12:00:00 AM,2274,2146,128
12/18/2015 12:00:00 AM,1/17/2016 12:00:00 AM,2287,2146,141
12/18/2015 12:00:00 AM,1/18/2016 12:00:00 AM,2359,2146,213
12/18/2015 12:00:00 AM,1/19/2016 12:00:00 AM,2359,2146,213
12/18/2015 12:00:00 AM,1/20/2016 12:00:00 AM,2359,2146,213
12/18/2015 12:00:00 AM,1/21/2016 12:00:00 AM,2359,2146,213
12/18/2015 12:00:00 AM,1/22/2016 12:00:00 AM,2359,2146,213
12/18/2015 12:00:00 AM,1/23/2016 12:00:00 AM,2359,2146,213
12/18/2015 12:00:00 AM,1/24/2016 12:00:00 AM,2359,2146,213
12/18/2015 12:00:00 AM,1/25/2016 12:00:00 AM,2346,2146,200
12/18/2015 12:00:00 AM,1/26/2016 12:00:00 AM,2346,2146,200
12/18/2015 12:00:00 AM,1/27/2016 12:00:00 AM,2346,2146,200
12/18/2015 12:00:00 AM,1/28/2016 12:00:00 AM,2346,2146,200
12/18/2015 12:00:00 AM,1/29/2016 12:00:00 AM,2346,2146,200
12/18/2015 12:00:00 AM,1/30/2016 12:00:00 AM,3035,2835,200
12/18/2015 12:00:00 AM,1/31/2016 12:00:00 AM,3004,2835,169
12/18/2015 12:00:00 AM,2/1/2016 12:00:00 AM,3243,2835,408
12/18/2015 12:00:00 AM,2/2/2016 12:00:00 AM,3247,2835,412
12/18/2015 12:00:00 AM,2/3/2016 12:00:00 AM,1947,1535,412
12/18/2015 12:00:00 AM,2/4/2016 12:00:00 AM,1947,1535,412
12/18/2015 12:00:00 AM,2/5/2016 12:00:00 AM,2165,1535,630
12/18/2015 12:00:00 AM,2/6/2016 12:00:00 AM,2456,1535,921
12/18/2015 12:00:00 AM,2/7/2016 12:00:00 AM,2456,1535,921
12/18/2015 12:00:00 AM,2/8/2016 12:00:00 AM,2456,1535,921
12/18/2015 12:00:00 AM,2/9/2016 12:00:00 AM,2456,1535,921
12/18/2015 12:00:00 AM,2/10/2016 12:00:00 AM,2501,1535,966
12/18/2015 12:00:00 AM,2/11/2016 12:00:00 AM,2501,1535,966
12/18/2015 12:00:00 AM,2/12/2016 12:00:00 AM,2501,1535,966
12/18/2015 12:00:00 AM,2/13/2016 12:00:00 AM,2553,1535,1018
12/18/2015 12:00:00 AM,2/14/2016 12:00:00 AM,2566,1535,1031
12/18/2015 12:00:00 AM,2/15/2016 12:00:00 AM,4632,2723,1909
12/18/2015 12:00:00 AM,2/16/2016 12:00:00 AM,4357,2493,1864
12/18/2015 12:00:00 AM,2/17/2016 12:00:00 AM,4313,2467,1846
12/18/2015 12:00:00 AM,2/18/2016 12:00:00 AM,4313,2467,1846
12/18/2015 12:00:00 AM,2/19/2016 12:00:00 AM,4313,2467,1846
12/18/2015 12:00:00 AM,2/20/2016 12:00:00 AM,4951,3105,1846
12/18/2015 12:00:00 AM,2/21/2016 12:00:00 AM,4951,3105,1846
12/18/2015 12:00:00 AM,2/22/2016 12:00:00 AM,4938,3105,1833
12/18/2015 12:00:00 AM,2/23/2016 12:00:00 AM,4938,3105,1833
12/18/2015 12:00:00 AM,2/24/2016 12:00:00 AM,4938,3105,1833
12/18/2015 12:00:00 AM,2/25/2016 12:00:00 AM,4893,3105,1788
12/18/2015 12:00:00 AM,2/26/2016 12:00:00 AM,5532,3744,1788
12/18/2015 12:00:00 AM,2/27/2016 12:00:00 AM,5959,4208,1751
12/18/2015 12:00:00 AM,2/28/2016 12:00:00 AM,6792,4358,2434
12/18/2015 12:00:00 AM,2/29/2016 12:00:00 AM,6792,4358,2434
12/18/2015 12:00:00 AM,3/1/2016 12:00:00 AM,8660,4451,4209
12/18/2015 12:00:00 AM,3/2/2016 12:00:00 AM,9238,4969,4269
12/18/2015 12:00:00 AM,3/3/2016 12:00:00 AM,9238,4969,4269
12/18/2015 12:00:00 AM,3/4/2016 12:00:00 AM,9373,4969,4404
12/18/2015 12:00:00 AM,3/5/2016 12:00:00 AM,15627,7960,7667
12/18/2015 12:00:00 AM,3/6/2016 12:00:00 AM,16695,8110,8585
12/18/2015 12:00:00 AM,3/7/2016 12:00:00 AM,16639,7960,8679
12/18/2015 12:00:00 AM,3/8/2016 12:00:00 AM,16639,7960,8679
12/18/2015 12:00:00 AM,3/9/2016 12:00:00 AM,15310,6825,8485
12/18/2015 12:00:00 AM,3/10/2016 12:00:00 AM,15310,6825,8485
12/18/2015 12:00:00 AM,3/11/2016 12:00:00 AM,14627,7027,7600
12/18/2015 12:00:00 AM,3/12/2016 12:00:00 AM,16473,7171,9302
12/18/2015 12:00:00 AM,3/13/2016 12:00:00 AM,17776,7321,10455
12/18/2015 12:00:00 AM,3/14/2016 12:00:00 AM,17888,7171,10717
12/18/2015 12:00:00 AM,3/15/2016 12:00:00 AM,17980,7263,10717
12/18/2015 12:00:00 AM,3/16/2016 12:00:00 AM,17980,7263,10717
12/18/2015 12:00:00 AM,3/17/2016 12:00:00 AM,18049,7263,10786
12/18/2015 12:00:00 AM,3/18/2016 12:00:00 AM,18959,7863,11096
12/17/2015 12:00:00 AM,12/18/2015 12:00:00 AM,4759,3011,1748
12/17/2015 12:00:00 AM,12/19/2015 12:00:00 AM,4759,3011,1748
12/17/2015 12:00:00 AM,12/20/2015 12:00:00 AM,4744,2996,1748
12/17/2015 12:00:00 AM,12/21/2015 12:00:00 AM,5329,3581,1748
12/17/2015 12:00:00 AM,12/22/2015 12:00:00 AM,4449,2701,1748
12/17/2015 12:00:00 AM,12/23/2015 12:00:00 AM,4449,2701,1748
12/17/2015 12:00:00 AM,12/24/2015 12:00:00 AM,4340,2701,1639
12/17/2015 12:00:00 AM,12/25/2015 12:00:00 AM,4889,2701,2188
12/17/2015 12:00:00 AM,12/26/2015 12:00:00 AM,4889,2701,2188
12/17/2015 12:00:00 AM,12/27/2015 12:00:00 AM,4889,2701,2188
12/17/2015 12:00:00 AM,12/28/2015 12:00:00 AM,4304,2116,2188
12/17/2015 12:00:00 AM,12/29/2015 12:00:00 AM,4146,2116,2030
12/17/2015 12:00:00 AM,12/30/2015 12:00:00 AM,3360,2116,1244
12/17/2015 12:00:00 AM,12/31/2015 12:00:00 AM,3360,2116,1244
12/17/2015 12:00:00 AM,1/1/2016 12:00:00 AM,3360,2116,1244
12/17/2015 12:00:00 AM,1/2/2016 12:00:00 AM,2708,2066,642
12/17/2015 12:00:00 AM,1/3/2016 12:00:00 AM,2708,2066,642
12/17/2015 12:00:00 AM,1/4/2016 12:00:00 AM,2788,2146,642
12/17/2015 12:00:00 AM,1/5/2016 12:00:00 AM,2797,2146,651
12/17/2015 12:00:00 AM,1/6/2016 12:00:00 AM,2797,2146,651
12/17/2015 12:00:00 AM,1/7/2016 12:00:00 AM,2797,2146,651
12/17/2015 12:00:00 AM,1/8/2016 12:00:00 AM,2788,2146,642
12/17/2015 12:00:00 AM,1/9/2016 12:00:00 AM,2788,2146,642
12/17/2015 12:00:00 AM,1/10/2016 12:00:00 AM,2788,2146,642
12/17/2015 12:00:00 AM,1/11/2016 12:00:00 AM,2286,2146,140
12/17/2015 12:00:00 AM,1/12/2016 12:00:00 AM,2291,2146,145
12/17/2015 12:00:00 AM,1/13/2016 12:00:00 AM,2291,2146,145
12/17/2015 12:00:00 AM,1/14/2016 12:00:00 AM,2291,2146,145
12/17/2015 12:00:00 AM,1/15/2016 12:00:00 AM,2286,2146,140
12/17/2015 12:00:00 AM,1/16/2016 12:00:00 AM,2274,2146,128
12/17/2015 12:00:00 AM,1/17/2016 12:00:00 AM,2287,2146,141
12/17/2015 12:00:00 AM,1/18/2016 12:00:00 AM,2359,2146,213
12/17/2015 12:00:00 AM,1/19/2016 12:00:00 AM,2359,2146,213
12/17/2015 12:00:00 AM,1/20/2016 12:00:00 AM,2359,2146,213
12/17/2015 12:00:00 AM,1/21/2016 12:00:00 AM,2359,2146,213
12/17/2015 12:00:00 AM,1/22/2016 12:00:00 AM,2359,2146,213
12/17/2015 12:00:00 AM,1/23/2016 12:00:00 AM,2359,2146,213
12/17/2015 12:00:00 AM,1/24/2016 12:00:00 AM,2359,2146,213
12/17/2015 12:00:00 AM,1/25/2016 12:00:00 AM,2346,2146,200
12/17/2015 12:00:00 AM,1/26/2016 12:00:00 AM,2346,2146,200
12/17/2015 12:00:00 AM,1/27/2016 12:00:00 AM,2346,2146,200
12/17/2015 12:00:00 AM,1/28/2016 12:00:00 AM,2346,2146,200
12/17/2015 12:00:00 AM,1/29/2016 12:00:00 AM,2346,2146,200
12/17/2015 12:00:00 AM,1/30/2016 12:00:00 AM,3035,2835,200
12/17/2015 12:00:00 AM,1/31/2016 12:00:00 AM,3004,2835,169
12/17/2015 12:00:00 AM,2/1/2016 12:00:00 AM,3243,2835,408
12/17/2015 12:00:00 AM,2/2/2016 12:00:00 AM,3247,2835,412
12/17/2015 12:00:00 AM,2/3/2016 12:00:00 AM,1947,1535,412
12/17/2015 12:00:00 AM,2/4/2016 12:00:00 AM,1947,1535,412
12/17/2015 12:00:00 AM,2/5/2016 12:00:00 AM,2165,1535,630
12/17/2015 12:00:00 AM,2/6/2016 12:00:00 AM,2456,1535,921
12/17/2015 12:00:00 AM,2/7/2016 12:00:00 AM,2456,1535,921
12/17/2015 12:00:00 AM,2/8/2016 12:00:00 AM,2456,1535,921
12/17/2015 12:00:00 AM,2/9/2016 12:00:00 AM,2456,1535,921
12/17/2015 12:00:00 AM,2/10/2016 12:00:00 AM,2501,1535,966
12/17/2015 12:00:00 AM,2/11/2016 12:00:00 AM,2501,1535,966
12/17/2015 12:00:00 AM,2/12/2016 12:00:00 AM,2501,1535,966
12/17/2015 12:00:00 AM,2/13/2016 12:00:00 AM,2553,1535,1018
12/17/2015 12:00:00 AM,2/14/2016 12:00:00 AM,2566,1535,1031
12/17/2015 12:00:00 AM,2/15/2016 12:00:00 AM,4632,2723,1909
12/17/2015 12:00:00 AM,2/16/2016 12:00:00 AM,4357,2493,1864
12/17/2015 12:00:00 AM,2/17/2016 12:00:00 AM,4313,2467,1846
12/17/2015 12:00:00 AM,2/18/2016 12:00:00 AM,4313,2467,1846
12/17/2015 12:00:00 AM,2/19/2016 12:00:00 AM,4313,2467,1846
12/17/2015 12:00:00 AM,2/20/2016 12:00:00 AM,4951,3105,1846
12/17/2015 12:00:00 AM,2/21/2016 12:00:00 AM,4951,3105,1846
12/17/2015 12:00:00 AM,2/22/2016 12:00:00 AM,4938,3105,1833
12/17/2015 12:00:00 AM,2/23/2016 12:00:00 AM,4938,3105,1833
12/17/2015 12:00:00 AM,2/24/2016 12:00:00 AM,4938,3105,1833
12/17/2015 12:00:00 AM,2/25/2016 12:00:00 AM,4893,3105,1788
12/17/2015 12:00:00 AM,2/26/2016 12:00:00 AM,5532,3744,1788
12/17/2015 12:00:00 AM,2/27/2016 12:00:00 AM,5959,4208,1751
12/17/2015 12:00:00 AM,2/28/2016 12:00:00 AM,6792,4358,2434
12/17/2015 12:00:00 AM,2/29/2016 12:00:00 AM,6792,4358,2434
12/17/2015 12:00:00 AM,3/1/2016 12:00:00 AM,8660,4451,4209
12/17/2015 12:00:00 AM,3/2/2016 12:00:00 AM,9238,4969,4269
12/17/2015 12:00:00 AM,3/3/2016 12:00:00 AM,9238,4969,4269
12/17/2015 12:00:00 AM,3/4/2016 12:00:00 AM,9373,4969,4404
12/17/2015 12:00:00 AM,3/5/2016 12:00:00 AM,15627,7960,7667
12/17/2015 12:00:00 AM,3/6/2016 12:00:00 AM,16695,8110,8585
12/17/2015 12:00:00 AM,3/7/2016 12:00:00 AM,16639,7960,8679
12/17/2015 12:00:00 AM,3/8/2016 12:00:00 AM,16639,7960,8679
12/17/2015 12:00:00 AM,3/9/2016 12:00:00 AM,15310,6825,8485
12/17/2015 12:00:00 AM,3/10/2016 12:00:00 AM,15310,6825,8485
12/17/2015 12:00:00 AM,3/11/2016 12:00:00 AM,14627,7027,7600
12/17/2015 12:00:00 AM,3/12/2016 12:00:00 AM,16364,7171,9193
12/17/2015 12:00:00 AM,3/13/2016 12:00:00 AM,17667,7321,10346
12/17/2015 12:00:00 AM,3/14/2016 12:00:00 AM,17779,7171,10608
12/17/2015 12:00:00 AM,3/15/2016 12:00:00 AM,17871,7263,10608
12/17/2015 12:00:00 AM,3/16/2016 12:00:00 AM,17871,7263,10608
12/17/2015 12:00:00 AM,3/17/2016 12:00:00 AM,17940,7263,10677
12/16/2015 12:00:00 AM,12/17/2015 12:00:00 AM,4916,3168,1748
12/16/2015 12:00:00 AM,12/18/2015 12:00:00 AM,4759,3011,1748
12/16/2015 12:00:00 AM,12/19/2015 12:00:00 AM,4759,3011,1748
12/16/2015 12:00:00 AM,12/20/2015 12:00:00 AM,4635,2996,1639
12/16/2015 12:00:00 AM,12/21/2015 12:00:00 AM,5220,3581,1639
12/16/2015 12:00:00 AM,12/22/2015 12:00:00 AM,4340,2701,1639
12/16/2015 12:00:00 AM,12/23/2015 12:00:00 AM,4340,2701,1639
12/16/2015 12:00:00 AM,12/24/2015 12:00:00 AM,4340,2701,1639
12/16/2015 12:00:00 AM,12/25/2015 12:00:00 AM,4889,2701,2188
12/16/2015 12:00:00 AM,12/26/2015 12:00:00 AM,4889,2701,2188
12/16/2015 12:00:00 AM,12/27/2015 12:00:00 AM,4889,2701,2188
12/16/2015 12:00:00 AM,12/28/2015 12:00:00 AM,4304,2116,2188
12/16/2015 12:00:00 AM,12/29/2015 12:00:00 AM,4146,2116,2030
12/16/2015 12:00:00 AM,12/30/2015 12:00:00 AM,3360,2116,1244
12/16/2015 12:00:00 AM,12/31/2015 12:00:00 AM,3360,2116,1244
12/16/2015 12:00:00 AM,1/1/2016 12:00:00 AM,3360,2116,1244
12/16/2015 12:00:00 AM,1/2/2016 12:00:00 AM,2708,2066,642
12/16/2015 12:00:00 AM,1/3/2016 12:00:00 AM,2708,2066,642
12/16/2015 12:00:00 AM,1/4/2016 12:00:00 AM,2788,2146,642
12/16/2015 12:00:00 AM,1/5/2016 12:00:00 AM,2797,2146,651
12/16/2015 12:00:00 AM,1/6/2016 12:00:00 AM,2797,2146,651
12/16/2015 12:00:00 AM,1/7/2016 12:00:00 AM,2797,2146,651
12/16/2015 12:00:00 AM,1/8/2016 12:00:00 AM,2788,2146,642
12/16/2015 12:00:00 AM,1/9/2016 12:00:00 AM,2788,2146,642
12/16/2015 12:00:00 AM,1/10/2016 12:00:00 AM,2788,2146,642
12/16/2015 12:00:00 AM,1/11/2016 12:00:00 AM,2286,2146,140
12/16/2015 12:00:00 AM,1/12/2016 12:00:00 AM,2291,2146,145
12/16/2015 12:00:00 AM,1/13/2016 12:00:00 AM,2291,2146,145
12/16/2015 12:00:00 AM,1/14/2016 12:00:00 AM,2291,2146,145
12/16/2015 12:00:00 AM,1/15/2016 12:00:00 AM,2286,2146,140
12/16/2015 12:00:00 AM,1/16/2016 12:00:00 AM,2274,2146,128
12/16/2015 12:00:00 AM,1/17/2016 12:00:00 AM,2287,2146,141
12/16/2015 12:00:00 AM,1/18/2016 12:00:00 AM,2359,2146,213
12/16/2015 12:00:00 AM,1/19/2016 12:00:00 AM,2359,2146,213
12/16/2015 12:00:00 AM,1/20/2016 12:00:00 AM,2359,2146,213
12/16/2015 12:00:00 AM,1/21/2016 12:00:00 AM,2359,2146,213
12/16/2015 12:00:00 AM,1/22/2016 12:00:00 AM,2359,2146,213
12/16/2015 12:00:00 AM,1/23/2016 12:00:00 AM,2359,2146,213
12/16/2015 12:00:00 AM,1/24/2016 12:00:00 AM,2359,2146,213
12/16/2015 12:00:00 AM,1/25/2016 12:00:00 AM,2346,2146,200
12/16/2015 12:00:00 AM,1/26/2016 12:00:00 AM,2346,2146,200
12/16/2015 12:00:00 AM,1/27/2016 12:00:00 AM,2346,2146,200
12/16/2015 12:00:00 AM,1/28/2016 12:00:00 AM,2346,2146,200
12/16/2015 12:00:00 AM,1/29/2016 12:00:00 AM,2346,2146,200
12/16/2015 12:00:00 AM,1/30/2016 12:00:00 AM,3035,2835,200
12/16/2015 12:00:00 AM,1/31/2016 12:00:00 AM,3004,2835,169
12/16/2015 12:00:00 AM,2/1/2016 12:00:00 AM,3243,2835,408
12/16/2015 12:00:00 AM,2/2/2016 12:00:00 AM,3247,2835,412
12/16/2015 12:00:00 AM,2/3/2016 12:00:00 AM,1947,1535,412
12/16/2015 12:00:00 AM,2/4/2016 12:00:00 AM,1947,1535,412
12/16/2015 12:00:00 AM,2/5/2016 12:00:00 AM,2165,1535,630
12/16/2015 12:00:00 AM,2/6/2016 12:00:00 AM,2456,1535,921
12/16/2015 12:00:00 AM,2/7/2016 12:00:00 AM,2456,1535,921
12/16/2015 12:00:00 AM,2/8/2016 12:00:00 AM,2456,1535,921
12/16/2015 12:00:00 AM,2/9/2016 12:00:00 AM,2456,1535,921
12/16/2015 12:00:00 AM,2/10/2016 12:00:00 AM,2501,1535,966
12/16/2015 12:00:00 AM,2/11/2016 12:00:00 AM,2501,1535,966
12/16/2015 12:00:00 AM,2/12/2016 12:00:00 AM,2501,1535,966
12/16/2015 12:00:00 AM,2/13/2016 12:00:00 AM,2553,1535,1018
12/16/2015 12:00:00 AM,2/14/2016 12:00:00 AM,2566,1535,1031
12/16/2015 12:00:00 AM,2/15/2016 12:00:00 AM,4632,2723,1909
12/16/2015 12:00:00 AM,2/16/2016 12:00:00 AM,4357,2493,1864
12/16/2015 12:00:00 AM,2/17/2016 12:00:00 AM,4313,2467,1846
12/16/2015 12:00:00 AM,2/18/2016 12:00:00 AM,4313,2467,1846
12/16/2015 12:00:00 AM,2/19/2016 12:00:00 AM,4313,2467,1846
12/16/2015 12:00:00 AM,2/20/2016 12:00:00 AM,4951,3105,1846
12/16/2015 12:00:00 AM,2/21/2016 12:00:00 AM,4951,3105,1846
12/16/2015 12:00:00 AM,2/22/2016 12:00:00 AM,4938,3105,1833
12/16/2015 12:00:00 AM,2/23/2016 12:00:00 AM,4938,3105,1833
12/16/2015 12:00:00 AM,2/24/2016 12:00:00 AM,4938,3105,1833
12/16/2015 12:00:00 AM,2/25/2016 12:00:00 AM,4893,3105,1788
12/16/2015 12:00:00 AM,2/26/2016 12:00:00 AM,5532,3744,1788
12/16/2015 12:00:00 AM,2/27/2016 12:00:00 AM,5959,4208,1751
12/16/2015 12:00:00 AM,2/28/2016 12:00:00 AM,6792,4358,2434
12/16/2015 12:00:00 AM,2/29/2016 12:00:00 AM,6792,4358,2434
12/16/2015 12:00:00 AM,3/1/2016 12:00:00 AM,8660,4451,4209
12/16/2015 12:00:00 AM,3/2/2016 12:00:00 AM,9238,4969,4269
12/16/2015 12:00:00 AM,3/3/2016 12:00:00 AM,9238,4969,4269
12/16/2015 12:00:00 AM,3/4/2016 12:00:00 AM,9373,4969,4404
12/16/2015 12:00:00 AM,3/5/2016 12:00:00 AM,15627,7960,7667
12/16/2015 12:00:00 AM,3/6/2016 12:00:00 AM,16695,8110,8585
12/16/2015 12:00:00 AM,3/7/2016 12:00:00 AM,16639,7960,8679
12/16/2015 12:00:00 AM,3/8/2016 12:00:00 AM,16639,7960,8679
12/16/2015 12:00:00 AM,3/9/2016 12:00:00 AM,15310,6825,8485
12/16/2015 12:00:00 AM,3/10/2016 12:00:00 AM,15310,6825,8485
12/16/2015 12:00:00 AM,3/11/2016 12:00:00 AM,14627,7027,7600
12/16/2015 12:00:00 AM,3/12/2016 12:00:00 AM,16364,7171,9193
12/16/2015 12:00:00 AM,3/13/2016 12:00:00 AM,17667,7321,10346
12/16/2015 12:00:00 AM,3/14/2016 12:00:00 AM,17779,7171,10608
12/16/2015 12:00:00 AM,3/15/2016 12:00:00 AM,17871,7263,10608
12/16/2015 12:00:00 AM,3/16/2016 12:00:00 AM,17871,7263,10608
12/15/2015 12:00:00 AM,12/16/2015 12:00:00 AM,5452,3769,1683
12/15/2015 12:00:00 AM,12/17/2015 12:00:00 AM,4916,3168,1748
12/15/2015 12:00:00 AM,12/18/2015 12:00:00 AM,4759,3011,1748
12/15/2015 12:00:00 AM,12/19/2015 12:00:00 AM,5344,3596,1748
12/15/2015 12:00:00 AM,12/20/2015 12:00:00 AM,5220,3581,1639
12/15/2015 12:00:00 AM,12/21/2015 12:00:00 AM,5220,3581,1639
12/15/2015 12:00:00 AM,12/22/2015 12:00:00 AM,4340,2701,1639
12/15/2015 12:00:00 AM,12/23/2015 12:00:00 AM,4340,2701,1639
12/15/2015 12:00:00 AM,12/24/2015 12:00:00 AM,4340,2701,1639
12/15/2015 12:00:00 AM,12/25/2015 12:00:00 AM,4889,2701,2188
12/15/2015 12:00:00 AM,12/26/2015 12:00:00 AM,4889,2701,2188
12/15/2015 12:00:00 AM,12/27/2015 12:00:00 AM,4889,2701,2188
12/15/2015 12:00:00 AM,12/28/2015 12:00:00 AM,4304,2116,2188
12/15/2015 12:00:00 AM,12/29/2015 12:00:00 AM,4146,2116,2030
12/15/2015 12:00:00 AM,12/30/2015 12:00:00 AM,3360,2116,1244
12/15/2015 12:00:00 AM,12/31/2015 12:00:00 AM,3360,2116,1244
12/15/2015 12:00:00 AM,1/1/2016 12:00:00 AM,3360,2116,1244
12/15/2015 12:00:00 AM,1/2/2016 12:00:00 AM,2708,2066,642
12/15/2015 12:00:00 AM,1/3/2016 12:00:00 AM,2708,2066,642
12/15/2015 12:00:00 AM,1/4/2016 12:00:00 AM,2788,2146,642
12/15/2015 12:00:00 AM,1/5/2016 12:00:00 AM,2797,2146,651
12/15/2015 12:00:00 AM,1/6/2016 12:00:00 AM,2797,2146,651
12/15/2015 12:00:00 AM,1/7/2016 12:00:00 AM,2797,2146,651
12/15/2015 12:00:00 AM,1/8/2016 12:00:00 AM,2788,2146,642
12/15/2015 12:00:00 AM,1/9/2016 12:00:00 AM,2788,2146,642
12/15/2015 12:00:00 AM,1/10/2016 12:00:00 AM,2788,2146,642
12/15/2015 12:00:00 AM,1/11/2016 12:00:00 AM,2286,2146,140
12/15/2015 12:00:00 AM,1/12/2016 12:00:00 AM,2291,2146,145
12/15/2015 12:00:00 AM,1/13/2016 12:00:00 AM,2291,2146,145
12/15/2015 12:00:00 AM,1/14/2016 12:00:00 AM,2291,2146,145
12/15/2015 12:00:00 AM,1/15/2016 12:00:00 AM,2286,2146,140
12/15/2015 12:00:00 AM,1/16/2016 12:00:00 AM,2274,2146,128
12/15/2015 12:00:00 AM,1/17/2016 12:00:00 AM,2287,2146,141
12/15/2015 12:00:00 AM,1/18/2016 12:00:00 AM,2359,2146,213
12/15/2015 12:00:00 AM,1/19/2016 12:00:00 AM,2359,2146,213
12/15/2015 12:00:00 AM,1/20/2016 12:00:00 AM,2359,2146,213
12/15/2015 12:00:00 AM,1/21/2016 12:00:00 AM,2359,2146,213
12/15/2015 12:00:00 AM,1/22/2016 12:00:00 AM,2359,2146,213
12/15/2015 12:00:00 AM,1/23/2016 12:00:00 AM,2359,2146,213
12/15/2015 12:00:00 AM,1/24/2016 12:00:00 AM,2359,2146,213
12/15/2015 12:00:00 AM,1/25/2016 12:00:00 AM,2346,2146,200
12/15/2015 12:00:00 AM,1/26/2016 12:00:00 AM,2346,2146,200
12/15/2015 12:00:00 AM,1/27/2016 12:00:00 AM,2346,2146,200
12/15/2015 12:00:00 AM,1/28/2016 12:00:00 AM,2346,2146,200
12/15/2015 12:00:00 AM,1/29/2016 12:00:00 AM,2346,2146,200
12/15/2015 12:00:00 AM,1/30/2016 12:00:00 AM,3035,2835,200
12/15/2015 12:00:00 AM,1/31/2016 12:00:00 AM,3004,2835,169
12/15/2015 12:00:00 AM,2/1/2016 12:00:00 AM,3243,2835,408
12/15/2015 12:00:00 AM,2/2/2016 12:00:00 AM,3247,2835,412
12/15/2015 12:00:00 AM,2/3/2016 12:00:00 AM,1947,1535,412
12/15/2015 12:00:00 AM,2/4/2016 12:00:00 AM,1947,1535,412
12/15/2015 12:00:00 AM,2/5/2016 12:00:00 AM,2165,1535,630
12/15/2015 12:00:00 AM,2/6/2016 12:00:00 AM,2456,1535,921
12/15/2015 12:00:00 AM,2/7/2016 12:00:00 AM,2456,1535,921
12/15/2015 12:00:00 AM,2/8/2016 12:00:00 AM,2456,1535,921
12/15/2015 12:00:00 AM,2/9/2016 12:00:00 AM,2456,1535,921
12/15/2015 12:00:00 AM,2/10/2016 12:00:00 AM,2501,1535,966
12/15/2015 12:00:00 AM,2/11/2016 12:00:00 AM,2501,1535,966
12/15/2015 12:00:00 AM,2/12/2016 12:00:00 AM,2501,1535,966
12/15/2015 12:00:00 AM,2/13/2016 12:00:00 AM,2553,1535,1018
12/15/2015 12:00:00 AM,2/14/2016 12:00:00 AM,2566,1535,1031
12/15/2015 12:00:00 AM,2/15/2016 12:00:00 AM,4632,2723,1909
12/15/2015 12:00:00 AM,2/16/2016 12:00:00 AM,4357,2493,1864
12/15/2015 12:00:00 AM,2/17/2016 12:00:00 AM,4313,2467,1846
12/15/2015 12:00:00 AM,2/18/2016 12:00:00 AM,4313,2467,1846
12/15/2015 12:00:00 AM,2/19/2016 12:00:00 AM,4313,2467,1846
12/15/2015 12:00:00 AM,2/20/2016 12:00:00 AM,4951,3105,1846
12/15/2015 12:00:00 AM,2/21/2016 12:00:00 AM,4951,3105,1846
12/15/2015 12:00:00 AM,2/22/2016 12:00:00 AM,4938,3105,1833
12/15/2015 12:00:00 AM,2/23/2016 12:00:00 AM,4938,3105,1833
12/15/2015 12:00:00 AM,2/24/2016 12:00:00 AM,4938,3105,1833
12/15/2015 12:00:00 AM,2/25/2016 12:00:00 AM,4893,3105,1788
12/15/2015 12:00:00 AM,2/26/2016 12:00:00 AM,5532,3744,1788
12/15/2015 12:00:00 AM,2/27/2016 12:00:00 AM,5959,4208,1751
12/15/2015 12:00:00 AM,2/28/2016 12:00:00 AM,6792,4358,2434
12/15/2015 12:00:00 AM,2/29/2016 12:00:00 AM,6792,4358,2434
12/15/2015 12:00:00 AM,3/1/2016 12:00:00 AM,8660,4451,4209
12/15/2015 12:00:00 AM,3/2/2016 12:00:00 AM,9238,4969,4269
12/15/2015 12:00:00 AM,3/3/2016 12:00:00 AM,9238,4969,4269
12/15/2015 12:00:00 AM,3/4/2016 12:00:00 AM,9373,4969,4404
12/15/2015 12:00:00 AM,3/5/2016 12:00:00 AM,15627,7960,7667
12/15/2015 12:00:00 AM,3/6/2016 12:00:00 AM,16695,8110,8585
12/15/2015 12:00:00 AM,3/7/2016 12:00:00 AM,16639,7960,8679
12/15/2015 12:00:00 AM,3/8/2016 12:00:00 AM,16639,7960,8679
12/15/2015 12:00:00 AM,3/9/2016 12:00:00 AM,15310,6825,8485
12/15/2015 12:00:00 AM,3/10/2016 12:00:00 AM,15310,6825,8485
12/15/2015 12:00:00 AM,3/11/2016 12:00:00 AM,14627,7027,7600
12/15/2015 12:00:00 AM,3/12/2016 12:00:00 AM,16364,7171,9193
12/15/2015 12:00:00 AM,3/13/2016 12:00:00 AM,17667,7321,10346
12/15/2015 12:00:00 AM,3/14/2016 12:00:00 AM,17779,7171,10608
12/15/2015 12:00:00 AM,3/15/2016 12:00:00 AM,17871,7263,10608
12/14/2015 12:00:00 AM,12/15/2015 12:00:00 AM,5564,3866,1698
12/14/2015 12:00:00 AM,12/16/2015 12:00:00 AM,5626,3928,1698
12/14/2015 12:00:00 AM,12/17/2015 12:00:00 AM,4991,3230,1761
12/14/2015 12:00:00 AM,12/18/2015 12:00:00 AM,4834,3073,1761
12/14/2015 12:00:00 AM,12/19/2015 12:00:00 AM,5406,3658,1748
12/14/2015 12:00:00 AM,12/20/2015 12:00:00 AM,5220,3581,1639
12/14/2015 12:00:00 AM,12/21/2015 12:00:00 AM,5220,3581,1639
12/14/2015 12:00:00 AM,12/22/2015 12:00:00 AM,4340,2701,1639
12/14/2015 12:00:00 AM,12/23/2015 12:00:00 AM,4340,2701,1639
12/14/2015 12:00:00 AM,12/24/2015 12:00:00 AM,4340,2701,1639
12/14/2015 12:00:00 AM,12/25/2015 12:00:00 AM,4304,2116,2188
12/14/2015 12:00:00 AM,12/26/2015 12:00:00 AM,4304,2116,2188
12/14/2015 12:00:00 AM,12/27/2015 12:00:00 AM,4304,2116,2188
12/14/2015 12:00:00 AM,12/28/2015 12:00:00 AM,4304,2116,2188
12/14/2015 12:00:00 AM,12/29/2015 12:00:00 AM,4146,2116,2030
12/14/2015 12:00:00 AM,12/30/2015 12:00:00 AM,3360,2116,1244
12/14/2015 12:00:00 AM,12/31/2015 12:00:00 AM,3360,2116,1244
12/14/2015 12:00:00 AM,1/1/2016 12:00:00 AM,3360,2116,1244
12/14/2015 12:00:00 AM,1/2/2016 12:00:00 AM,2708,2066,642
12/14/2015 12:00:00 AM,1/3/2016 12:00:00 AM,2708,2066,642
12/14/2015 12:00:00 AM,1/4/2016 12:00:00 AM,2788,2146,642
12/14/2015 12:00:00 AM,1/5/2016 12:00:00 AM,2797,2146,651
12/14/2015 12:00:00 AM,1/6/2016 12:00:00 AM,2797,2146,651
12/14/2015 12:00:00 AM,1/7/2016 12:00:00 AM,2797,2146,651
12/14/2015 12:00:00 AM,1/8/2016 12:00:00 AM,2788,2146,642
12/14/2015 12:00:00 AM,1/9/2016 12:00:00 AM,2788,2146,642
12/14/2015 12:00:00 AM,1/10/2016 12:00:00 AM,2788,2146,642
12/14/2015 12:00:00 AM,1/11/2016 12:00:00 AM,2286,2146,140
12/14/2015 12:00:00 AM,1/12/2016 12:00:00 AM,2291,2146,145
12/14/2015 12:00:00 AM,1/13/2016 12:00:00 AM,2291,2146,145
12/14/2015 12:00:00 AM,1/14/2016 12:00:00 AM,2291,2146,145
12/14/2015 12:00:00 AM,1/15/2016 12:00:00 AM,2286,2146,140
12/14/2015 12:00:00 AM,1/16/2016 12:00:00 AM,2274,2146,128
12/14/2015 12:00:00 AM,1/17/2016 12:00:00 AM,2287,2146,141
12/14/2015 12:00:00 AM,1/18/2016 12:00:00 AM,2359,2146,213
12/14/2015 12:00:00 AM,1/19/2016 12:00:00 AM,2359,2146,213
12/14/2015 12:00:00 AM,1/20/2016 12:00:00 AM,2359,2146,213
12/14/2015 12:00:00 AM,1/21/2016 12:00:00 AM,2359,2146,213
12/14/2015 12:00:00 AM,1/22/2016 12:00:00 AM,2359,2146,213
12/14/2015 12:00:00 AM,1/23/2016 12:00:00 AM,2359,2146,213
12/14/2015 12:00:00 AM,1/24/2016 12:00:00 AM,2359,2146,213
12/14/2015 12:00:00 AM,1/25/2016 12:00:00 AM,2346,2146,200
12/14/2015 12:00:00 AM,1/26/2016 12:00:00 AM,2346,2146,200
12/14/2015 12:00:00 AM,1/27/2016 12:00:00 AM,2346,2146,200
12/14/2015 12:00:00 AM,1/28/2016 12:00:00 AM,2346,2146,200
12/14/2015 12:00:00 AM,1/29/2016 12:00:00 AM,2346,2146,200
12/14/2015 12:00:00 AM,1/30/2016 12:00:00 AM,3035,2835,200
12/14/2015 12:00:00 AM,1/31/2016 12:00:00 AM,3004,2835,169
12/14/2015 12:00:00 AM,2/1/2016 12:00:00 AM,3243,2835,408
12/14/2015 12:00:00 AM,2/2/2016 12:00:00 AM,3247,2835,412
12/14/2015 12:00:00 AM,2/3/2016 12:00:00 AM,1947,1535,412
12/14/2015 12:00:00 AM,2/4/2016 12:00:00 AM,1947,1535,412
12/14/2015 12:00:00 AM,2/5/2016 12:00:00 AM,2165,1535,630
12/14/2015 12:00:00 AM,2/6/2016 12:00:00 AM,2456,1535,921
12/14/2015 12:00:00 AM,2/7/2016 12:00:00 AM,2456,1535,921
12/14/2015 12:00:00 AM,2/8/2016 12:00:00 AM,2456,1535,921
12/14/2015 12:00:00 AM,2/9/2016 12:00:00 AM,2456,1535,921
12/14/2015 12:00:00 AM,2/10/2016 12:00:00 AM,2501,1535,966
12/14/2015 12:00:00 AM,2/11/2016 12:00:00 AM,2501,1535,966
12/14/2015 12:00:00 AM,2/12/2016 12:00:00 AM,2501,1535,966
12/14/2015 12:00:00 AM,2/13/2016 12:00:00 AM,2553,1535,1018
12/14/2015 12:00:00 AM,2/14/2016 12:00:00 AM,2566,1535,1031
12/14/2015 12:00:00 AM,2/15/2016 12:00:00 AM,4632,2723,1909
12/14/2015 12:00:00 AM,2/16/2016 12:00:00 AM,4357,2493,1864
12/14/2015 12:00:00 AM,2/17/2016 12:00:00 AM,4313,2467,1846
12/14/2015 12:00:00 AM,2/18/2016 12:00:00 AM,4313,2467,1846
12/14/2015 12:00:00 AM,2/19/2016 12:00:00 AM,4313,2467,1846
12/14/2015 12:00:00 AM,2/20/2016 12:00:00 AM,4951,3105,1846
12/14/2015 12:00:00 AM,2/21/2016 12:00:00 AM,4951,3105,1846
12/14/2015 12:00:00 AM,2/22/2016 12:00:00 AM,4938,3105,1833
12/14/2015 12:00:00 AM,2/23/2016 12:00:00 AM,4938,3105,1833
12/14/2015 12:00:00 AM,2/24/2016 12:00:00 AM,4938,3105,1833
12/14/2015 12:00:00 AM,2/25/2016 12:00:00 AM,4893,3105,1788
12/14/2015 12:00:00 AM,2/26/2016 12:00:00 AM,5532,3744,1788
12/14/2015 12:00:00 AM,2/27/2016 12:00:00 AM,5959,4208,1751
12/14/2015 12:00:00 AM,2/28/2016 12:00:00 AM,6792,4358,2434
12/14/2015 12:00:00 AM,2/29/2016 12:00:00 AM,6792,4358,2434
12/14/2015 12:00:00 AM,3/1/2016 12:00:00 AM,8660,4451,4209
12/14/2015 12:00:00 AM,3/2/2016 12:00:00 AM,9238,4969,4269
12/14/2015 12:00:00 AM,3/3/2016 12:00:00 AM,9238,4969,4269
12/14/2015 12:00:00 AM,3/4/2016 12:00:00 AM,9373,4969,4404
12/14/2015 12:00:00 AM,3/5/2016 12:00:00 AM,15627,7960,7667
12/14/2015 12:00:00 AM,3/6/2016 12:00:00 AM,16695,8110,8585
12/14/2015 12:00:00 AM,3/7/2016 12:00:00 AM,16639,7960,8679
12/14/2015 12:00:00 AM,3/8/2016 12:00:00 AM,16639,7960,8679
12/14/2015 12:00:00 AM,3/9/2016 12:00:00 AM,15310,6825,8485
12/14/2015 12:00:00 AM,3/10/2016 12:00:00 AM,15310,6825,8485
12/14/2015 12:00:00 AM,3/11/2016 12:00:00 AM,14627,7027,7600
12/14/2015 12:00:00 AM,3/12/2016 12:00:00 AM,16364,7171,9193
12/14/2015 12:00:00 AM,3/13/2016 12:00:00 AM,17654,7321,10333
12/14/2015 12:00:00 AM,3/14/2016 12:00:00 AM,17766,7171,10595
12/13/2015 12:00:00 AM,12/14/2015 12:00:00 AM,6760,4271,2489
12/13/2015 12:00:00 AM,12/15/2015 12:00:00 AM,5566,3866,1700
12/13/2015 12:00:00 AM,12/16/2015 12:00:00 AM,5628,3928,1700
12/13/2015 12:00:00 AM,12/17/2015 12:00:00 AM,4991,3230,1761
12/13/2015 12:00:00 AM,12/18/2015 12:00:00 AM,4834,3073,1761
12/13/2015 12:00:00 AM,12/19/2015 12:00:00 AM,5406,3658,1748
12/13/2015 12:00:00 AM,12/20/2015 12:00:00 AM,5220,3581,1639
12/13/2015 12:00:00 AM,12/21/2015 12:00:00 AM,5220,3581,1639
12/13/2015 12:00:00 AM,12/22/2015 12:00:00 AM,4340,2701,1639
12/13/2015 12:00:00 AM,12/23/2015 12:00:00 AM,4340,2701,1639
12/13/2015 12:00:00 AM,12/24/2015 12:00:00 AM,4340,2701,1639
12/13/2015 12:00:00 AM,12/25/2015 12:00:00 AM,4304,2116,2188
12/13/2015 12:00:00 AM,12/26/2015 12:00:00 AM,4304,2116,2188
12/13/2015 12:00:00 AM,12/27/2015 12:00:00 AM,4304,2116,2188
12/13/2015 12:00:00 AM,12/28/2015 12:00:00 AM,4304,2116,2188
12/13/2015 12:00:00 AM,12/29/2015 12:00:00 AM,4146,2116,2030
12/13/2015 12:00:00 AM,12/30/2015 12:00:00 AM,3360,2116,1244
12/13/2015 12:00:00 AM,12/31/2015 12:00:00 AM,3360,2116,1244
12/13/2015 12:00:00 AM,1/1/2016 12:00:00 AM,3360,2116,1244
12/13/2015 12:00:00 AM,1/2/2016 12:00:00 AM,2708,2066,642
12/13/2015 12:00:00 AM,1/3/2016 12:00:00 AM,2708,2066,642
12/13/2015 12:00:00 AM,1/4/2016 12:00:00 AM,2788,2146,642
12/13/2015 12:00:00 AM,1/5/2016 12:00:00 AM,2797,2146,651
12/13/2015 12:00:00 AM,1/6/2016 12:00:00 AM,2797,2146,651
12/13/2015 12:00:00 AM,1/7/2016 12:00:00 AM,2797,2146,651
12/13/2015 12:00:00 AM,1/8/2016 12:00:00 AM,2788,2146,642
12/13/2015 12:00:00 AM,1/9/2016 12:00:00 AM,2788,2146,642
12/13/2015 12:00:00 AM,1/10/2016 12:00:00 AM,2788,2146,642
12/13/2015 12:00:00 AM,1/11/2016 12:00:00 AM,2286,2146,140
12/13/2015 12:00:00 AM,1/12/2016 12:00:00 AM,2291,2146,145
12/13/2015 12:00:00 AM,1/13/2016 12:00:00 AM,2291,2146,145
12/13/2015 12:00:00 AM,1/14/2016 12:00:00 AM,2291,2146,145
12/13/2015 12:00:00 AM,1/15/2016 12:00:00 AM,2286,2146,140
12/13/2015 12:00:00 AM,1/16/2016 12:00:00 AM,2274,2146,128
12/13/2015 12:00:00 AM,1/17/2016 12:00:00 AM,2287,2146,141
12/13/2015 12:00:00 AM,1/18/2016 12:00:00 AM,2359,2146,213
12/13/2015 12:00:00 AM,1/19/2016 12:00:00 AM,2359,2146,213
12/13/2015 12:00:00 AM,1/20/2016 12:00:00 AM,2359,2146,213
12/13/2015 12:00:00 AM,1/21/2016 12:00:00 AM,2359,2146,213
12/13/2015 12:00:00 AM,1/22/2016 12:00:00 AM,2359,2146,213
12/13/2015 12:00:00 AM,1/23/2016 12:00:00 AM,2359,2146,213
12/13/2015 12:00:00 AM,1/24/2016 12:00:00 AM,2359,2146,213
12/13/2015 12:00:00 AM,1/25/2016 12:00:00 AM,2346,2146,200
12/13/2015 12:00:00 AM,1/26/2016 12:00:00 AM,2346,2146,200
12/13/2015 12:00:00 AM,1/27/2016 12:00:00 AM,2346,2146,200
12/13/2015 12:00:00 AM,1/28/2016 12:00:00 AM,2346,2146,200
12/13/2015 12:00:00 AM,1/29/2016 12:00:00 AM,2346,2146,200
12/13/2015 12:00:00 AM,1/30/2016 12:00:00 AM,3035,2835,200
12/13/2015 12:00:00 AM,1/31/2016 12:00:00 AM,3004,2835,169
12/13/2015 12:00:00 AM,2/1/2016 12:00:00 AM,3243,2835,408
12/13/2015 12:00:00 AM,2/2/2016 12:00:00 AM,3247,2835,412
12/13/2015 12:00:00 AM,2/3/2016 12:00:00 AM,1947,1535,412
12/13/2015 12:00:00 AM,2/4/2016 12:00:00 AM,1947,1535,412
12/13/2015 12:00:00 AM,2/5/2016 12:00:00 AM,2165,1535,630
12/13/2015 12:00:00 AM,2/6/2016 12:00:00 AM,2456,1535,921
12/13/2015 12:00:00 AM,2/7/2016 12:00:00 AM,2456,1535,921
12/13/2015 12:00:00 AM,2/8/2016 12:00:00 AM,2456,1535,921
12/13/2015 12:00:00 AM,2/9/2016 12:00:00 AM,2456,1535,921
12/13/2015 12:00:00 AM,2/10/2016 12:00:00 AM,2501,1535,966
12/13/2015 12:00:00 AM,2/11/2016 12:00:00 AM,2501,1535,966
12/13/2015 12:00:00 AM,2/12/2016 12:00:00 AM,2501,1535,966
12/13/2015 12:00:00 AM,2/13/2016 12:00:00 AM,2553,1535,1018
12/13/2015 12:00:00 AM,2/14/2016 12:00:00 AM,2566,1535,1031
12/13/2015 12:00:00 AM,2/15/2016 12:00:00 AM,4632,2723,1909
12/13/2015 12:00:00 AM,2/16/2016 12:00:00 AM,4357,2493,1864
12/13/2015 12:00:00 AM,2/17/2016 12:00:00 AM,4313,2467,1846
12/13/2015 12:00:00 AM,2/18/2016 12:00:00 AM,4313,2467,1846
12/13/2015 12:00:00 AM,2/19/2016 12:00:00 AM,4313,2467,1846
12/13/2015 12:00:00 AM,2/20/2016 12:00:00 AM,4951,3105,1846
12/13/2015 12:00:00 AM,2/21/2016 12:00:00 AM,4951,3105,1846
12/13/2015 12:00:00 AM,2/22/2016 12:00:00 AM,4938,3105,1833
12/13/2015 12:00:00 AM,2/23/2016 12:00:00 AM,4938,3105,1833
12/13/2015 12:00:00 AM,2/24/2016 12:00:00 AM,4938,3105,1833
12/13/2015 12:00:00 AM,2/25/2016 12:00:00 AM,4893,3105,1788
12/13/2015 12:00:00 AM,2/26/2016 12:00:00 AM,5532,3744,1788
12/13/2015 12:00:00 AM,2/27/2016 12:00:00 AM,5959,4208,1751
12/13/2015 12:00:00 AM,2/28/2016 12:00:00 AM,6792,4358,2434
12/13/2015 12:00:00 AM,2/29/2016 12:00:00 AM,6792,4358,2434
12/13/2015 12:00:00 AM,3/1/2016 12:00:00 AM,8660,4451,4209
12/13/2015 12:00:00 AM,3/2/2016 12:00:00 AM,9238,4969,4269
12/13/2015 12:00:00 AM,3/3/2016 12:00:00 AM,9238,4969,4269
12/13/2015 12:00:00 AM,3/4/2016 12:00:00 AM,9373,4969,4404
12/13/2015 12:00:00 AM,3/5/2016 12:00:00 AM,15627,7960,7667
12/13/2015 12:00:00 AM,3/6/2016 12:00:00 AM,16695,8110,8585
12/13/2015 12:00:00 AM,3/7/2016 12:00:00 AM,16639,7960,8679
12/13/2015 12:00:00 AM,3/8/2016 12:00:00 AM,16639,7960,8679
12/13/2015 12:00:00 AM,3/9/2016 12:00:00 AM,15310,6825,8485
12/13/2015 12:00:00 AM,3/10/2016 12:00:00 AM,15310,6825,8485
12/13/2015 12:00:00 AM,3/11/2016 12:00:00 AM,14627,7027,7600
12/13/2015 12:00:00 AM,3/12/2016 12:00:00 AM,16364,7171,9193
12/13/2015 12:00:00 AM,3/13/2016 12:00:00 AM,17654,7321,10333
12/12/2015 12:00:00 AM,12/13/2015 12:00:00 AM,8833,6059,2774
12/12/2015 12:00:00 AM,12/14/2015 12:00:00 AM,6878,4271,2607
12/12/2015 12:00:00 AM,12/15/2015 12:00:00 AM,5566,3866,1700
12/12/2015 12:00:00 AM,12/16/2015 12:00:00 AM,5628,3928,1700
12/12/2015 12:00:00 AM,12/17/2015 12:00:00 AM,4991,3230,1761
12/12/2015 12:00:00 AM,12/18/2015 12:00:00 AM,4834,3073,1761
12/12/2015 12:00:00 AM,12/19/2015 12:00:00 AM,5406,3658,1748
12/12/2015 12:00:00 AM,12/20/2015 12:00:00 AM,5220,3581,1639
12/12/2015 12:00:00 AM,12/21/2015 12:00:00 AM,5220,3581,1639
12/12/2015 12:00:00 AM,12/22/2015 12:00:00 AM,4340,2701,1639
12/12/2015 12:00:00 AM,12/23/2015 12:00:00 AM,4340,2701,1639
12/12/2015 12:00:00 AM,12/24/2015 12:00:00 AM,4340,2701,1639
12/12/2015 12:00:00 AM,12/25/2015 12:00:00 AM,4304,2116,2188
12/12/2015 12:00:00 AM,12/26/2015 12:00:00 AM,4304,2116,2188
12/12/2015 12:00:00 AM,12/27/2015 12:00:00 AM,4304,2116,2188
12/12/2015 12:00:00 AM,12/28/2015 12:00:00 AM,4304,2116,2188
12/12/2015 12:00:00 AM,12/29/2015 12:00:00 AM,4146,2116,2030
12/12/2015 12:00:00 AM,12/30/2015 12:00:00 AM,3360,2116,1244
12/12/2015 12:00:00 AM,12/31/2015 12:00:00 AM,3360,2116,1244
12/12/2015 12:00:00 AM,1/1/2016 12:00:00 AM,3360,2116,1244
12/12/2015 12:00:00 AM,1/2/2016 12:00:00 AM,2708,2066,642
12/12/2015 12:00:00 AM,1/3/2016 12:00:00 AM,2708,2066,642
12/12/2015 12:00:00 AM,1/4/2016 12:00:00 AM,2788,2146,642
12/12/2015 12:00:00 AM,1/5/2016 12:00:00 AM,2797,2146,651
12/12/2015 12:00:00 AM,1/6/2016 12:00:00 AM,2797,2146,651
12/12/2015 12:00:00 AM,1/7/2016 12:00:00 AM,2797,2146,651
12/12/2015 12:00:00 AM,1/8/2016 12:00:00 AM,2788,2146,642
12/12/2015 12:00:00 AM,1/9/2016 12:00:00 AM,2788,2146,642
12/12/2015 12:00:00 AM,1/10/2016 12:00:00 AM,2788,2146,642
12/12/2015 12:00:00 AM,1/11/2016 12:00:00 AM,2286,2146,140
12/12/2015 12:00:00 AM,1/12/2016 12:00:00 AM,2291,2146,145
12/12/2015 12:00:00 AM,1/13/2016 12:00:00 AM,2291,2146,145
12/12/2015 12:00:00 AM,1/14/2016 12:00:00 AM,2291,2146,145
12/12/2015 12:00:00 AM,1/15/2016 12:00:00 AM,2286,2146,140
12/12/2015 12:00:00 AM,1/16/2016 12:00:00 AM,2274,2146,128
12/12/2015 12:00:00 AM,1/17/2016 12:00:00 AM,2287,2146,141
12/12/2015 12:00:00 AM,1/18/2016 12:00:00 AM,2359,2146,213
12/12/2015 12:00:00 AM,1/19/2016 12:00:00 AM,2359,2146,213
12/12/2015 12:00:00 AM,1/20/2016 12:00:00 AM,2359,2146,213
12/12/2015 12:00:00 AM,1/21/2016 12:00:00 AM,2359,2146,213
12/12/2015 12:00:00 AM,1/22/2016 12:00:00 AM,2359,2146,213
12/12/2015 12:00:00 AM,1/23/2016 12:00:00 AM,2359,2146,213
12/12/2015 12:00:00 AM,1/24/2016 12:00:00 AM,2359,2146,213
12/12/2015 12:00:00 AM,1/25/2016 12:00:00 AM,2346,2146,200
12/12/2015 12:00:00 AM,1/26/2016 12:00:00 AM,2346,2146,200
12/12/2015 12:00:00 AM,1/27/2016 12:00:00 AM,2346,2146,200
12/12/2015 12:00:00 AM,1/28/2016 12:00:00 AM,2346,2146,200
12/12/2015 12:00:00 AM,1/29/2016 12:00:00 AM,2346,2146,200
12/12/2015 12:00:00 AM,1/30/2016 12:00:00 AM,3035,2835,200
12/12/2015 12:00:00 AM,1/31/2016 12:00:00 AM,3004,2835,169
12/12/2015 12:00:00 AM,2/1/2016 12:00:00 AM,3243,2835,408
12/12/2015 12:00:00 AM,2/2/2016 12:00:00 AM,3247,2835,412
12/12/2015 12:00:00 AM,2/3/2016 12:00:00 AM,1947,1535,412
12/12/2015 12:00:00 AM,2/4/2016 12:00:00 AM,1947,1535,412
12/12/2015 12:00:00 AM,2/5/2016 12:00:00 AM,2165,1535,630
12/12/2015 12:00:00 AM,2/6/2016 12:00:00 AM,2456,1535,921
12/12/2015 12:00:00 AM,2/7/2016 12:00:00 AM,2456,1535,921
12/12/2015 12:00:00 AM,2/8/2016 12:00:00 AM,2456,1535,921
12/12/2015 12:00:00 AM,2/9/2016 12:00:00 AM,2456,1535,921
12/12/2015 12:00:00 AM,2/10/2016 12:00:00 AM,2501,1535,966
12/12/2015 12:00:00 AM,2/11/2016 12:00:00 AM,2501,1535,966
12/12/2015 12:00:00 AM,2/12/2016 12:00:00 AM,2501,1535,966
12/12/2015 12:00:00 AM,2/13/2016 12:00:00 AM,2553,1535,1018
12/12/2015 12:00:00 AM,2/14/2016 12:00:00 AM,2566,1535,1031
12/12/2015 12:00:00 AM,2/15/2016 12:00:00 AM,4632,2723,1909
12/12/2015 12:00:00 AM,2/16/2016 12:00:00 AM,4357,2493,1864
12/12/2015 12:00:00 AM,2/17/2016 12:00:00 AM,4313,2467,1846
12/12/2015 12:00:00 AM,2/18/2016 12:00:00 AM,4313,2467,1846
12/12/2015 12:00:00 AM,2/19/2016 12:00:00 AM,4313,2467,1846
12/12/2015 12:00:00 AM,2/20/2016 12:00:00 AM,4951,3105,1846
12/12/2015 12:00:00 AM,2/21/2016 12:00:00 AM,4951,3105,1846
12/12/2015 12:00:00 AM,2/22/2016 12:00:00 AM,4938,3105,1833
12/12/2015 12:00:00 AM,2/23/2016 12:00:00 AM,4938,3105,1833
12/12/2015 12:00:00 AM,2/24/2016 12:00:00 AM,4938,3105,1833
12/12/2015 12:00:00 AM,2/25/2016 12:00:00 AM,4893,3105,1788
12/12/2015 12:00:00 AM,2/26/2016 12:00:00 AM,5532,3744,1788
12/12/2015 12:00:00 AM,2/27/2016 12:00:00 AM,5959,4208,1751
12/12/2015 12:00:00 AM,2/28/2016 12:00:00 AM,6792,4358,2434
12/12/2015 12:00:00 AM,2/29/2016 12:00:00 AM,6792,4358,2434
12/12/2015 12:00:00 AM,3/1/2016 12:00:00 AM,8660,4451,4209
12/12/2015 12:00:00 AM,3/2/2016 12:00:00 AM,9238,4969,4269
12/12/2015 12:00:00 AM,3/3/2016 12:00:00 AM,9238,4969,4269
12/12/2015 12:00:00 AM,3/4/2016 12:00:00 AM,9373,4969,4404
12/12/2015 12:00:00 AM,3/5/2016 12:00:00 AM,15054,7960,7094
12/12/2015 12:00:00 AM,3/6/2016 12:00:00 AM,16122,8110,8012
12/12/2015 12:00:00 AM,3/7/2016 12:00:00 AM,16066,7960,8106
12/12/2015 12:00:00 AM,3/8/2016 12:00:00 AM,16066,7960,8106
12/12/2015 12:00:00 AM,3/9/2016 12:00:00 AM,14737,6825,7912
12/12/2015 12:00:00 AM,3/10/2016 12:00:00 AM,14737,6825,7912
12/12/2015 12:00:00 AM,3/11/2016 12:00:00 AM,14054,7027,7027
12/12/2015 12:00:00 AM,3/12/2016 12:00:00 AM,15791,7171,8620
12/11/2015 12:00:00 AM,12/12/2015 12:00:00 AM,9668,6059,3609
12/11/2015 12:00:00 AM,12/13/2015 12:00:00 AM,9681,6059,3622
12/11/2015 12:00:00 AM,12/14/2015 12:00:00 AM,7610,4271,3339
12/11/2015 12:00:00 AM,12/15/2015 12:00:00 AM,5625,3866,1759
12/11/2015 12:00:00 AM,12/16/2015 12:00:00 AM,5687,3928,1759
12/11/2015 12:00:00 AM,12/17/2015 12:00:00 AM,5050,3230,1820
12/11/2015 12:00:00 AM,12/18/2015 12:00:00 AM,4893,3073,1820
12/11/2015 12:00:00 AM,12/19/2015 12:00:00 AM,5465,3658,1807
12/11/2015 12:00:00 AM,12/20/2015 12:00:00 AM,5279,3581,1698
12/11/2015 12:00:00 AM,12/21/2015 12:00:00 AM,5279,3581,1698
12/11/2015 12:00:00 AM,12/22/2015 12:00:00 AM,4399,2701,1698
12/11/2015 12:00:00 AM,12/23/2015 12:00:00 AM,4399,2701,1698
12/11/2015 12:00:00 AM,12/24/2015 12:00:00 AM,4399,2701,1698
12/11/2015 12:00:00 AM,12/25/2015 12:00:00 AM,4363,2116,2247
12/11/2015 12:00:00 AM,12/26/2015 12:00:00 AM,4363,2116,2247
12/11/2015 12:00:00 AM,12/27/2015 12:00:00 AM,4363,2116,2247
12/11/2015 12:00:00 AM,12/28/2015 12:00:00 AM,4363,2116,2247
12/11/2015 12:00:00 AM,12/29/2015 12:00:00 AM,4205,2116,2089
12/11/2015 12:00:00 AM,12/30/2015 12:00:00 AM,3419,2116,1303
12/11/2015 12:00:00 AM,12/31/2015 12:00:00 AM,3419,2116,1303
12/11/2015 12:00:00 AM,1/1/2016 12:00:00 AM,3360,2116,1244
12/11/2015 12:00:00 AM,1/2/2016 12:00:00 AM,2708,2066,642
12/11/2015 12:00:00 AM,1/3/2016 12:00:00 AM,2708,2066,642
12/11/2015 12:00:00 AM,1/4/2016 12:00:00 AM,2788,2146,642
12/11/2015 12:00:00 AM,1/5/2016 12:00:00 AM,2797,2146,651
12/11/2015 12:00:00 AM,1/6/2016 12:00:00 AM,2797,2146,651
12/11/2015 12:00:00 AM,1/7/2016 12:00:00 AM,2797,2146,651
12/11/2015 12:00:00 AM,1/8/2016 12:00:00 AM,2788,2146,642
12/11/2015 12:00:00 AM,1/9/2016 12:00:00 AM,2788,2146,642
12/11/2015 12:00:00 AM,1/10/2016 12:00:00 AM,2788,2146,642
12/11/2015 12:00:00 AM,1/11/2016 12:00:00 AM,2286,2146,140
12/11/2015 12:00:00 AM,1/12/2016 12:00:00 AM,2291,2146,145
12/11/2015 12:00:00 AM,1/13/2016 12:00:00 AM,2291,2146,145
12/11/2015 12:00:00 AM,1/14/2016 12:00:00 AM,2291,2146,145
12/11/2015 12:00:00 AM,1/15/2016 12:00:00 AM,2286,2146,140
12/11/2015 12:00:00 AM,1/16/2016 12:00:00 AM,2274,2146,128
12/11/2015 12:00:00 AM,1/17/2016 12:00:00 AM,2287,2146,141
12/11/2015 12:00:00 AM,1/18/2016 12:00:00 AM,2359,2146,213
12/11/2015 12:00:00 AM,1/19/2016 12:00:00 AM,2359,2146,213
12/11/2015 12:00:00 AM,1/20/2016 12:00:00 AM,2359,2146,213
12/11/2015 12:00:00 AM,1/21/2016 12:00:00 AM,2359,2146,213
12/11/2015 12:00:00 AM,1/22/2016 12:00:00 AM,2359,2146,213
12/11/2015 12:00:00 AM,1/23/2016 12:00:00 AM,2359,2146,213
12/11/2015 12:00:00 AM,1/24/2016 12:00:00 AM,2359,2146,213
12/11/2015 12:00:00 AM,1/25/2016 12:00:00 AM,2346,2146,200
12/11/2015 12:00:00 AM,1/26/2016 12:00:00 AM,2346,2146,200
12/11/2015 12:00:00 AM,1/27/2016 12:00:00 AM,2346,2146,200
12/11/2015 12:00:00 AM,1/28/2016 12:00:00 AM,2346,2146,200
12/11/2015 12:00:00 AM,1/29/2016 12:00:00 AM,2346,2146,200
12/11/2015 12:00:00 AM,1/30/2016 12:00:00 AM,3035,2835,200
12/11/2015 12:00:00 AM,1/31/2016 12:00:00 AM,3004,2835,169
12/11/2015 12:00:00 AM,2/1/2016 12:00:00 AM,3243,2835,408
12/11/2015 12:00:00 AM,2/2/2016 12:00:00 AM,3247,2835,412
12/11/2015 12:00:00 AM,2/3/2016 12:00:00 AM,1947,1535,412
12/11/2015 12:00:00 AM,2/4/2016 12:00:00 AM,1947,1535,412
12/11/2015 12:00:00 AM,2/5/2016 12:00:00 AM,2165,1535,630
12/11/2015 12:00:00 AM,2/6/2016 12:00:00 AM,2456,1535,921
12/11/2015 12:00:00 AM,2/7/2016 12:00:00 AM,2456,1535,921
12/11/2015 12:00:00 AM,2/8/2016 12:00:00 AM,2456,1535,921
12/11/2015 12:00:00 AM,2/9/2016 12:00:00 AM,2456,1535,921
12/11/2015 12:00:00 AM,2/10/2016 12:00:00 AM,2501,1535,966
12/11/2015 12:00:00 AM,2/11/2016 12:00:00 AM,2501,1535,966
12/11/2015 12:00:00 AM,2/12/2016 12:00:00 AM,2501,1535,966
12/11/2015 12:00:00 AM,2/13/2016 12:00:00 AM,2553,1535,1018
12/11/2015 12:00:00 AM,2/14/2016 12:00:00 AM,2566,1535,1031
12/11/2015 12:00:00 AM,2/15/2016 12:00:00 AM,4632,2723,1909
12/11/2015 12:00:00 AM,2/16/2016 12:00:00 AM,4357,2493,1864
12/11/2015 12:00:00 AM,2/17/2016 12:00:00 AM,4313,2467,1846
12/11/2015 12:00:00 AM,2/18/2016 12:00:00 AM,4313,2467,1846
12/11/2015 12:00:00 AM,2/19/2016 12:00:00 AM,4313,2467,1846
12/11/2015 12:00:00 AM,2/20/2016 12:00:00 AM,4951,3105,1846
12/11/2015 12:00:00 AM,2/21/2016 12:00:00 AM,4951,3105,1846
12/11/2015 12:00:00 AM,2/22/2016 12:00:00 AM,4938,3105,1833
12/11/2015 12:00:00 AM,2/23/2016 12:00:00 AM,4938,3105,1833
12/11/2015 12:00:00 AM,2/24/2016 12:00:00 AM,4938,3105,1833
12/11/2015 12:00:00 AM,2/25/2016 12:00:00 AM,4893,3105,1788
12/11/2015 12:00:00 AM,2/26/2016 12:00:00 AM,5532,3744,1788
12/11/2015 12:00:00 AM,2/27/2016 12:00:00 AM,5959,4208,1751
12/11/2015 12:00:00 AM,2/28/2016 12:00:00 AM,6792,4358,2434
12/11/2015 12:00:00 AM,2/29/2016 12:00:00 AM,6792,4358,2434
12/11/2015 12:00:00 AM,3/1/2016 12:00:00 AM,8660,4451,4209
12/11/2015 12:00:00 AM,3/2/2016 12:00:00 AM,9238,4969,4269
12/11/2015 12:00:00 AM,3/3/2016 12:00:00 AM,9238,4969,4269
12/11/2015 12:00:00 AM,3/4/2016 12:00:00 AM,9373,4969,4404
12/11/2015 12:00:00 AM,3/5/2016 12:00:00 AM,15054,7960,7094
12/11/2015 12:00:00 AM,3/6/2016 12:00:00 AM,16122,8110,8012
12/11/2015 12:00:00 AM,3/7/2016 12:00:00 AM,16066,7960,8106
12/11/2015 12:00:00 AM,3/8/2016 12:00:00 AM,16066,7960,8106
12/11/2015 12:00:00 AM,3/9/2016 12:00:00 AM,14737,6825,7912
12/11/2015 12:00:00 AM,3/10/2016 12:00:00 AM,14737,6825,7912
12/11/2015 12:00:00 AM,3/11/2016 12:00:00 AM,14054,7027,7027
12/10/2015 12:00:00 AM,12/11/2015 12:00:00 AM,10365,6139,4226
12/10/2015 12:00:00 AM,12/12/2015 12:00:00 AM,9657,6059,3598
12/10/2015 12:00:00 AM,12/13/2015 12:00:00 AM,9670,6059,3611
12/10/2015 12:00:00 AM,12/14/2015 12:00:00 AM,7730,4271,3459
12/10/2015 12:00:00 AM,12/15/2015 12:00:00 AM,5635,3866,1769
12/10/2015 12:00:00 AM,12/16/2015 12:00:00 AM,5697,3928,1769
12/10/2015 12:00:00 AM,12/17/2015 12:00:00 AM,5060,3230,1830
12/10/2015 12:00:00 AM,12/18/2015 12:00:00 AM,4903,3073,1830
12/10/2015 12:00:00 AM,12/19/2015 12:00:00 AM,5475,3658,1817
12/10/2015 12:00:00 AM,12/20/2015 12:00:00 AM,5289,3581,1708
12/10/2015 12:00:00 AM,12/21/2015 12:00:00 AM,5289,3581,1708
12/10/2015 12:00:00 AM,12/22/2015 12:00:00 AM,4409,2701,1708
12/10/2015 12:00:00 AM,12/23/2015 12:00:00 AM,4409,2701,1708
12/10/2015 12:00:00 AM,12/24/2015 12:00:00 AM,4409,2701,1708
12/10/2015 12:00:00 AM,12/25/2015 12:00:00 AM,4373,2116,2257
12/10/2015 12:00:00 AM,12/26/2015 12:00:00 AM,4373,2116,2257
12/10/2015 12:00:00 AM,12/27/2015 12:00:00 AM,4373,2116,2257
12/10/2015 12:00:00 AM,12/28/2015 12:00:00 AM,4373,2116,2257
12/10/2015 12:00:00 AM,12/29/2015 12:00:00 AM,4215,2116,2099
12/10/2015 12:00:00 AM,12/30/2015 12:00:00 AM,3429,2116,1313
12/10/2015 12:00:00 AM,12/31/2015 12:00:00 AM,3429,2116,1313
12/10/2015 12:00:00 AM,1/1/2016 12:00:00 AM,3360,2116,1244
12/10/2015 12:00:00 AM,1/2/2016 12:00:00 AM,2708,2066,642
12/10/2015 12:00:00 AM,1/3/2016 12:00:00 AM,2708,2066,642
12/10/2015 12:00:00 AM,1/4/2016 12:00:00 AM,2788,2146,642
12/10/2015 12:00:00 AM,1/5/2016 12:00:00 AM,2797,2146,651
12/10/2015 12:00:00 AM,1/6/2016 12:00:00 AM,2797,2146,651
12/10/2015 12:00:00 AM,1/7/2016 12:00:00 AM,2797,2146,651
12/10/2015 12:00:00 AM,1/8/2016 12:00:00 AM,2788,2146,642
12/10/2015 12:00:00 AM,1/9/2016 12:00:00 AM,2788,2146,642
12/10/2015 12:00:00 AM,1/10/2016 12:00:00 AM,2788,2146,642
12/10/2015 12:00:00 AM,1/11/2016 12:00:00 AM,2286,2146,140
12/10/2015 12:00:00 AM,1/12/2016 12:00:00 AM,2291,2146,145
12/10/2015 12:00:00 AM,1/13/2016 12:00:00 AM,2291,2146,145
12/10/2015 12:00:00 AM,1/14/2016 12:00:00 AM,2291,2146,145
12/10/2015 12:00:00 AM,1/15/2016 12:00:00 AM,2286,2146,140
12/10/2015 12:00:00 AM,1/16/2016 12:00:00 AM,2274,2146,128
12/10/2015 12:00:00 AM,1/17/2016 12:00:00 AM,2287,2146,141
12/10/2015 12:00:00 AM,1/18/2016 12:00:00 AM,2359,2146,213
12/10/2015 12:00:00 AM,1/19/2016 12:00:00 AM,2359,2146,213
12/10/2015 12:00:00 AM,1/20/2016 12:00:00 AM,2359,2146,213
12/10/2015 12:00:00 AM,1/21/2016 12:00:00 AM,2359,2146,213
12/10/2015 12:00:00 AM,1/22/2016 12:00:00 AM,2359,2146,213
12/10/2015 12:00:00 AM,1/23/2016 12:00:00 AM,2359,2146,213
12/10/2015 12:00:00 AM,1/24/2016 12:00:00 AM,2359,2146,213
12/10/2015 12:00:00 AM,1/25/2016 12:00:00 AM,2346,2146,200
12/10/2015 12:00:00 AM,1/26/2016 12:00:00 AM,2346,2146,200
12/10/2015 12:00:00 AM,1/27/2016 12:00:00 AM,2346,2146,200
12/10/2015 12:00:00 AM,1/28/2016 12:00:00 AM,2346,2146,200
12/10/2015 12:00:00 AM,1/29/2016 12:00:00 AM,2346,2146,200
12/10/2015 12:00:00 AM,1/30/2016 12:00:00 AM,3035,2835,200
12/10/2015 12:00:00 AM,1/31/2016 12:00:00 AM,3004,2835,169
12/10/2015 12:00:00 AM,2/1/2016 12:00:00 AM,3243,2835,408
12/10/2015 12:00:00 AM,2/2/2016 12:00:00 AM,3247,2835,412
12/10/2015 12:00:00 AM,2/3/2016 12:00:00 AM,1947,1535,412
12/10/2015 12:00:00 AM,2/4/2016 12:00:00 AM,1947,1535,412
12/10/2015 12:00:00 AM,2/5/2016 12:00:00 AM,2165,1535,630
12/10/2015 12:00:00 AM,2/6/2016 12:00:00 AM,2456,1535,921
12/10/2015 12:00:00 AM,2/7/2016 12:00:00 AM,2456,1535,921
12/10/2015 12:00:00 AM,2/8/2016 12:00:00 AM,2456,1535,921
12/10/2015 12:00:00 AM,2/9/2016 12:00:00 AM,2456,1535,921
12/10/2015 12:00:00 AM,2/10/2016 12:00:00 AM,2501,1535,966
12/10/2015 12:00:00 AM,2/11/2016 12:00:00 AM,2501,1535,966
12/10/2015 12:00:00 AM,2/12/2016 12:00:00 AM,2501,1535,966
12/10/2015 12:00:00 AM,2/13/2016 12:00:00 AM,2553,1535,1018
12/10/2015 12:00:00 AM,2/14/2016 12:00:00 AM,2566,1535,1031
12/10/2015 12:00:00 AM,2/15/2016 12:00:00 AM,4632,2723,1909
12/10/2015 12:00:00 AM,2/16/2016 12:00:00 AM,4357,2493,1864
12/10/2015 12:00:00 AM,2/17/2016 12:00:00 AM,4313,2467,1846
12/10/2015 12:00:00 AM,2/18/2016 12:00:00 AM,4313,2467,1846
12/10/2015 12:00:00 AM,2/19/2016 12:00:00 AM,4313,2467,1846
12/10/2015 12:00:00 AM,2/20/2016 12:00:00 AM,4951,3105,1846
12/10/2015 12:00:00 AM,2/21/2016 12:00:00 AM,4951,3105,1846
12/10/2015 12:00:00 AM,2/22/2016 12:00:00 AM,4938,3105,1833
12/10/2015 12:00:00 AM,2/23/2016 12:00:00 AM,4938,3105,1833
12/10/2015 12:00:00 AM,2/24/2016 12:00:00 AM,4938,3105,1833
12/10/2015 12:00:00 AM,2/25/2016 12:00:00 AM,4893,3105,1788
12/10/2015 12:00:00 AM,2/26/2016 12:00:00 AM,5532,3744,1788
12/10/2015 12:00:00 AM,2/27/2016 12:00:00 AM,5959,4208,1751
12/10/2015 12:00:00 AM,2/28/2016 12:00:00 AM,6792,4358,2434
12/10/2015 12:00:00 AM,2/29/2016 12:00:00 AM,6792,4358,2434
12/10/2015 12:00:00 AM,3/1/2016 12:00:00 AM,8660,4451,4209
12/10/2015 12:00:00 AM,3/2/2016 12:00:00 AM,9238,4969,4269
12/10/2015 12:00:00 AM,3/3/2016 12:00:00 AM,9238,4969,4269
12/10/2015 12:00:00 AM,3/4/2016 12:00:00 AM,9373,4969,4404
12/10/2015 12:00:00 AM,3/5/2016 12:00:00 AM,15054,7960,7094
12/10/2015 12:00:00 AM,3/6/2016 12:00:00 AM,16122,8110,8012
12/10/2015 12:00:00 AM,3/7/2016 12:00:00 AM,16066,7960,8106
12/10/2015 12:00:00 AM,3/8/2016 12:00:00 AM,16066,7960,8106
12/10/2015 12:00:00 AM,3/9/2016 12:00:00 AM,14737,6825,7912
12/10/2015 12:00:00 AM,3/10/2016 12:00:00 AM,14737,6825,7912
12/9/2015 12:00:00 AM,12/10/2015 12:00:00 AM,10624,5554,5070
12/9/2015 12:00:00 AM,12/11/2015 12:00:00 AM,10493,5554,4939
12/9/2015 12:00:00 AM,12/12/2015 12:00:00 AM,10459,6059,4400
12/9/2015 12:00:00 AM,12/13/2015 12:00:00 AM,10472,6059,4413
12/9/2015 12:00:00 AM,12/14/2015 12:00:00 AM,9117,4856,4261
12/9/2015 12:00:00 AM,12/15/2015 12:00:00 AM,7052,4451,2601
12/9/2015 12:00:00 AM,12/16/2015 12:00:00 AM,7114,4513,2601
12/9/2015 12:00:00 AM,12/17/2015 12:00:00 AM,6477,3815,2662
12/9/2015 12:00:00 AM,12/18/2015 12:00:00 AM,5735,3073,2662
12/9/2015 12:00:00 AM,12/19/2015 12:00:00 AM,5722,3073,2649
12/9/2015 12:00:00 AM,12/20/2015 12:00:00 AM,5536,2996,2540
12/9/2015 12:00:00 AM,12/21/2015 12:00:00 AM,5536,2996,2540
12/9/2015 12:00:00 AM,12/22/2015 12:00:00 AM,4656,2116,2540
12/9/2015 12:00:00 AM,12/23/2015 12:00:00 AM,3814,2116,1698
12/9/2015 12:00:00 AM,12/24/2015 12:00:00 AM,3814,2116,1698
12/9/2015 12:00:00 AM,12/25/2015 12:00:00 AM,4363,2116,2247
12/9/2015 12:00:00 AM,12/26/2015 12:00:00 AM,4363,2116,2247
12/9/2015 12:00:00 AM,12/27/2015 12:00:00 AM,4363,2116,2247
12/9/2015 12:00:00 AM,12/28/2015 12:00:00 AM,4363,2116,2247
12/9/2015 12:00:00 AM,12/29/2015 12:00:00 AM,4205,2116,2089
12/9/2015 12:00:00 AM,12/30/2015 12:00:00 AM,3419,2116,1303
12/9/2015 12:00:00 AM,12/31/2015 12:00:00 AM,3419,2116,1303
12/9/2015 12:00:00 AM,1/1/2016 12:00:00 AM,3360,2116,1244
12/9/2015 12:00:00 AM,1/2/2016 12:00:00 AM,2708,2066,642
12/9/2015 12:00:00 AM,1/3/2016 12:00:00 AM,2708,2066,642
12/9/2015 12:00:00 AM,1/4/2016 12:00:00 AM,2788,2146,642
12/9/2015 12:00:00 AM,1/5/2016 12:00:00 AM,2797,2146,651
12/9/2015 12:00:00 AM,1/6/2016 12:00:00 AM,2797,2146,651
12/9/2015 12:00:00 AM,1/7/2016 12:00:00 AM,2797,2146,651
12/9/2015 12:00:00 AM,1/8/2016 12:00:00 AM,2788,2146,642
12/9/2015 12:00:00 AM,1/9/2016 12:00:00 AM,2788,2146,642
12/9/2015 12:00:00 AM,1/10/2016 12:00:00 AM,2788,2146,642
12/9/2015 12:00:00 AM,1/11/2016 12:00:00 AM,2286,2146,140
12/9/2015 12:00:00 AM,1/12/2016 12:00:00 AM,2291,2146,145
12/9/2015 12:00:00 AM,1/13/2016 12:00:00 AM,2291,2146,145
12/9/2015 12:00:00 AM,1/14/2016 12:00:00 AM,2291,2146,145
12/9/2015 12:00:00 AM,1/15/2016 12:00:00 AM,2286,2146,140
12/9/2015 12:00:00 AM,1/16/2016 12:00:00 AM,2274,2146,128
12/9/2015 12:00:00 AM,1/17/2016 12:00:00 AM,2287,2146,141
12/9/2015 12:00:00 AM,1/18/2016 12:00:00 AM,2359,2146,213
12/9/2015 12:00:00 AM,1/19/2016 12:00:00 AM,2359,2146,213
12/9/2015 12:00:00 AM,1/20/2016 12:00:00 AM,2359,2146,213
12/9/2015 12:00:00 AM,1/21/2016 12:00:00 AM,2359,2146,213
12/9/2015 12:00:00 AM,1/22/2016 12:00:00 AM,2359,2146,213
12/9/2015 12:00:00 AM,1/23/2016 12:00:00 AM,2359,2146,213
12/9/2015 12:00:00 AM,1/24/2016 12:00:00 AM,2359,2146,213
12/9/2015 12:00:00 AM,1/25/2016 12:00:00 AM,2346,2146,200
12/9/2015 12:00:00 AM,1/26/2016 12:00:00 AM,2346,2146,200
12/9/2015 12:00:00 AM,1/27/2016 12:00:00 AM,2346,2146,200
12/9/2015 12:00:00 AM,1/28/2016 12:00:00 AM,2346,2146,200
12/9/2015 12:00:00 AM,1/29/2016 12:00:00 AM,2346,2146,200
12/9/2015 12:00:00 AM,1/30/2016 12:00:00 AM,3035,2835,200
12/9/2015 12:00:00 AM,1/31/2016 12:00:00 AM,3004,2835,169
12/9/2015 12:00:00 AM,2/1/2016 12:00:00 AM,3243,2835,408
12/9/2015 12:00:00 AM,2/2/2016 12:00:00 AM,3247,2835,412
12/9/2015 12:00:00 AM,2/3/2016 12:00:00 AM,1947,1535,412
12/9/2015 12:00:00 AM,2/4/2016 12:00:00 AM,1947,1535,412
12/9/2015 12:00:00 AM,2/5/2016 12:00:00 AM,2165,1535,630
12/9/2015 12:00:00 AM,2/6/2016 12:00:00 AM,2456,1535,921
12/9/2015 12:00:00 AM,2/7/2016 12:00:00 AM,2456,1535,921
12/9/2015 12:00:00 AM,2/8/2016 12:00:00 AM,2456,1535,921
12/9/2015 12:00:00 AM,2/9/2016 12:00:00 AM,2456,1535,921
12/9/2015 12:00:00 AM,2/10/2016 12:00:00 AM,2501,1535,966
12/9/2015 12:00:00 AM,2/11/2016 12:00:00 AM,2501,1535,966
12/9/2015 12:00:00 AM,2/12/2016 12:00:00 AM,2501,1535,966
12/9/2015 12:00:00 AM,2/13/2016 12:00:00 AM,2553,1535,1018
12/9/2015 12:00:00 AM,2/14/2016 12:00:00 AM,2566,1535,1031
12/9/2015 12:00:00 AM,2/15/2016 12:00:00 AM,4632,2723,1909
12/9/2015 12:00:00 AM,2/16/2016 12:00:00 AM,4357,2493,1864
12/9/2015 12:00:00 AM,2/17/2016 12:00:00 AM,4313,2467,1846
12/9/2015 12:00:00 AM,2/18/2016 12:00:00 AM,4313,2467,1846
12/9/2015 12:00:00 AM,2/19/2016 12:00:00 AM,4313,2467,1846
12/9/2015 12:00:00 AM,2/20/2016 12:00:00 AM,4951,3105,1846
12/9/2015 12:00:00 AM,2/21/2016 12:00:00 AM,4951,3105,1846
12/9/2015 12:00:00 AM,2/22/2016 12:00:00 AM,4938,3105,1833
12/9/2015 12:00:00 AM,2/23/2016 12:00:00 AM,4938,3105,1833
12/9/2015 12:00:00 AM,2/24/2016 12:00:00 AM,4938,3105,1833
12/9/2015 12:00:00 AM,2/25/2016 12:00:00 AM,4893,3105,1788
12/9/2015 12:00:00 AM,2/26/2016 12:00:00 AM,5532,3744,1788
12/9/2015 12:00:00 AM,2/27/2016 12:00:00 AM,5959,4208,1751
12/9/2015 12:00:00 AM,2/28/2016 12:00:00 AM,6792,4358,2434
12/9/2015 12:00:00 AM,2/29/2016 12:00:00 AM,6792,4358,2434
12/9/2015 12:00:00 AM,3/1/2016 12:00:00 AM,8660,4451,4209
12/9/2015 12:00:00 AM,3/2/2016 12:00:00 AM,9238,4969,4269
12/9/2015 12:00:00 AM,3/3/2016 12:00:00 AM,9238,4969,4269
12/9/2015 12:00:00 AM,3/4/2016 12:00:00 AM,9373,4969,4404
12/9/2015 12:00:00 AM,3/5/2016 12:00:00 AM,15054,7960,7094
12/9/2015 12:00:00 AM,3/6/2016 12:00:00 AM,16122,8110,8012
12/9/2015 12:00:00 AM,3/7/2016 12:00:00 AM,16066,7960,8106
12/9/2015 12:00:00 AM,3/8/2016 12:00:00 AM,16066,7960,8106
12/9/2015 12:00:00 AM,3/9/2016 12:00:00 AM,14737,6825,7912
12/8/2015 12:00:00 AM,12/9/2015 12:00:00 AM,10624,5554,5070
12/8/2015 12:00:00 AM,12/10/2015 12:00:00 AM,10624,5554,5070
12/8/2015 12:00:00 AM,12/11/2015 12:00:00 AM,10493,5554,4939
12/8/2015 12:00:00 AM,12/12/2015 12:00:00 AM,9159,4759,4400
12/8/2015 12:00:00 AM,12/13/2015 12:00:00 AM,9172,4759,4413
12/8/2015 12:00:00 AM,12/14/2015 12:00:00 AM,9117,4856,4261
12/8/2015 12:00:00 AM,12/15/2015 12:00:00 AM,7052,4451,2601
12/8/2015 12:00:00 AM,12/16/2015 12:00:00 AM,7114,4513,2601
12/8/2015 12:00:00 AM,12/17/2015 12:00:00 AM,6477,3815,2662
12/8/2015 12:00:00 AM,12/18/2015 12:00:00 AM,5735,3073,2662
12/8/2015 12:00:00 AM,12/19/2015 12:00:00 AM,5722,3073,2649
12/8/2015 12:00:00 AM,12/20/2015 12:00:00 AM,5536,2996,2540
12/8/2015 12:00:00 AM,12/21/2015 12:00:00 AM,5536,2996,2540
12/8/2015 12:00:00 AM,12/22/2015 12:00:00 AM,4656,2116,2540
12/8/2015 12:00:00 AM,12/23/2015 12:00:00 AM,3814,2116,1698
12/8/2015 12:00:00 AM,12/24/2015 12:00:00 AM,3814,2116,1698
12/8/2015 12:00:00 AM,12/25/2015 12:00:00 AM,4363,2116,2247
12/8/2015 12:00:00 AM,12/26/2015 12:00:00 AM,4363,2116,2247
12/8/2015 12:00:00 AM,12/27/2015 12:00:00 AM,4363,2116,2247
12/8/2015 12:00:00 AM,12/28/2015 12:00:00 AM,4363,2116,2247
12/8/2015 12:00:00 AM,12/29/2015 12:00:00 AM,4205,2116,2089
12/8/2015 12:00:00 AM,12/30/2015 12:00:00 AM,3419,2116,1303
12/8/2015 12:00:00 AM,12/31/2015 12:00:00 AM,3419,2116,1303
12/8/2015 12:00:00 AM,1/1/2016 12:00:00 AM,3360,2116,1244
12/8/2015 12:00:00 AM,1/2/2016 12:00:00 AM,2708,2066,642
12/8/2015 12:00:00 AM,1/3/2016 12:00:00 AM,2708,2066,642
12/8/2015 12:00:00 AM,1/4/2016 12:00:00 AM,2788,2146,642
12/8/2015 12:00:00 AM,1/5/2016 12:00:00 AM,2797,2146,651
12/8/2015 12:00:00 AM,1/6/2016 12:00:00 AM,2797,2146,651
12/8/2015 12:00:00 AM,1/7/2016 12:00:00 AM,2797,2146,651
12/8/2015 12:00:00 AM,1/8/2016 12:00:00 AM,2788,2146,642
12/8/2015 12:00:00 AM,1/9/2016 12:00:00 AM,2788,2146,642
12/8/2015 12:00:00 AM,1/10/2016 12:00:00 AM,2788,2146,642
12/8/2015 12:00:00 AM,1/11/2016 12:00:00 AM,2286,2146,140
12/8/2015 12:00:00 AM,1/12/2016 12:00:00 AM,2291,2146,145
12/8/2015 12:00:00 AM,1/13/2016 12:00:00 AM,2291,2146,145
12/8/2015 12:00:00 AM,1/14/2016 12:00:00 AM,2291,2146,145
12/8/2015 12:00:00 AM,1/15/2016 12:00:00 AM,2286,2146,140
12/8/2015 12:00:00 AM,1/16/2016 12:00:00 AM,2274,2146,128
12/8/2015 12:00:00 AM,1/17/2016 12:00:00 AM,2287,2146,141
12/8/2015 12:00:00 AM,1/18/2016 12:00:00 AM,2359,2146,213
12/8/2015 12:00:00 AM,1/19/2016 12:00:00 AM,2359,2146,213
12/8/2015 12:00:00 AM,1/20/2016 12:00:00 AM,2359,2146,213
12/8/2015 12:00:00 AM,1/21/2016 12:00:00 AM,2359,2146,213
12/8/2015 12:00:00 AM,1/22/2016 12:00:00 AM,2359,2146,213
12/8/2015 12:00:00 AM,1/23/2016 12:00:00 AM,2359,2146,213
12/8/2015 12:00:00 AM,1/24/2016 12:00:00 AM,2359,2146,213
12/8/2015 12:00:00 AM,1/25/2016 12:00:00 AM,2346,2146,200
12/8/2015 12:00:00 AM,1/26/2016 12:00:00 AM,2346,2146,200
12/8/2015 12:00:00 AM,1/27/2016 12:00:00 AM,2346,2146,200
12/8/2015 12:00:00 AM,1/28/2016 12:00:00 AM,2346,2146,200
12/8/2015 12:00:00 AM,1/29/2016 12:00:00 AM,2346,2146,200
12/8/2015 12:00:00 AM,1/30/2016 12:00:00 AM,3035,2835,200
12/8/2015 12:00:00 AM,1/31/2016 12:00:00 AM,2986,2835,151
12/8/2015 12:00:00 AM,2/1/2016 12:00:00 AM,3225,2835,390
12/8/2015 12:00:00 AM,2/2/2016 12:00:00 AM,3229,2835,394
12/8/2015 12:00:00 AM,2/3/2016 12:00:00 AM,1929,1535,394
12/8/2015 12:00:00 AM,2/4/2016 12:00:00 AM,1929,1535,394
12/8/2015 12:00:00 AM,2/5/2016 12:00:00 AM,2147,1535,612
12/8/2015 12:00:00 AM,2/6/2016 12:00:00 AM,2438,1535,903
12/8/2015 12:00:00 AM,2/7/2016 12:00:00 AM,2438,1535,903
12/8/2015 12:00:00 AM,2/8/2016 12:00:00 AM,2438,1535,903
12/8/2015 12:00:00 AM,2/9/2016 12:00:00 AM,2438,1535,903
12/8/2015 12:00:00 AM,2/10/2016 12:00:00 AM,2483,1535,948
12/8/2015 12:00:00 AM,2/11/2016 12:00:00 AM,2483,1535,948
12/8/2015 12:00:00 AM,2/12/2016 12:00:00 AM,2483,1535,948
12/8/2015 12:00:00 AM,2/13/2016 12:00:00 AM,2535,1535,1000
12/8/2015 12:00:00 AM,2/14/2016 12:00:00 AM,2548,1535,1013
12/8/2015 12:00:00 AM,2/15/2016 12:00:00 AM,4614,2723,1891
12/8/2015 12:00:00 AM,2/16/2016 12:00:00 AM,4339,2493,1846
12/8/2015 12:00:00 AM,2/17/2016 12:00:00 AM,4313,2467,1846
12/8/2015 12:00:00 AM,2/18/2016 12:00:00 AM,4313,2467,1846
12/8/2015 12:00:00 AM,2/19/2016 12:00:00 AM,4313,2467,1846
12/8/2015 12:00:00 AM,2/20/2016 12:00:00 AM,4951,3105,1846
12/8/2015 12:00:00 AM,2/21/2016 12:00:00 AM,4951,3105,1846
12/8/2015 12:00:00 AM,2/22/2016 12:00:00 AM,4938,3105,1833
12/8/2015 12:00:00 AM,2/23/2016 12:00:00 AM,4938,3105,1833
12/8/2015 12:00:00 AM,2/24/2016 12:00:00 AM,4938,3105,1833
12/8/2015 12:00:00 AM,2/25/2016 12:00:00 AM,4893,3105,1788
12/8/2015 12:00:00 AM,2/26/2016 12:00:00 AM,5532,3744,1788
12/8/2015 12:00:00 AM,2/27/2016 12:00:00 AM,5959,4208,1751
12/8/2015 12:00:00 AM,2/28/2016 12:00:00 AM,6774,4358,2416
12/8/2015 12:00:00 AM,2/29/2016 12:00:00 AM,6774,4358,2416
12/8/2015 12:00:00 AM,3/1/2016 12:00:00 AM,8642,4451,4191
12/8/2015 12:00:00 AM,3/2/2016 12:00:00 AM,9220,4969,4251
12/8/2015 12:00:00 AM,3/3/2016 12:00:00 AM,9220,4969,4251
12/8/2015 12:00:00 AM,3/4/2016 12:00:00 AM,9355,4969,4386
12/8/2015 12:00:00 AM,3/5/2016 12:00:00 AM,15036,7960,7076
12/8/2015 12:00:00 AM,3/6/2016 12:00:00 AM,16104,8110,7994
12/8/2015 12:00:00 AM,3/7/2016 12:00:00 AM,16066,7960,8106
12/8/2015 12:00:00 AM,3/8/2016 12:00:00 AM,16066,7960,8106
12/7/2015 12:00:00 AM,12/8/2015 12:00:00 AM,11558,5613,5945
12/7/2015 12:00:00 AM,12/9/2015 12:00:00 AM,10847,5613,5234
12/7/2015 12:00:00 AM,12/10/2015 12:00:00 AM,10847,5613,5234
12/7/2015 12:00:00 AM,12/11/2015 12:00:00 AM,10552,5613,4939
12/7/2015 12:00:00 AM,12/12/2015 12:00:00 AM,9159,4759,4400
12/7/2015 12:00:00 AM,12/13/2015 12:00:00 AM,9172,4759,4413
12/7/2015 12:00:00 AM,12/14/2015 12:00:00 AM,9117,4856,4261
12/7/2015 12:00:00 AM,12/15/2015 12:00:00 AM,7052,4451,2601
12/7/2015 12:00:00 AM,12/16/2015 12:00:00 AM,7114,4513,2601
12/7/2015 12:00:00 AM,12/17/2015 12:00:00 AM,6477,3815,2662
12/7/2015 12:00:00 AM,12/18/2015 12:00:00 AM,5735,3073,2662
12/7/2015 12:00:00 AM,12/19/2015 12:00:00 AM,5722,3073,2649
12/7/2015 12:00:00 AM,12/20/2015 12:00:00 AM,5536,2996,2540
12/7/2015 12:00:00 AM,12/21/2015 12:00:00 AM,5536,2996,2540
12/7/2015 12:00:00 AM,12/22/2015 12:00:00 AM,4656,2116,2540
12/7/2015 12:00:00 AM,12/23/2015 12:00:00 AM,3814,2116,1698
12/7/2015 12:00:00 AM,12/24/2015 12:00:00 AM,3814,2116,1698
12/7/2015 12:00:00 AM,12/25/2015 12:00:00 AM,4363,2116,2247
12/7/2015 12:00:00 AM,12/26/2015 12:00:00 AM,4363,2116,2247
12/7/2015 12:00:00 AM,12/27/2015 12:00:00 AM,4363,2116,2247
12/7/2015 12:00:00 AM,12/28/2015 12:00:00 AM,4363,2116,2247
12/7/2015 12:00:00 AM,12/29/2015 12:00:00 AM,4205,2116,2089
12/7/2015 12:00:00 AM,12/30/2015 12:00:00 AM,3419,2116,1303
12/7/2015 12:00:00 AM,12/31/2015 12:00:00 AM,3419,2116,1303
12/7/2015 12:00:00 AM,1/1/2016 12:00:00 AM,3360,2116,1244
12/7/2015 12:00:00 AM,1/2/2016 12:00:00 AM,2708,2066,642
12/7/2015 12:00:00 AM,1/3/2016 12:00:00 AM,2708,2066,642
12/7/2015 12:00:00 AM,1/4/2016 12:00:00 AM,2788,2146,642
12/7/2015 12:00:00 AM,1/5/2016 12:00:00 AM,2797,2146,651
12/7/2015 12:00:00 AM,1/6/2016 12:00:00 AM,2797,2146,651
12/7/2015 12:00:00 AM,1/7/2016 12:00:00 AM,2797,2146,651
12/7/2015 12:00:00 AM,1/8/2016 12:00:00 AM,2788,2146,642
12/7/2015 12:00:00 AM,1/9/2016 12:00:00 AM,2788,2146,642
12/7/2015 12:00:00 AM,1/10/2016 12:00:00 AM,2788,2146,642
12/7/2015 12:00:00 AM,1/11/2016 12:00:00 AM,2286,2146,140
12/7/2015 12:00:00 AM,1/12/2016 12:00:00 AM,2291,2146,145
12/7/2015 12:00:00 AM,1/13/2016 12:00:00 AM,2291,2146,145
12/7/2015 12:00:00 AM,1/14/2016 12:00:00 AM,2291,2146,145
12/7/2015 12:00:00 AM,1/15/2016 12:00:00 AM,2286,2146,140
12/7/2015 12:00:00 AM,1/16/2016 12:00:00 AM,2274,2146,128
12/7/2015 12:00:00 AM,1/17/2016 12:00:00 AM,2287,2146,141
12/7/2015 12:00:00 AM,1/18/2016 12:00:00 AM,2359,2146,213
12/7/2015 12:00:00 AM,1/19/2016 12:00:00 AM,2359,2146,213
12/7/2015 12:00:00 AM,1/20/2016 12:00:00 AM,2359,2146,213
12/7/2015 12:00:00 AM,1/21/2016 12:00:00 AM,2359,2146,213
12/7/2015 12:00:00 AM,1/22/2016 12:00:00 AM,2359,2146,213
12/7/2015 12:00:00 AM,1/23/2016 12:00:00 AM,2359,2146,213
12/7/2015 12:00:00 AM,1/24/2016 12:00:00 AM,2359,2146,213
12/7/2015 12:00:00 AM,1/25/2016 12:00:00 AM,2346,2146,200
12/7/2015 12:00:00 AM,1/26/2016 12:00:00 AM,2346,2146,200
12/7/2015 12:00:00 AM,1/27/2016 12:00:00 AM,2346,2146,200
12/7/2015 12:00:00 AM,1/28/2016 12:00:00 AM,2346,2146,200
12/7/2015 12:00:00 AM,1/29/2016 12:00:00 AM,2346,2146,200
12/7/2015 12:00:00 AM,1/30/2016 12:00:00 AM,3035,2835,200
12/7/2015 12:00:00 AM,1/31/2016 12:00:00 AM,2986,2835,151
12/7/2015 12:00:00 AM,2/1/2016 12:00:00 AM,3225,2835,390
12/7/2015 12:00:00 AM,2/2/2016 12:00:00 AM,3229,2835,394
12/7/2015 12:00:00 AM,2/3/2016 12:00:00 AM,1929,1535,394
12/7/2015 12:00:00 AM,2/4/2016 12:00:00 AM,1929,1535,394
12/7/2015 12:00:00 AM,2/5/2016 12:00:00 AM,2147,1535,612
12/7/2015 12:00:00 AM,2/6/2016 12:00:00 AM,2438,1535,903
12/7/2015 12:00:00 AM,2/7/2016 12:00:00 AM,2438,1535,903
12/7/2015 12:00:00 AM,2/8/2016 12:00:00 AM,2438,1535,903
12/7/2015 12:00:00 AM,2/9/2016 12:00:00 AM,2438,1535,903
12/7/2015 12:00:00 AM,2/10/2016 12:00:00 AM,2483,1535,948
12/7/2015 12:00:00 AM,2/11/2016 12:00:00 AM,2483,1535,948
12/7/2015 12:00:00 AM,2/12/2016 12:00:00 AM,2483,1535,948
12/7/2015 12:00:00 AM,2/13/2016 12:00:00 AM,2535,1535,1000
12/7/2015 12:00:00 AM,2/14/2016 12:00:00 AM,2548,1535,1013
12/7/2015 12:00:00 AM,2/15/2016 12:00:00 AM,4614,2723,1891
12/7/2015 12:00:00 AM,2/16/2016 12:00:00 AM,4339,2493,1846
12/7/2015 12:00:00 AM,2/17/2016 12:00:00 AM,4313,2467,1846
12/7/2015 12:00:00 AM,2/18/2016 12:00:00 AM,4313,2467,1846
12/7/2015 12:00:00 AM,2/19/2016 12:00:00 AM,4313,2467,1846
12/7/2015 12:00:00 AM,2/20/2016 12:00:00 AM,4951,3105,1846
12/7/2015 12:00:00 AM,2/21/2016 12:00:00 AM,4951,3105,1846
12/7/2015 12:00:00 AM,2/22/2016 12:00:00 AM,4938,3105,1833
12/7/2015 12:00:00 AM,2/23/2016 12:00:00 AM,4938,3105,1833
12/7/2015 12:00:00 AM,2/24/2016 12:00:00 AM,4938,3105,1833
12/7/2015 12:00:00 AM,2/25/2016 12:00:00 AM,4893,3105,1788
12/7/2015 12:00:00 AM,2/26/2016 12:00:00 AM,5532,3744,1788
12/7/2015 12:00:00 AM,2/27/2016 12:00:00 AM,5959,4208,1751
12/7/2015 12:00:00 AM,2/28/2016 12:00:00 AM,6774,4358,2416
12/7/2015 12:00:00 AM,2/29/2016 12:00:00 AM,6774,4358,2416
12/7/2015 12:00:00 AM,3/1/2016 12:00:00 AM,8642,4451,4191
12/7/2015 12:00:00 AM,3/2/2016 12:00:00 AM,9220,4969,4251
12/7/2015 12:00:00 AM,3/3/2016 12:00:00 AM,9220,4969,4251
12/7/2015 12:00:00 AM,3/4/2016 12:00:00 AM,9355,4969,4386
12/7/2015 12:00:00 AM,3/5/2016 12:00:00 AM,15036,7960,7076
12/7/2015 12:00:00 AM,3/6/2016 12:00:00 AM,16104,8110,7994
12/7/2015 12:00:00 AM,3/7/2016 12:00:00 AM,16066,7960,8106
12/6/2015 12:00:00 AM,12/7/2015 12:00:00 AM,12009,5613,6396
12/6/2015 12:00:00 AM,12/8/2015 12:00:00 AM,11709,5613,6096
12/6/2015 12:00:00 AM,12/9/2015 12:00:00 AM,10998,5613,5385
12/6/2015 12:00:00 AM,12/10/2015 12:00:00 AM,10998,5613,5385
12/6/2015 12:00:00 AM,12/11/2015 12:00:00 AM,10703,5613,5090
12/6/2015 12:00:00 AM,12/12/2015 12:00:00 AM,9310,4759,4551
12/6/2015 12:00:00 AM,12/13/2015 12:00:00 AM,9172,4759,4413
12/6/2015 12:00:00 AM,12/14/2015 12:00:00 AM,9117,4856,4261
12/6/2015 12:00:00 AM,12/15/2015 12:00:00 AM,7052,4451,2601
12/6/2015 12:00:00 AM,12/16/2015 12:00:00 AM,7114,4513,2601
12/6/2015 12:00:00 AM,12/17/2015 12:00:00 AM,6477,3815,2662
12/6/2015 12:00:00 AM,12/18/2015 12:00:00 AM,5735,3073,2662
12/6/2015 12:00:00 AM,12/19/2015 12:00:00 AM,5722,3073,2649
12/6/2015 12:00:00 AM,12/20/2015 12:00:00 AM,5536,2996,2540
12/6/2015 12:00:00 AM,12/21/2015 12:00:00 AM,5536,2996,2540
12/6/2015 12:00:00 AM,12/22/2015 12:00:00 AM,4656,2116,2540
12/6/2015 12:00:00 AM,12/23/2015 12:00:00 AM,3814,2116,1698
12/6/2015 12:00:00 AM,12/24/2015 12:00:00 AM,3814,2116,1698
12/6/2015 12:00:00 AM,12/25/2015 12:00:00 AM,4363,2116,2247
12/6/2015 12:00:00 AM,12/26/2015 12:00:00 AM,4363,2116,2247
12/6/2015 12:00:00 AM,12/27/2015 12:00:00 AM,4363,2116,2247
12/6/2015 12:00:00 AM,12/28/2015 12:00:00 AM,4363,2116,2247
12/6/2015 12:00:00 AM,12/29/2015 12:00:00 AM,4205,2116,2089
12/6/2015 12:00:00 AM,12/30/2015 12:00:00 AM,3419,2116,1303
12/6/2015 12:00:00 AM,12/31/2015 12:00:00 AM,3419,2116,1303
12/6/2015 12:00:00 AM,1/1/2016 12:00:00 AM,3360,2116,1244
12/6/2015 12:00:00 AM,1/2/2016 12:00:00 AM,2708,2066,642
12/6/2015 12:00:00 AM,1/3/2016 12:00:00 AM,2708,2066,642
12/6/2015 12:00:00 AM,1/4/2016 12:00:00 AM,2788,2146,642
12/6/2015 12:00:00 AM,1/5/2016 12:00:00 AM,2797,2146,651
12/6/2015 12:00:00 AM,1/6/2016 12:00:00 AM,2797,2146,651
12/6/2015 12:00:00 AM,1/7/2016 12:00:00 AM,2797,2146,651
12/6/2015 12:00:00 AM,1/8/2016 12:00:00 AM,2788,2146,642
12/6/2015 12:00:00 AM,1/9/2016 12:00:00 AM,2788,2146,642
12/6/2015 12:00:00 AM,1/10/2016 12:00:00 AM,2788,2146,642
12/6/2015 12:00:00 AM,1/11/2016 12:00:00 AM,2286,2146,140
12/6/2015 12:00:00 AM,1/12/2016 12:00:00 AM,2291,2146,145
12/6/2015 12:00:00 AM,1/13/2016 12:00:00 AM,2291,2146,145
12/6/2015 12:00:00 AM,1/14/2016 12:00:00 AM,2291,2146,145
12/6/2015 12:00:00 AM,1/15/2016 12:00:00 AM,2286,2146,140
12/6/2015 12:00:00 AM,1/16/2016 12:00:00 AM,2274,2146,128
12/6/2015 12:00:00 AM,1/17/2016 12:00:00 AM,2287,2146,141
12/6/2015 12:00:00 AM,1/18/2016 12:00:00 AM,2359,2146,213
12/6/2015 12:00:00 AM,1/19/2016 12:00:00 AM,2359,2146,213
12/6/2015 12:00:00 AM,1/20/2016 12:00:00 AM,2359,2146,213
12/6/2015 12:00:00 AM,1/21/2016 12:00:00 AM,2359,2146,213
12/6/2015 12:00:00 AM,1/22/2016 12:00:00 AM,2359,2146,213
12/6/2015 12:00:00 AM,1/23/2016 12:00:00 AM,2359,2146,213
12/6/2015 12:00:00 AM,1/24/2016 12:00:00 AM,2359,2146,213
12/6/2015 12:00:00 AM,1/25/2016 12:00:00 AM,2346,2146,200
12/6/2015 12:00:00 AM,1/26/2016 12:00:00 AM,2346,2146,200
12/6/2015 12:00:00 AM,1/27/2016 12:00:00 AM,2346,2146,200
12/6/2015 12:00:00 AM,1/28/2016 12:00:00 AM,2346,2146,200
12/6/2015 12:00:00 AM,1/29/2016 12:00:00 AM,2346,2146,200
12/6/2015 12:00:00 AM,1/30/2016 12:00:00 AM,3035,2835,200
12/6/2015 12:00:00 AM,1/31/2016 12:00:00 AM,2986,2835,151
12/6/2015 12:00:00 AM,2/1/2016 12:00:00 AM,3225,2835,390
12/6/2015 12:00:00 AM,2/2/2016 12:00:00 AM,3229,2835,394
12/6/2015 12:00:00 AM,2/3/2016 12:00:00 AM,1929,1535,394
12/6/2015 12:00:00 AM,2/4/2016 12:00:00 AM,1929,1535,394
12/6/2015 12:00:00 AM,2/5/2016 12:00:00 AM,2147,1535,612
12/6/2015 12:00:00 AM,2/6/2016 12:00:00 AM,2438,1535,903
12/6/2015 12:00:00 AM,2/7/2016 12:00:00 AM,2438,1535,903
12/6/2015 12:00:00 AM,2/8/2016 12:00:00 AM,2438,1535,903
12/6/2015 12:00:00 AM,2/9/2016 12:00:00 AM,2438,1535,903
12/6/2015 12:00:00 AM,2/10/2016 12:00:00 AM,2483,1535,948
12/6/2015 12:00:00 AM,2/11/2016 12:00:00 AM,2483,1535,948
12/6/2015 12:00:00 AM,2/12/2016 12:00:00 AM,2483,1535,948
12/6/2015 12:00:00 AM,2/13/2016 12:00:00 AM,2535,1535,1000
12/6/2015 12:00:00 AM,2/14/2016 12:00:00 AM,2548,1535,1013
12/6/2015 12:00:00 AM,2/15/2016 12:00:00 AM,4614,2723,1891
12/6/2015 12:00:00 AM,2/16/2016 12:00:00 AM,4339,2493,1846
12/6/2015 12:00:00 AM,2/17/2016 12:00:00 AM,4313,2467,1846
12/6/2015 12:00:00 AM,2/18/2016 12:00:00 AM,4313,2467,1846
12/6/2015 12:00:00 AM,2/19/2016 12:00:00 AM,4313,2467,1846
12/6/2015 12:00:00 AM,2/20/2016 12:00:00 AM,4951,3105,1846
12/6/2015 12:00:00 AM,2/21/2016 12:00:00 AM,4951,3105,1846
12/6/2015 12:00:00 AM,2/22/2016 12:00:00 AM,4938,3105,1833
12/6/2015 12:00:00 AM,2/23/2016 12:00:00 AM,4938,3105,1833
12/6/2015 12:00:00 AM,2/24/2016 12:00:00 AM,4938,3105,1833
12/6/2015 12:00:00 AM,2/25/2016 12:00:00 AM,4893,3105,1788
12/6/2015 12:00:00 AM,2/26/2016 12:00:00 AM,5532,3744,1788
12/6/2015 12:00:00 AM,2/27/2016 12:00:00 AM,5959,4208,1751
12/6/2015 12:00:00 AM,2/28/2016 12:00:00 AM,6774,4358,2416
12/6/2015 12:00:00 AM,2/29/2016 12:00:00 AM,6774,4358,2416
12/6/2015 12:00:00 AM,3/1/2016 12:00:00 AM,8642,4451,4191
12/6/2015 12:00:00 AM,3/2/2016 12:00:00 AM,9220,4969,4251
12/6/2015 12:00:00 AM,3/3/2016 12:00:00 AM,9220,4969,4251
12/6/2015 12:00:00 AM,3/4/2016 12:00:00 AM,9355,4969,4386
12/6/2015 12:00:00 AM,3/5/2016 12:00:00 AM,15036,7960,7076
12/6/2015 12:00:00 AM,3/6/2016 12:00:00 AM,16104,8110,7994
12/5/2015 12:00:00 AM,12/6/2015 12:00:00 AM,12509,6059,6450
12/5/2015 12:00:00 AM,12/7/2015 12:00:00 AM,12049,5613,6436
12/5/2015 12:00:00 AM,12/8/2015 12:00:00 AM,11749,5613,6136
12/5/2015 12:00:00 AM,12/9/2015 12:00:00 AM,11038,5613,5425
12/5/2015 12:00:00 AM,12/10/2015 12:00:00 AM,11038,5613,5425
12/5/2015 12:00:00 AM,12/11/2015 12:00:00 AM,10743,5613,5130
12/5/2015 12:00:00 AM,12/12/2015 12:00:00 AM,9350,4759,4591
12/5/2015 12:00:00 AM,12/13/2015 12:00:00 AM,9212,4759,4453
12/5/2015 12:00:00 AM,12/14/2015 12:00:00 AM,9157,4856,4301
12/5/2015 12:00:00 AM,12/15/2015 12:00:00 AM,7052,4451,2601
12/5/2015 12:00:00 AM,12/16/2015 12:00:00 AM,7114,4513,2601
12/5/2015 12:00:00 AM,12/17/2015 12:00:00 AM,6477,3815,2662
12/5/2015 12:00:00 AM,12/18/2015 12:00:00 AM,5735,3073,2662
12/5/2015 12:00:00 AM,12/19/2015 12:00:00 AM,5722,3073,2649
12/5/2015 12:00:00 AM,12/20/2015 12:00:00 AM,5536,2996,2540
12/5/2015 12:00:00 AM,12/21/2015 12:00:00 AM,5536,2996,2540
12/5/2015 12:00:00 AM,12/22/2015 12:00:00 AM,4656,2116,2540
12/5/2015 12:00:00 AM,12/23/2015 12:00:00 AM,3814,2116,1698
12/5/2015 12:00:00 AM,12/24/2015 12:00:00 AM,3814,2116,1698
12/5/2015 12:00:00 AM,12/25/2015 12:00:00 AM,4363,2116,2247
12/5/2015 12:00:00 AM,12/26/2015 12:00:00 AM,4363,2116,2247
12/5/2015 12:00:00 AM,12/27/2015 12:00:00 AM,4363,2116,2247
12/5/2015 12:00:00 AM,12/28/2015 12:00:00 AM,4363,2116,2247
12/5/2015 12:00:00 AM,12/29/2015 12:00:00 AM,4205,2116,2089
12/5/2015 12:00:00 AM,12/30/2015 12:00:00 AM,3419,2116,1303
12/5/2015 12:00:00 AM,12/31/2015 12:00:00 AM,3419,2116,1303
12/5/2015 12:00:00 AM,1/1/2016 12:00:00 AM,3360,2116,1244
12/5/2015 12:00:00 AM,1/2/2016 12:00:00 AM,2708,2066,642
12/5/2015 12:00:00 AM,1/3/2016 12:00:00 AM,2708,2066,642
12/5/2015 12:00:00 AM,1/4/2016 12:00:00 AM,2788,2146,642
12/5/2015 12:00:00 AM,1/5/2016 12:00:00 AM,2797,2146,651
12/5/2015 12:00:00 AM,1/6/2016 12:00:00 AM,2797,2146,651
12/5/2015 12:00:00 AM,1/7/2016 12:00:00 AM,2797,2146,651
12/5/2015 12:00:00 AM,1/8/2016 12:00:00 AM,2788,2146,642
12/5/2015 12:00:00 AM,1/9/2016 12:00:00 AM,2788,2146,642
12/5/2015 12:00:00 AM,1/10/2016 12:00:00 AM,2788,2146,642
12/5/2015 12:00:00 AM,1/11/2016 12:00:00 AM,2286,2146,140
12/5/2015 12:00:00 AM,1/12/2016 12:00:00 AM,2291,2146,145
12/5/2015 12:00:00 AM,1/13/2016 12:00:00 AM,2291,2146,145
12/5/2015 12:00:00 AM,1/14/2016 12:00:00 AM,2291,2146,145
12/5/2015 12:00:00 AM,1/15/2016 12:00:00 AM,2286,2146,140
12/5/2015 12:00:00 AM,1/16/2016 12:00:00 AM,2274,2146,128
12/5/2015 12:00:00 AM,1/17/2016 12:00:00 AM,2287,2146,141
12/5/2015 12:00:00 AM,1/18/2016 12:00:00 AM,2359,2146,213
12/5/2015 12:00:00 AM,1/19/2016 12:00:00 AM,2359,2146,213
12/5/2015 12:00:00 AM,1/20/2016 12:00:00 AM,2359,2146,213
12/5/2015 12:00:00 AM,1/21/2016 12:00:00 AM,2359,2146,213
12/5/2015 12:00:00 AM,1/22/2016 12:00:00 AM,2359,2146,213
12/5/2015 12:00:00 AM,1/23/2016 12:00:00 AM,2359,2146,213
12/5/2015 12:00:00 AM,1/24/2016 12:00:00 AM,2359,2146,213
12/5/2015 12:00:00 AM,1/25/2016 12:00:00 AM,2346,2146,200
12/5/2015 12:00:00 AM,1/26/2016 12:00:00 AM,2346,2146,200
12/5/2015 12:00:00 AM,1/27/2016 12:00:00 AM,2346,2146,200
12/5/2015 12:00:00 AM,1/28/2016 12:00:00 AM,2346,2146,200
12/5/2015 12:00:00 AM,1/29/2016 12:00:00 AM,2346,2146,200
12/5/2015 12:00:00 AM,1/30/2016 12:00:00 AM,3035,2835,200
12/5/2015 12:00:00 AM,1/31/2016 12:00:00 AM,2986,2835,151
12/5/2015 12:00:00 AM,2/1/2016 12:00:00 AM,3225,2835,390
12/5/2015 12:00:00 AM,2/2/2016 12:00:00 AM,3229,2835,394
12/5/2015 12:00:00 AM,2/3/2016 12:00:00 AM,1929,1535,394
12/5/2015 12:00:00 AM,2/4/2016 12:00:00 AM,1929,1535,394
12/5/2015 12:00:00 AM,2/5/2016 12:00:00 AM,2147,1535,612
12/5/2015 12:00:00 AM,2/6/2016 12:00:00 AM,2438,1535,903
12/5/2015 12:00:00 AM,2/7/2016 12:00:00 AM,2438,1535,903
12/5/2015 12:00:00 AM,2/8/2016 12:00:00 AM,2438,1535,903
12/5/2015 12:00:00 AM,2/9/2016 12:00:00 AM,2438,1535,903
12/5/2015 12:00:00 AM,2/10/2016 12:00:00 AM,2483,1535,948
12/5/2015 12:00:00 AM,2/11/2016 12:00:00 AM,2483,1535,948
12/5/2015 12:00:00 AM,2/12/2016 12:00:00 AM,2483,1535,948
12/5/2015 12:00:00 AM,2/13/2016 12:00:00 AM,2535,1535,1000
12/5/2015 12:00:00 AM,2/14/2016 12:00:00 AM,2548,1535,1013
12/5/2015 12:00:00 AM,2/15/2016 12:00:00 AM,4614,2723,1891
12/5/2015 12:00:00 AM,2/16/2016 12:00:00 AM,4339,2493,1846
12/5/2015 12:00:00 AM,2/17/2016 12:00:00 AM,4313,2467,1846
12/5/2015 12:00:00 AM,2/18/2016 12:00:00 AM,4313,2467,1846
12/5/2015 12:00:00 AM,2/19/2016 12:00:00 AM,4313,2467,1846
12/5/2015 12:00:00 AM,2/20/2016 12:00:00 AM,4951,3105,1846
12/5/2015 12:00:00 AM,2/21/2016 12:00:00 AM,4951,3105,1846
12/5/2015 12:00:00 AM,2/22/2016 12:00:00 AM,4938,3105,1833
12/5/2015 12:00:00 AM,2/23/2016 12:00:00 AM,4938,3105,1833
12/5/2015 12:00:00 AM,2/24/2016 12:00:00 AM,4938,3105,1833
12/5/2015 12:00:00 AM,2/25/2016 12:00:00 AM,4893,3105,1788
12/5/2015 12:00:00 AM,2/26/2016 12:00:00 AM,5532,3744,1788
12/5/2015 12:00:00 AM,2/27/2016 12:00:00 AM,5959,4208,1751
12/5/2015 12:00:00 AM,2/28/2016 12:00:00 AM,6774,4358,2416
12/5/2015 12:00:00 AM,2/29/2016 12:00:00 AM,6774,4358,2416
12/5/2015 12:00:00 AM,3/1/2016 12:00:00 AM,8642,4451,4191
12/5/2015 12:00:00 AM,3/2/2016 12:00:00 AM,9220,4969,4251
12/5/2015 12:00:00 AM,3/3/2016 12:00:00 AM,9220,4969,4251
12/5/2015 12:00:00 AM,3/4/2016 12:00:00 AM,9355,4969,4386
12/5/2015 12:00:00 AM,3/5/2016 12:00:00 AM,15036,7960,7076
12/4/2015 12:00:00 AM,12/5/2015 12:00:00 AM,12075,5124,6951
12/4/2015 12:00:00 AM,12/6/2015 12:00:00 AM,11209,4759,6450
12/4/2015 12:00:00 AM,12/7/2015 12:00:00 AM,10749,4313,6436
12/4/2015 12:00:00 AM,12/8/2015 12:00:00 AM,10154,4313,5841
12/4/2015 12:00:00 AM,12/9/2015 12:00:00 AM,9443,4313,5130
12/4/2015 12:00:00 AM,12/10/2015 12:00:00 AM,9443,4313,5130
12/4/2015 12:00:00 AM,12/11/2015 12:00:00 AM,8143,3013,5130
12/4/2015 12:00:00 AM,12/12/2015 12:00:00 AM,8050,3459,4591
12/4/2015 12:00:00 AM,12/13/2015 12:00:00 AM,7912,3459,4453
12/4/2015 12:00:00 AM,12/14/2015 12:00:00 AM,7857,3556,4301
12/4/2015 12:00:00 AM,12/15/2015 12:00:00 AM,5752,3151,2601
12/4/2015 12:00:00 AM,12/16/2015 12:00:00 AM,5814,3213,2601
12/4/2015 12:00:00 AM,12/17/2015 12:00:00 AM,5177,2515,2662
12/4/2015 12:00:00 AM,12/18/2015 12:00:00 AM,4435,1773,2662
12/4/2015 12:00:00 AM,12/19/2015 12:00:00 AM,4422,1773,2649
12/4/2015 12:00:00 AM,12/20/2015 12:00:00 AM,4236,1696,2540
12/4/2015 12:00:00 AM,12/21/2015 12:00:00 AM,4236,1696,2540
12/4/2015 12:00:00 AM,12/22/2015 12:00:00 AM,3356,816,2540
12/4/2015 12:00:00 AM,12/23/2015 12:00:00 AM,2514,816,1698
12/4/2015 12:00:00 AM,12/24/2015 12:00:00 AM,2514,816,1698
12/4/2015 12:00:00 AM,12/25/2015 12:00:00 AM,3063,816,2247
12/4/2015 12:00:00 AM,12/26/2015 12:00:00 AM,3063,816,2247
12/4/2015 12:00:00 AM,12/27/2015 12:00:00 AM,3063,816,2247
12/4/2015 12:00:00 AM,12/28/2015 12:00:00 AM,3063,816,2247
12/4/2015 12:00:00 AM,12/29/2015 12:00:00 AM,2905,816,2089
12/4/2015 12:00:00 AM,12/30/2015 12:00:00 AM,2119,816,1303
12/4/2015 12:00:00 AM,12/31/2015 12:00:00 AM,2119,816,1303
12/4/2015 12:00:00 AM,1/1/2016 12:00:00 AM,2060,816,1244
12/4/2015 12:00:00 AM,1/2/2016 12:00:00 AM,1408,766,642
12/4/2015 12:00:00 AM,1/3/2016 12:00:00 AM,1408,766,642
12/4/2015 12:00:00 AM,1/4/2016 12:00:00 AM,1488,846,642
12/4/2015 12:00:00 AM,1/5/2016 12:00:00 AM,1497,846,651
12/4/2015 12:00:00 AM,1/6/2016 12:00:00 AM,1497,846,651
12/4/2015 12:00:00 AM,1/7/2016 12:00:00 AM,1497,846,651
12/4/2015 12:00:00 AM,1/8/2016 12:00:00 AM,1488,846,642
12/4/2015 12:00:00 AM,1/9/2016 12:00:00 AM,1488,846,642
12/4/2015 12:00:00 AM,1/10/2016 12:00:00 AM,1488,846,642
12/4/2015 12:00:00 AM,1/11/2016 12:00:00 AM,986,846,140
12/4/2015 12:00:00 AM,1/12/2016 12:00:00 AM,991,846,145
12/4/2015 12:00:00 AM,1/13/2016 12:00:00 AM,991,846,145
12/4/2015 12:00:00 AM,1/14/2016 12:00:00 AM,991,846,145
12/4/2015 12:00:00 AM,1/15/2016 12:00:00 AM,986,846,140
12/4/2015 12:00:00 AM,1/16/2016 12:00:00 AM,974,846,128
12/4/2015 12:00:00 AM,1/17/2016 12:00:00 AM,987,846,141
12/4/2015 12:00:00 AM,1/18/2016 12:00:00 AM,1059,846,213
12/4/2015 12:00:00 AM,1/19/2016 12:00:00 AM,1059,846,213
12/4/2015 12:00:00 AM,1/20/2016 12:00:00 AM,1059,846,213
12/4/2015 12:00:00 AM,1/21/2016 12:00:00 AM,1059,846,213
12/4/2015 12:00:00 AM,1/22/2016 12:00:00 AM,1059,846,213
12/4/2015 12:00:00 AM,1/23/2016 12:00:00 AM,1059,846,213
12/4/2015 12:00:00 AM,1/24/2016 12:00:00 AM,1059,846,213
12/4/2015 12:00:00 AM,1/25/2016 12:00:00 AM,1046,846,200
12/4/2015 12:00:00 AM,1/26/2016 12:00:00 AM,1046,846,200
12/4/2015 12:00:00 AM,1/27/2016 12:00:00 AM,1046,846,200
12/4/2015 12:00:00 AM,1/28/2016 12:00:00 AM,1046,846,200
12/4/2015 12:00:00 AM,1/29/2016 12:00:00 AM,1046,846,200
12/4/2015 12:00:00 AM,1/30/2016 12:00:00 AM,1735,1535,200
12/4/2015 12:00:00 AM,1/31/2016 12:00:00 AM,1686,1535,151
12/4/2015 12:00:00 AM,2/1/2016 12:00:00 AM,1925,1535,390
12/4/2015 12:00:00 AM,2/2/2016 12:00:00 AM,1929,1535,394
12/4/2015 12:00:00 AM,2/3/2016 12:00:00 AM,1929,1535,394
12/4/2015 12:00:00 AM,2/4/2016 12:00:00 AM,1929,1535,394
12/4/2015 12:00:00 AM,2/5/2016 12:00:00 AM,2147,1535,612
12/4/2015 12:00:00 AM,2/6/2016 12:00:00 AM,2438,1535,903
12/4/2015 12:00:00 AM,2/7/2016 12:00:00 AM,2438,1535,903
12/4/2015 12:00:00 AM,2/8/2016 12:00:00 AM,2438,1535,903
12/4/2015 12:00:00 AM,2/9/2016 12:00:00 AM,2438,1535,903
12/4/2015 12:00:00 AM,2/10/2016 12:00:00 AM,2483,1535,948
12/4/2015 12:00:00 AM,2/11/2016 12:00:00 AM,2483,1535,948
12/4/2015 12:00:00 AM,2/12/2016 12:00:00 AM,2483,1535,948
12/4/2015 12:00:00 AM,2/13/2016 12:00:00 AM,2535,1535,1000
12/4/2015 12:00:00 AM,2/14/2016 12:00:00 AM,2548,1535,1013
12/4/2015 12:00:00 AM,2/15/2016 12:00:00 AM,4614,2723,1891
12/4/2015 12:00:00 AM,2/16/2016 12:00:00 AM,4339,2493,1846
12/4/2015 12:00:00 AM,2/17/2016 12:00:00 AM,4313,2467,1846
12/4/2015 12:00:00 AM,2/18/2016 12:00:00 AM,4313,2467,1846
12/4/2015 12:00:00 AM,2/19/2016 12:00:00 AM,4313,2467,1846
12/4/2015 12:00:00 AM,2/20/2016 12:00:00 AM,4951,3105,1846
12/4/2015 12:00:00 AM,2/21/2016 12:00:00 AM,4951,3105,1846
12/4/2015 12:00:00 AM,2/22/2016 12:00:00 AM,4938,3105,1833
12/4/2015 12:00:00 AM,2/23/2016 12:00:00 AM,4938,3105,1833
12/4/2015 12:00:00 AM,2/24/2016 12:00:00 AM,4938,3105,1833
12/4/2015 12:00:00 AM,2/25/2016 12:00:00 AM,4893,3105,1788
12/4/2015 12:00:00 AM,2/26/2016 12:00:00 AM,5532,3744,1788
12/4/2015 12:00:00 AM,2/27/2016 12:00:00 AM,5959,4208,1751
12/4/2015 12:00:00 AM,2/28/2016 12:00:00 AM,6774,4358,2416
12/4/2015 12:00:00 AM,2/29/2016 12:00:00 AM,6774,4358,2416
12/4/2015 12:00:00 AM,3/1/2016 12:00:00 AM,8642,4451,4191
12/4/2015 12:00:00 AM,3/2/2016 12:00:00 AM,9220,4969,4251
12/4/2015 12:00:00 AM,3/3/2016 12:00:00 AM,9220,4969,4251
12/4/2015 12:00:00 AM,3/4/2016 12:00:00 AM,9355,4969,4386
12/3/2015 12:00:00 AM,12/4/2015 12:00:00 AM,12610,5454,7156
12/3/2015 12:00:00 AM,12/5/2015 12:00:00 AM,12089,4539,7550
12/3/2015 12:00:00 AM,12/6/2015 12:00:00 AM,10624,4174,6450
12/3/2015 12:00:00 AM,12/7/2015 12:00:00 AM,10749,4313,6436
12/3/2015 12:00:00 AM,12/8/2015 12:00:00 AM,10154,4313,5841
12/3/2015 12:00:00 AM,12/9/2015 12:00:00 AM,9443,4313,5130
12/3/2015 12:00:00 AM,12/10/2015 12:00:00 AM,9443,4313,5130
12/3/2015 12:00:00 AM,12/11/2015 12:00:00 AM,8143,3013,5130
12/3/2015 12:00:00 AM,12/12/2015 12:00:00 AM,8050,3459,4591
12/3/2015 12:00:00 AM,12/13/2015 12:00:00 AM,7897,3444,4453
12/3/2015 12:00:00 AM,12/14/2015 12:00:00 AM,7842,3541,4301
12/3/2015 12:00:00 AM,12/15/2015 12:00:00 AM,5737,3136,2601
12/3/2015 12:00:00 AM,12/16/2015 12:00:00 AM,5799,3198,2601
12/3/2015 12:00:00 AM,12/17/2015 12:00:00 AM,5162,2500,2662
12/3/2015 12:00:00 AM,12/18/2015 12:00:00 AM,4420,1758,2662
12/3/2015 12:00:00 AM,12/19/2015 12:00:00 AM,4407,1758,2649
12/3/2015 12:00:00 AM,12/20/2015 12:00:00 AM,4236,1696,2540
12/3/2015 12:00:00 AM,12/21/2015 12:00:00 AM,4236,1696,2540
12/3/2015 12:00:00 AM,12/22/2015 12:00:00 AM,3356,816,2540
12/3/2015 12:00:00 AM,12/23/2015 12:00:00 AM,2514,816,1698
12/3/2015 12:00:00 AM,12/24/2015 12:00:00 AM,2514,816,1698
12/3/2015 12:00:00 AM,12/25/2015 12:00:00 AM,3063,816,2247
12/3/2015 12:00:00 AM,12/26/2015 12:00:00 AM,3063,816,2247
12/3/2015 12:00:00 AM,12/27/2015 12:00:00 AM,3063,816,2247
12/3/2015 12:00:00 AM,12/28/2015 12:00:00 AM,3063,816,2247
12/3/2015 12:00:00 AM,12/29/2015 12:00:00 AM,2905,816,2089
12/3/2015 12:00:00 AM,12/30/2015 12:00:00 AM,2119,816,1303
12/3/2015 12:00:00 AM,12/31/2015 12:00:00 AM,2119,816,1303
12/3/2015 12:00:00 AM,1/1/2016 12:00:00 AM,2060,816,1244
12/3/2015 12:00:00 AM,1/2/2016 12:00:00 AM,1408,766,642
12/3/2015 12:00:00 AM,1/3/2016 12:00:00 AM,1408,766,642
12/3/2015 12:00:00 AM,1/4/2016 12:00:00 AM,1408,766,642
12/3/2015 12:00:00 AM,1/5/2016 12:00:00 AM,1417,766,651
12/3/2015 12:00:00 AM,1/6/2016 12:00:00 AM,1417,766,651
12/3/2015 12:00:00 AM,1/7/2016 12:00:00 AM,1417,766,651
12/3/2015 12:00:00 AM,1/8/2016 12:00:00 AM,1408,766,642
12/3/2015 12:00:00 AM,1/9/2016 12:00:00 AM,1408,766,642
12/3/2015 12:00:00 AM,1/10/2016 12:00:00 AM,1408,766,642
12/3/2015 12:00:00 AM,1/11/2016 12:00:00 AM,906,766,140
12/3/2015 12:00:00 AM,1/12/2016 12:00:00 AM,911,766,145
12/3/2015 12:00:00 AM,1/13/2016 12:00:00 AM,911,766,145
12/3/2015 12:00:00 AM,1/14/2016 12:00:00 AM,911,766,145
12/3/2015 12:00:00 AM,1/15/2016 12:00:00 AM,906,766,140
12/3/2015 12:00:00 AM,1/16/2016 12:00:00 AM,894,766,128
12/3/2015 12:00:00 AM,1/17/2016 12:00:00 AM,907,766,141
12/3/2015 12:00:00 AM,1/18/2016 12:00:00 AM,979,766,213
12/3/2015 12:00:00 AM,1/19/2016 12:00:00 AM,979,766,213
12/3/2015 12:00:00 AM,1/20/2016 12:00:00 AM,979,766,213
12/3/2015 12:00:00 AM,1/21/2016 12:00:00 AM,979,766,213
12/3/2015 12:00:00 AM,1/22/2016 12:00:00 AM,979,766,213
12/3/2015 12:00:00 AM,1/23/2016 12:00:00 AM,979,766,213
12/3/2015 12:00:00 AM,1/24/2016 12:00:00 AM,979,766,213
12/3/2015 12:00:00 AM,1/25/2016 12:00:00 AM,966,766,200
12/3/2015 12:00:00 AM,1/26/2016 12:00:00 AM,966,766,200
12/3/2015 12:00:00 AM,1/27/2016 12:00:00 AM,966,766,200
12/3/2015 12:00:00 AM,1/28/2016 12:00:00 AM,966,766,200
12/3/2015 12:00:00 AM,1/29/2016 12:00:00 AM,966,766,200
12/3/2015 12:00:00 AM,1/30/2016 12:00:00 AM,1735,1535,200
12/3/2015 12:00:00 AM,1/31/2016 12:00:00 AM,1686,1535,151
12/3/2015 12:00:00 AM,2/1/2016 12:00:00 AM,1925,1535,390
12/3/2015 12:00:00 AM,2/2/2016 12:00:00 AM,1929,1535,394
12/3/2015 12:00:00 AM,2/3/2016 12:00:00 AM,1929,1535,394
12/3/2015 12:00:00 AM,2/4/2016 12:00:00 AM,1929,1535,394
12/3/2015 12:00:00 AM,2/5/2016 12:00:00 AM,2147,1535,612
12/3/2015 12:00:00 AM,2/6/2016 12:00:00 AM,2438,1535,903
12/3/2015 12:00:00 AM,2/7/2016 12:00:00 AM,2438,1535,903
12/3/2015 12:00:00 AM,2/8/2016 12:00:00 AM,2438,1535,903
12/3/2015 12:00:00 AM,2/9/2016 12:00:00 AM,2438,1535,903
12/3/2015 12:00:00 AM,2/10/2016 12:00:00 AM,2483,1535,948
12/3/2015 12:00:00 AM,2/11/2016 12:00:00 AM,2483,1535,948
12/3/2015 12:00:00 AM,2/12/2016 12:00:00 AM,2483,1535,948
12/3/2015 12:00:00 AM,2/13/2016 12:00:00 AM,2535,1535,1000
12/3/2015 12:00:00 AM,2/14/2016 12:00:00 AM,2548,1535,1013
12/3/2015 12:00:00 AM,2/15/2016 12:00:00 AM,4614,2723,1891
12/3/2015 12:00:00 AM,2/16/2016 12:00:00 AM,4339,2493,1846
12/3/2015 12:00:00 AM,2/17/2016 12:00:00 AM,4313,2467,1846
12/3/2015 12:00:00 AM,2/18/2016 12:00:00 AM,4313,2467,1846
12/3/2015 12:00:00 AM,2/19/2016 12:00:00 AM,4313,2467,1846
12/3/2015 12:00:00 AM,2/20/2016 12:00:00 AM,4951,3105,1846
12/3/2015 12:00:00 AM,2/21/2016 12:00:00 AM,4951,3105,1846
12/3/2015 12:00:00 AM,2/22/2016 12:00:00 AM,4938,3105,1833
12/3/2015 12:00:00 AM,2/23/2016 12:00:00 AM,4938,3105,1833
12/3/2015 12:00:00 AM,2/24/2016 12:00:00 AM,4938,3105,1833
12/3/2015 12:00:00 AM,2/25/2016 12:00:00 AM,4893,3105,1788
12/3/2015 12:00:00 AM,2/26/2016 12:00:00 AM,5532,3744,1788
12/3/2015 12:00:00 AM,2/27/2016 12:00:00 AM,5959,4208,1751
12/3/2015 12:00:00 AM,2/28/2016 12:00:00 AM,6774,4358,2416
12/3/2015 12:00:00 AM,2/29/2016 12:00:00 AM,6774,4358,2416
12/3/2015 12:00:00 AM,3/1/2016 12:00:00 AM,8642,4451,4191
12/3/2015 12:00:00 AM,3/2/2016 12:00:00 AM,9220,4969,4251
12/3/2015 12:00:00 AM,3/3/2016 12:00:00 AM,9220,4969,4251
12/2/2015 12:00:00 AM,12/3/2015 12:00:00 AM,11863,4583,7280
12/2/2015 12:00:00 AM,12/4/2015 12:00:00 AM,11863,4583,7280
12/2/2015 12:00:00 AM,12/5/2015 12:00:00 AM,12257,4583,7674
12/2/2015 12:00:00 AM,12/6/2015 12:00:00 AM,10683,4218,6465
12/2/2015 12:00:00 AM,12/7/2015 12:00:00 AM,10808,4357,6451
12/2/2015 12:00:00 AM,12/8/2015 12:00:00 AM,10213,4357,5856
12/2/2015 12:00:00 AM,12/9/2015 12:00:00 AM,9502,4357,5145
12/2/2015 12:00:00 AM,12/10/2015 12:00:00 AM,9502,4357,5145
12/2/2015 12:00:00 AM,12/11/2015 12:00:00 AM,8202,3057,5145
12/2/2015 12:00:00 AM,12/12/2015 12:00:00 AM,8094,3503,4591
12/2/2015 12:00:00 AM,12/13/2015 12:00:00 AM,7941,3488,4453
12/2/2015 12:00:00 AM,12/14/2015 12:00:00 AM,7886,3585,4301
12/2/2015 12:00:00 AM,12/15/2015 12:00:00 AM,5781,3180,2601
12/2/2015 12:00:00 AM,12/16/2015 12:00:00 AM,5799,3198,2601
12/2/2015 12:00:00 AM,12/17/2015 12:00:00 AM,5162,2500,2662
12/2/2015 12:00:00 AM,12/18/2015 12:00:00 AM,4420,1758,2662
12/2/2015 12:00:00 AM,12/19/2015 12:00:00 AM,4407,1758,2649
12/2/2015 12:00:00 AM,12/20/2015 12:00:00 AM,4236,1696,2540
12/2/2015 12:00:00 AM,12/21/2015 12:00:00 AM,4236,1696,2540
12/2/2015 12:00:00 AM,12/22/2015 12:00:00 AM,3356,816,2540
12/2/2015 12:00:00 AM,12/23/2015 12:00:00 AM,2514,816,1698
12/2/2015 12:00:00 AM,12/24/2015 12:00:00 AM,2514,816,1698
12/2/2015 12:00:00 AM,12/25/2015 12:00:00 AM,3063,816,2247
12/2/2015 12:00:00 AM,12/26/2015 12:00:00 AM,3063,816,2247
12/2/2015 12:00:00 AM,12/27/2015 12:00:00 AM,3063,816,2247
12/2/2015 12:00:00 AM,12/28/2015 12:00:00 AM,3063,816,2247
12/2/2015 12:00:00 AM,12/29/2015 12:00:00 AM,2905,816,2089
12/2/2015 12:00:00 AM,12/30/2015 12:00:00 AM,2119,816,1303
12/2/2015 12:00:00 AM,12/31/2015 12:00:00 AM,2119,816,1303
12/2/2015 12:00:00 AM,1/1/2016 12:00:00 AM,2060,816,1244
12/2/2015 12:00:00 AM,1/2/2016 12:00:00 AM,1408,766,642
12/2/2015 12:00:00 AM,1/3/2016 12:00:00 AM,1408,766,642
12/2/2015 12:00:00 AM,1/4/2016 12:00:00 AM,1408,766,642
12/2/2015 12:00:00 AM,1/5/2016 12:00:00 AM,1417,766,651
12/2/2015 12:00:00 AM,1/6/2016 12:00:00 AM,1417,766,651
12/2/2015 12:00:00 AM,1/7/2016 12:00:00 AM,1417,766,651
12/2/2015 12:00:00 AM,1/8/2016 12:00:00 AM,1408,766,642
12/2/2015 12:00:00 AM,1/9/2016 12:00:00 AM,1408,766,642
12/2/2015 12:00:00 AM,1/10/2016 12:00:00 AM,1408,766,642
12/2/2015 12:00:00 AM,1/11/2016 12:00:00 AM,906,766,140
12/2/2015 12:00:00 AM,1/12/2016 12:00:00 AM,911,766,145
12/2/2015 12:00:00 AM,1/13/2016 12:00:00 AM,911,766,145
12/2/2015 12:00:00 AM,1/14/2016 12:00:00 AM,911,766,145
12/2/2015 12:00:00 AM,1/15/2016 12:00:00 AM,906,766,140
12/2/2015 12:00:00 AM,1/16/2016 12:00:00 AM,894,766,128
12/2/2015 12:00:00 AM,1/17/2016 12:00:00 AM,907,766,141
12/2/2015 12:00:00 AM,1/18/2016 12:00:00 AM,979,766,213
12/2/2015 12:00:00 AM,1/19/2016 12:00:00 AM,979,766,213
12/2/2015 12:00:00 AM,1/20/2016 12:00:00 AM,979,766,213
12/2/2015 12:00:00 AM,1/21/2016 12:00:00 AM,979,766,213
12/2/2015 12:00:00 AM,1/22/2016 12:00:00 AM,979,766,213
12/2/2015 12:00:00 AM,1/23/2016 12:00:00 AM,979,766,213
12/2/2015 12:00:00 AM,1/24/2016 12:00:00 AM,979,766,213
12/2/2015 12:00:00 AM,1/25/2016 12:00:00 AM,966,766,200
12/2/2015 12:00:00 AM,1/26/2016 12:00:00 AM,966,766,200
12/2/2015 12:00:00 AM,1/27/2016 12:00:00 AM,966,766,200
12/2/2015 12:00:00 AM,1/28/2016 12:00:00 AM,966,766,200
12/2/2015 12:00:00 AM,1/29/2016 12:00:00 AM,966,766,200
12/2/2015 12:00:00 AM,1/30/2016 12:00:00 AM,1735,1535,200
12/2/2015 12:00:00 AM,1/31/2016 12:00:00 AM,1686,1535,151
12/2/2015 12:00:00 AM,2/1/2016 12:00:00 AM,1925,1535,390
12/2/2015 12:00:00 AM,2/2/2016 12:00:00 AM,1929,1535,394
12/2/2015 12:00:00 AM,2/3/2016 12:00:00 AM,1929,1535,394
12/2/2015 12:00:00 AM,2/4/2016 12:00:00 AM,1929,1535,394
12/2/2015 12:00:00 AM,2/5/2016 12:00:00 AM,2147,1535,612
12/2/2015 12:00:00 AM,2/6/2016 12:00:00 AM,2438,1535,903
12/2/2015 12:00:00 AM,2/7/2016 12:00:00 AM,2438,1535,903
12/2/2015 12:00:00 AM,2/8/2016 12:00:00 AM,2438,1535,903
12/2/2015 12:00:00 AM,2/9/2016 12:00:00 AM,2438,1535,903
12/2/2015 12:00:00 AM,2/10/2016 12:00:00 AM,2483,1535,948
12/2/2015 12:00:00 AM,2/11/2016 12:00:00 AM,2483,1535,948
12/2/2015 12:00:00 AM,2/12/2016 12:00:00 AM,2483,1535,948
12/2/2015 12:00:00 AM,2/13/2016 12:00:00 AM,2535,1535,1000
12/2/2015 12:00:00 AM,2/14/2016 12:00:00 AM,2548,1535,1013
12/2/2015 12:00:00 AM,2/15/2016 12:00:00 AM,4614,2723,1891
12/2/2015 12:00:00 AM,2/16/2016 12:00:00 AM,4339,2493,1846
12/2/2015 12:00:00 AM,2/17/2016 12:00:00 AM,4313,2467,1846
12/2/2015 12:00:00 AM,2/18/2016 12:00:00 AM,4313,2467,1846
12/2/2015 12:00:00 AM,2/19/2016 12:00:00 AM,4313,2467,1846
12/2/2015 12:00:00 AM,2/20/2016 12:00:00 AM,4951,3105,1846
12/2/2015 12:00:00 AM,2/21/2016 12:00:00 AM,4951,3105,1846
12/2/2015 12:00:00 AM,2/22/2016 12:00:00 AM,4938,3105,1833
12/2/2015 12:00:00 AM,2/23/2016 12:00:00 AM,4938,3105,1833
12/2/2015 12:00:00 AM,2/24/2016 12:00:00 AM,4938,3105,1833
12/2/2015 12:00:00 AM,2/25/2016 12:00:00 AM,4893,3105,1788
12/2/2015 12:00:00 AM,2/26/2016 12:00:00 AM,5532,3744,1788
12/2/2015 12:00:00 AM,2/27/2016 12:00:00 AM,5959,4208,1751
12/2/2015 12:00:00 AM,2/28/2016 12:00:00 AM,6774,4358,2416
12/2/2015 12:00:00 AM,2/29/2016 12:00:00 AM,6774,4358,2416
12/2/2015 12:00:00 AM,3/1/2016 12:00:00 AM,8642,4451,4191
12/2/2015 12:00:00 AM,3/2/2016 12:00:00 AM,9220,4969,4251
12/1/2015 12:00:00 AM,12/2/2015 12:00:00 AM,12128,4803,7325
12/1/2015 12:00:00 AM,12/3/2015 12:00:00 AM,11543,4218,7325
12/1/2015 12:00:00 AM,12/4/2015 12:00:00 AM,10385,4218,6167
12/1/2015 12:00:00 AM,12/5/2015 12:00:00 AM,10779,4218,6561
12/1/2015 12:00:00 AM,12/6/2015 12:00:00 AM,10728,4218,6510
12/1/2015 12:00:00 AM,12/7/2015 12:00:00 AM,10853,4357,6496
12/1/2015 12:00:00 AM,12/8/2015 12:00:00 AM,10258,4357,5901
12/1/2015 12:00:00 AM,12/9/2015 12:00:00 AM,8247,3057,5190
12/1/2015 12:00:00 AM,12/10/2015 12:00:00 AM,8247,3057,5190
12/1/2015 12:00:00 AM,12/11/2015 12:00:00 AM,8247,3057,5190
12/1/2015 12:00:00 AM,12/12/2015 12:00:00 AM,8094,3503,4591
12/1/2015 12:00:00 AM,12/13/2015 12:00:00 AM,7941,3488,4453
12/1/2015 12:00:00 AM,12/14/2015 12:00:00 AM,7886,3585,4301
12/1/2015 12:00:00 AM,12/15/2015 12:00:00 AM,5781,3180,2601
12/1/2015 12:00:00 AM,12/16/2015 12:00:00 AM,5799,3198,2601
12/1/2015 12:00:00 AM,12/17/2015 12:00:00 AM,5162,2500,2662
12/1/2015 12:00:00 AM,12/18/2015 12:00:00 AM,4420,1758,2662
12/1/2015 12:00:00 AM,12/19/2015 12:00:00 AM,4407,1758,2649
12/1/2015 12:00:00 AM,12/20/2015 12:00:00 AM,4236,1696,2540
12/1/2015 12:00:00 AM,12/21/2015 12:00:00 AM,4236,1696,2540
12/1/2015 12:00:00 AM,12/22/2015 12:00:00 AM,3356,816,2540
12/1/2015 12:00:00 AM,12/23/2015 12:00:00 AM,2514,816,1698
12/1/2015 12:00:00 AM,12/24/2015 12:00:00 AM,2514,816,1698
12/1/2015 12:00:00 AM,12/25/2015 12:00:00 AM,3063,816,2247
12/1/2015 12:00:00 AM,12/26/2015 12:00:00 AM,3063,816,2247
12/1/2015 12:00:00 AM,12/27/2015 12:00:00 AM,3063,816,2247
12/1/2015 12:00:00 AM,12/28/2015 12:00:00 AM,3063,816,2247
12/1/2015 12:00:00 AM,12/29/2015 12:00:00 AM,2905,816,2089
12/1/2015 12:00:00 AM,12/30/2015 12:00:00 AM,2119,816,1303
12/1/2015 12:00:00 AM,12/31/2015 12:00:00 AM,2119,816,1303
12/1/2015 12:00:00 AM,1/1/2016 12:00:00 AM,2060,816,1244
12/1/2015 12:00:00 AM,1/2/2016 12:00:00 AM,1408,766,642
12/1/2015 12:00:00 AM,1/3/2016 12:00:00 AM,1408,766,642
12/1/2015 12:00:00 AM,1/4/2016 12:00:00 AM,1408,766,642
12/1/2015 12:00:00 AM,1/5/2016 12:00:00 AM,1412,766,646
12/1/2015 12:00:00 AM,1/6/2016 12:00:00 AM,1412,766,646
12/1/2015 12:00:00 AM,1/7/2016 12:00:00 AM,1412,766,646
12/1/2015 12:00:00 AM,1/8/2016 12:00:00 AM,1408,766,642
12/1/2015 12:00:00 AM,1/9/2016 12:00:00 AM,1408,766,642
12/1/2015 12:00:00 AM,1/10/2016 12:00:00 AM,1408,766,642
12/1/2015 12:00:00 AM,1/11/2016 12:00:00 AM,906,766,140
12/1/2015 12:00:00 AM,1/12/2016 12:00:00 AM,906,766,140
12/1/2015 12:00:00 AM,1/13/2016 12:00:00 AM,906,766,140
12/1/2015 12:00:00 AM,1/14/2016 12:00:00 AM,906,766,140
12/1/2015 12:00:00 AM,1/15/2016 12:00:00 AM,906,766,140
12/1/2015 12:00:00 AM,1/16/2016 12:00:00 AM,894,766,128
12/1/2015 12:00:00 AM,1/17/2016 12:00:00 AM,907,766,141
12/1/2015 12:00:00 AM,1/18/2016 12:00:00 AM,979,766,213
12/1/2015 12:00:00 AM,1/19/2016 12:00:00 AM,979,766,213
12/1/2015 12:00:00 AM,1/20/2016 12:00:00 AM,979,766,213
12/1/2015 12:00:00 AM,1/21/2016 12:00:00 AM,979,766,213
12/1/2015 12:00:00 AM,1/22/2016 12:00:00 AM,979,766,213
12/1/2015 12:00:00 AM,1/23/2016 12:00:00 AM,979,766,213
12/1/2015 12:00:00 AM,1/24/2016 12:00:00 AM,979,766,213
12/1/2015 12:00:00 AM,1/25/2016 12:00:00 AM,966,766,200
12/1/2015 12:00:00 AM,1/26/2016 12:00:00 AM,966,766,200
12/1/2015 12:00:00 AM,1/27/2016 12:00:00 AM,966,766,200
12/1/2015 12:00:00 AM,1/28/2016 12:00:00 AM,966,766,200
12/1/2015 12:00:00 AM,1/29/2016 12:00:00 AM,966,766,200
12/1/2015 12:00:00 AM,1/30/2016 12:00:00 AM,1735,1535,200
12/1/2015 12:00:00 AM,1/31/2016 12:00:00 AM,1686,1535,151
12/1/2015 12:00:00 AM,2/1/2016 12:00:00 AM,1925,1535,390
12/1/2015 12:00:00 AM,2/2/2016 12:00:00 AM,1929,1535,394
12/1/2015 12:00:00 AM,2/3/2016 12:00:00 AM,1929,1535,394
12/1/2015 12:00:00 AM,2/4/2016 12:00:00 AM,1929,1535,394
12/1/2015 12:00:00 AM,2/5/2016 12:00:00 AM,2147,1535,612
12/1/2015 12:00:00 AM,2/6/2016 12:00:00 AM,2438,1535,903
12/1/2015 12:00:00 AM,2/7/2016 12:00:00 AM,2438,1535,903
12/1/2015 12:00:00 AM,2/8/2016 12:00:00 AM,2438,1535,903
12/1/2015 12:00:00 AM,2/9/2016 12:00:00 AM,2438,1535,903
12/1/2015 12:00:00 AM,2/10/2016 12:00:00 AM,2483,1535,948
12/1/2015 12:00:00 AM,2/11/2016 12:00:00 AM,2483,1535,948
12/1/2015 12:00:00 AM,2/12/2016 12:00:00 AM,2483,1535,948
12/1/2015 12:00:00 AM,2/13/2016 12:00:00 AM,2535,1535,1000
12/1/2015 12:00:00 AM,2/14/2016 12:00:00 AM,2548,1535,1013
12/1/2015 12:00:00 AM,2/15/2016 12:00:00 AM,4614,2723,1891
12/1/2015 12:00:00 AM,2/16/2016 12:00:00 AM,4339,2493,1846
12/1/2015 12:00:00 AM,2/17/2016 12:00:00 AM,4313,2467,1846
12/1/2015 12:00:00 AM,2/18/2016 12:00:00 AM,4313,2467,1846
12/1/2015 12:00:00 AM,2/19/2016 12:00:00 AM,4313,2467,1846
12/1/2015 12:00:00 AM,2/20/2016 12:00:00 AM,4951,3105,1846
12/1/2015 12:00:00 AM,2/21/2016 12:00:00 AM,4951,3105,1846
12/1/2015 12:00:00 AM,2/22/2016 12:00:00 AM,4938,3105,1833
12/1/2015 12:00:00 AM,2/23/2016 12:00:00 AM,4938,3105,1833
12/1/2015 12:00:00 AM,2/24/2016 12:00:00 AM,4938,3105,1833
12/1/2015 12:00:00 AM,2/25/2016 12:00:00 AM,4893,3105,1788
12/1/2015 12:00:00 AM,2/26/2016 12:00:00 AM,5532,3744,1788
12/1/2015 12:00:00 AM,2/27/2016 12:00:00 AM,5959,4208,1751
12/1/2015 12:00:00 AM,2/28/2016 12:00:00 AM,6774,4358,2416
12/1/2015 12:00:00 AM,2/29/2016 12:00:00 AM,6774,4358,2416
12/1/2015 12:00:00 AM,3/1/2016 12:00:00 AM,8642,4451,4191
11/30/2015 12:00:00 AM,12/1/2015 12:00:00 AM,13027,4803,8224
11/30/2015 12:00:00 AM,12/2/2015 12:00:00 AM,12442,4218,8224
11/30/2015 12:00:00 AM,12/3/2015 12:00:00 AM,12323,4218,8105
11/30/2015 12:00:00 AM,12/4/2015 12:00:00 AM,11165,4218,6947
11/30/2015 12:00:00 AM,12/5/2015 12:00:00 AM,11559,4218,7341
11/30/2015 12:00:00 AM,12/6/2015 12:00:00 AM,11508,4218,7290
11/30/2015 12:00:00 AM,12/7/2015 12:00:00 AM,11633,4357,7276
11/30/2015 12:00:00 AM,12/8/2015 12:00:00 AM,11038,4357,6681
11/30/2015 12:00:00 AM,12/9/2015 12:00:00 AM,9027,3057,5970
11/30/2015 12:00:00 AM,12/10/2015 12:00:00 AM,9027,3057,5970
11/30/2015 12:00:00 AM,12/11/2015 12:00:00 AM,9027,3057,5970
11/30/2015 12:00:00 AM,12/12/2015 12:00:00 AM,8094,3503,4591
11/30/2015 12:00:00 AM,12/13/2015 12:00:00 AM,7941,3488,4453
11/30/2015 12:00:00 AM,12/14/2015 12:00:00 AM,7886,3585,4301
11/30/2015 12:00:00 AM,12/15/2015 12:00:00 AM,5781,3180,2601
11/30/2015 12:00:00 AM,12/16/2015 12:00:00 AM,5799,3198,2601
11/30/2015 12:00:00 AM,12/17/2015 12:00:00 AM,5162,2500,2662
11/30/2015 12:00:00 AM,12/18/2015 12:00:00 AM,4420,1758,2662
11/30/2015 12:00:00 AM,12/19/2015 12:00:00 AM,4407,1758,2649
11/30/2015 12:00:00 AM,12/20/2015 12:00:00 AM,4236,1696,2540
11/30/2015 12:00:00 AM,12/21/2015 12:00:00 AM,4236,1696,2540
11/30/2015 12:00:00 AM,12/22/2015 12:00:00 AM,3356,816,2540
11/30/2015 12:00:00 AM,12/23/2015 12:00:00 AM,2514,816,1698
11/30/2015 12:00:00 AM,12/24/2015 12:00:00 AM,2514,816,1698
11/30/2015 12:00:00 AM,12/25/2015 12:00:00 AM,3063,816,2247
11/30/2015 12:00:00 AM,12/26/2015 12:00:00 AM,3063,816,2247
11/30/2015 12:00:00 AM,12/27/2015 12:00:00 AM,3063,816,2247
11/30/2015 12:00:00 AM,12/28/2015 12:00:00 AM,3063,816,2247
11/30/2015 12:00:00 AM,12/29/2015 12:00:00 AM,2905,816,2089
11/30/2015 12:00:00 AM,12/30/2015 12:00:00 AM,2119,816,1303
11/30/2015 12:00:00 AM,12/31/2015 12:00:00 AM,2119,816,1303
11/30/2015 12:00:00 AM,1/1/2016 12:00:00 AM,2060,816,1244
11/30/2015 12:00:00 AM,1/2/2016 12:00:00 AM,1408,766,642
11/30/2015 12:00:00 AM,1/3/2016 12:00:00 AM,1408,766,642
11/30/2015 12:00:00 AM,1/4/2016 12:00:00 AM,1408,766,642
11/30/2015 12:00:00 AM,1/5/2016 12:00:00 AM,1412,766,646
11/30/2015 12:00:00 AM,1/6/2016 12:00:00 AM,1412,766,646
11/30/2015 12:00:00 AM,1/7/2016 12:00:00 AM,1412,766,646
11/30/2015 12:00:00 AM,1/8/2016 12:00:00 AM,1408,766,642
11/30/2015 12:00:00 AM,1/9/2016 12:00:00 AM,1408,766,642
11/30/2015 12:00:00 AM,1/10/2016 12:00:00 AM,1408,766,642
11/30/2015 12:00:00 AM,1/11/2016 12:00:00 AM,906,766,140
11/30/2015 12:00:00 AM,1/12/2016 12:00:00 AM,906,766,140
11/30/2015 12:00:00 AM,1/13/2016 12:00:00 AM,906,766,140
11/30/2015 12:00:00 AM,1/14/2016 12:00:00 AM,906,766,140
11/30/2015 12:00:00 AM,1/15/2016 12:00:00 AM,906,766,140
11/30/2015 12:00:00 AM,1/16/2016 12:00:00 AM,894,766,128
11/30/2015 12:00:00 AM,1/17/2016 12:00:00 AM,907,766,141
11/30/2015 12:00:00 AM,1/18/2016 12:00:00 AM,979,766,213
11/30/2015 12:00:00 AM,1/19/2016 12:00:00 AM,979,766,213
11/30/2015 12:00:00 AM,1/20/2016 12:00:00 AM,979,766,213
11/30/2015 12:00:00 AM,1/21/2016 12:00:00 AM,979,766,213
11/30/2015 12:00:00 AM,1/22/2016 12:00:00 AM,979,766,213
11/30/2015 12:00:00 AM,1/23/2016 12:00:00 AM,979,766,213
11/30/2015 12:00:00 AM,1/24/2016 12:00:00 AM,979,766,213
11/30/2015 12:00:00 AM,1/25/2016 12:00:00 AM,966,766,200
11/30/2015 12:00:00 AM,1/26/2016 12:00:00 AM,966,766,200
11/30/2015 12:00:00 AM,1/27/2016 12:00:00 AM,966,766,200
11/30/2015 12:00:00 AM,1/28/2016 12:00:00 AM,966,766,200
11/30/2015 12:00:00 AM,1/29/2016 12:00:00 AM,966,766,200
11/30/2015 12:00:00 AM,1/30/2016 12:00:00 AM,1735,1535,200
11/30/2015 12:00:00 AM,1/31/2016 12:00:00 AM,1686,1535,151
11/30/2015 12:00:00 AM,2/1/2016 12:00:00 AM,1925,1535,390
11/30/2015 12:00:00 AM,2/2/2016 12:00:00 AM,1929,1535,394
11/30/2015 12:00:00 AM,2/3/2016 12:00:00 AM,1929,1535,394
11/30/2015 12:00:00 AM,2/4/2016 12:00:00 AM,1929,1535,394
11/30/2015 12:00:00 AM,2/5/2016 12:00:00 AM,2147,1535,612
11/30/2015 12:00:00 AM,2/6/2016 12:00:00 AM,2438,1535,903
11/30/2015 12:00:00 AM,2/7/2016 12:00:00 AM,2438,1535,903
11/30/2015 12:00:00 AM,2/8/2016 12:00:00 AM,2438,1535,903
11/30/2015 12:00:00 AM,2/9/2016 12:00:00 AM,2438,1535,903
11/30/2015 12:00:00 AM,2/10/2016 12:00:00 AM,2483,1535,948
11/30/2015 12:00:00 AM,2/11/2016 12:00:00 AM,2483,1535,948
11/30/2015 12:00:00 AM,2/12/2016 12:00:00 AM,2483,1535,948
11/30/2015 12:00:00 AM,2/13/2016 12:00:00 AM,2535,1535,1000
11/30/2015 12:00:00 AM,2/14/2016 12:00:00 AM,2548,1535,1013
11/30/2015 12:00:00 AM,2/15/2016 12:00:00 AM,4614,2723,1891
11/30/2015 12:00:00 AM,2/16/2016 12:00:00 AM,4339,2493,1846
11/30/2015 12:00:00 AM,2/17/2016 12:00:00 AM,4313,2467,1846
11/30/2015 12:00:00 AM,2/18/2016 12:00:00 AM,4313,2467,1846
11/30/2015 12:00:00 AM,2/19/2016 12:00:00 AM,4313,2467,1846
11/30/2015 12:00:00 AM,2/20/2016 12:00:00 AM,4951,3105,1846
11/30/2015 12:00:00 AM,2/21/2016 12:00:00 AM,4951,3105,1846
11/30/2015 12:00:00 AM,2/22/2016 12:00:00 AM,4938,3105,1833
11/30/2015 12:00:00 AM,2/23/2016 12:00:00 AM,4938,3105,1833
11/30/2015 12:00:00 AM,2/24/2016 12:00:00 AM,4938,3105,1833
11/30/2015 12:00:00 AM,2/25/2016 12:00:00 AM,4893,3105,1788
11/30/2015 12:00:00 AM,2/26/2016 12:00:00 AM,5532,3744,1788
11/30/2015 12:00:00 AM,2/27/2016 12:00:00 AM,5959,4208,1751
11/30/2015 12:00:00 AM,2/28/2016 12:00:00 AM,6774,4358,2416
11/30/2015 12:00:00 AM,2/29/2016 12:00:00 AM,6774,4358,2416
11/29/2015 12:00:00 AM,11/30/2015 12:00:00 AM,13298,5133,8165
11/29/2015 12:00:00 AM,12/1/2015 12:00:00 AM,13027,4803,8224
11/29/2015 12:00:00 AM,12/2/2015 12:00:00 AM,11284,4218,7066
11/29/2015 12:00:00 AM,12/3/2015 12:00:00 AM,11165,4218,6947
11/29/2015 12:00:00 AM,12/4/2015 12:00:00 AM,11165,4218,6947
11/29/2015 12:00:00 AM,12/5/2015 12:00:00 AM,11559,4218,7341
11/29/2015 12:00:00 AM,12/6/2015 12:00:00 AM,11508,4218,7290
11/29/2015 12:00:00 AM,12/7/2015 12:00:00 AM,11633,4357,7276
11/29/2015 12:00:00 AM,12/8/2015 12:00:00 AM,11038,4357,6681
11/29/2015 12:00:00 AM,12/9/2015 12:00:00 AM,9027,3057,5970
11/29/2015 12:00:00 AM,12/10/2015 12:00:00 AM,9027,3057,5970
11/29/2015 12:00:00 AM,12/11/2015 12:00:00 AM,9027,3057,5970
11/29/2015 12:00:00 AM,12/12/2015 12:00:00 AM,8094,3503,4591
11/29/2015 12:00:00 AM,12/13/2015 12:00:00 AM,7941,3488,4453
11/29/2015 12:00:00 AM,12/14/2015 12:00:00 AM,7886,3585,4301
11/29/2015 12:00:00 AM,12/15/2015 12:00:00 AM,5781,3180,2601
11/29/2015 12:00:00 AM,12/16/2015 12:00:00 AM,5799,3198,2601
11/29/2015 12:00:00 AM,12/17/2015 12:00:00 AM,5162,2500,2662
11/29/2015 12:00:00 AM,12/18/2015 12:00:00 AM,4420,1758,2662
11/29/2015 12:00:00 AM,12/19/2015 12:00:00 AM,4407,1758,2649
11/29/2015 12:00:00 AM,12/20/2015 12:00:00 AM,4236,1696,2540
11/29/2015 12:00:00 AM,12/21/2015 12:00:00 AM,4236,1696,2540
11/29/2015 12:00:00 AM,12/22/2015 12:00:00 AM,3356,816,2540
11/29/2015 12:00:00 AM,12/23/2015 12:00:00 AM,2514,816,1698
11/29/2015 12:00:00 AM,12/24/2015 12:00:00 AM,2514,816,1698
11/29/2015 12:00:00 AM,12/25/2015 12:00:00 AM,3063,816,2247
11/29/2015 12:00:00 AM,12/26/2015 12:00:00 AM,3063,816,2247
11/29/2015 12:00:00 AM,12/27/2015 12:00:00 AM,3063,816,2247
11/29/2015 12:00:00 AM,12/28/2015 12:00:00 AM,3063,816,2247
11/29/2015 12:00:00 AM,12/29/2015 12:00:00 AM,2905,816,2089
11/29/2015 12:00:00 AM,12/30/2015 12:00:00 AM,2119,816,1303
11/29/2015 12:00:00 AM,12/31/2015 12:00:00 AM,2119,816,1303
11/29/2015 12:00:00 AM,1/1/2016 12:00:00 AM,2060,816,1244
11/29/2015 12:00:00 AM,1/2/2016 12:00:00 AM,1408,766,642
11/29/2015 12:00:00 AM,1/3/2016 12:00:00 AM,1408,766,642
11/29/2015 12:00:00 AM,1/4/2016 12:00:00 AM,1408,766,642
11/29/2015 12:00:00 AM,1/5/2016 12:00:00 AM,1412,766,646
11/29/2015 12:00:00 AM,1/6/2016 12:00:00 AM,1412,766,646
11/29/2015 12:00:00 AM,1/7/2016 12:00:00 AM,1412,766,646
11/29/2015 12:00:00 AM,1/8/2016 12:00:00 AM,1408,766,642
11/29/2015 12:00:00 AM,1/9/2016 12:00:00 AM,1408,766,642
11/29/2015 12:00:00 AM,1/10/2016 12:00:00 AM,1408,766,642
11/29/2015 12:00:00 AM,1/11/2016 12:00:00 AM,906,766,140
11/29/2015 12:00:00 AM,1/12/2016 12:00:00 AM,906,766,140
11/29/2015 12:00:00 AM,1/13/2016 12:00:00 AM,906,766,140
11/29/2015 12:00:00 AM,1/14/2016 12:00:00 AM,906,766,140
11/29/2015 12:00:00 AM,1/15/2016 12:00:00 AM,906,766,140
11/29/2015 12:00:00 AM,1/16/2016 12:00:00 AM,894,766,128
11/29/2015 12:00:00 AM,1/17/2016 12:00:00 AM,907,766,141
11/29/2015 12:00:00 AM,1/18/2016 12:00:00 AM,979,766,213
11/29/2015 12:00:00 AM,1/19/2016 12:00:00 AM,979,766,213
11/29/2015 12:00:00 AM,1/20/2016 12:00:00 AM,979,766,213
11/29/2015 12:00:00 AM,1/21/2016 12:00:00 AM,979,766,213
11/29/2015 12:00:00 AM,1/22/2016 12:00:00 AM,979,766,213
11/29/2015 12:00:00 AM,1/23/2016 12:00:00 AM,979,766,213
11/29/2015 12:00:00 AM,1/24/2016 12:00:00 AM,979,766,213
11/29/2015 12:00:00 AM,1/25/2016 12:00:00 AM,966,766,200
11/29/2015 12:00:00 AM,1/26/2016 12:00:00 AM,966,766,200
11/29/2015 12:00:00 AM,1/27/2016 12:00:00 AM,966,766,200
11/29/2015 12:00:00 AM,1/28/2016 12:00:00 AM,966,766,200
11/29/2015 12:00:00 AM,1/29/2016 12:00:00 AM,966,766,200
11/29/2015 12:00:00 AM,1/30/2016 12:00:00 AM,1735,1535,200
11/29/2015 12:00:00 AM,1/31/2016 12:00:00 AM,1686,1535,151
11/29/2015 12:00:00 AM,2/1/2016 12:00:00 AM,1925,1535,390
11/29/2015 12:00:00 AM,2/2/2016 12:00:00 AM,1929,1535,394
11/29/2015 12:00:00 AM,2/3/2016 12:00:00 AM,1929,1535,394
11/29/2015 12:00:00 AM,2/4/2016 12:00:00 AM,1929,1535,394
11/29/2015 12:00:00 AM,2/5/2016 12:00:00 AM,2147,1535,612
11/29/2015 12:00:00 AM,2/6/2016 12:00:00 AM,2438,1535,903
11/29/2015 12:00:00 AM,2/7/2016 12:00:00 AM,2438,1535,903
11/29/2015 12:00:00 AM,2/8/2016 12:00:00 AM,2438,1535,903
11/29/2015 12:00:00 AM,2/9/2016 12:00:00 AM,2438,1535,903
11/29/2015 12:00:00 AM,2/10/2016 12:00:00 AM,2483,1535,948
11/29/2015 12:00:00 AM,2/11/2016 12:00:00 AM,2483,1535,948
11/29/2015 12:00:00 AM,2/12/2016 12:00:00 AM,2483,1535,948
11/29/2015 12:00:00 AM,2/13/2016 12:00:00 AM,2535,1535,1000
11/29/2015 12:00:00 AM,2/14/2016 12:00:00 AM,2548,1535,1013
11/29/2015 12:00:00 AM,2/15/2016 12:00:00 AM,4614,2723,1891
11/29/2015 12:00:00 AM,2/16/2016 12:00:00 AM,4339,2493,1846
11/29/2015 12:00:00 AM,2/17/2016 12:00:00 AM,4313,2467,1846
11/29/2015 12:00:00 AM,2/18/2016 12:00:00 AM,4313,2467,1846
11/29/2015 12:00:00 AM,2/19/2016 12:00:00 AM,4313,2467,1846
11/29/2015 12:00:00 AM,2/20/2016 12:00:00 AM,4951,3105,1846
11/29/2015 12:00:00 AM,2/21/2016 12:00:00 AM,4951,3105,1846
11/29/2015 12:00:00 AM,2/22/2016 12:00:00 AM,4938,3105,1833
11/29/2015 12:00:00 AM,2/23/2016 12:00:00 AM,4938,3105,1833
11/29/2015 12:00:00 AM,2/24/2016 12:00:00 AM,4938,3105,1833
11/29/2015 12:00:00 AM,2/25/2016 12:00:00 AM,4893,3105,1788
11/29/2015 12:00:00 AM,2/26/2016 12:00:00 AM,5532,3744,1788
11/29/2015 12:00:00 AM,2/27/2016 12:00:00 AM,5959,4208,1751
11/29/2015 12:00:00 AM,2/28/2016 12:00:00 AM,6774,4358,2416
11/28/2015 12:00:00 AM,11/29/2015 12:00:00 AM,13858,5698,8160
11/28/2015 12:00:00 AM,11/30/2015 12:00:00 AM,13298,5133,8165
11/28/2015 12:00:00 AM,12/1/2015 12:00:00 AM,13027,4803,8224
11/28/2015 12:00:00 AM,12/2/2015 12:00:00 AM,11284,4218,7066
11/28/2015 12:00:00 AM,12/3/2015 12:00:00 AM,11165,4218,6947
11/28/2015 12:00:00 AM,12/4/2015 12:00:00 AM,11165,4218,6947
11/28/2015 12:00:00 AM,12/5/2015 12:00:00 AM,11559,4218,7341
11/28/2015 12:00:00 AM,12/6/2015 12:00:00 AM,11508,4218,7290
11/28/2015 12:00:00 AM,12/7/2015 12:00:00 AM,11633,4357,7276
11/28/2015 12:00:00 AM,12/8/2015 12:00:00 AM,11038,4357,6681
11/28/2015 12:00:00 AM,12/9/2015 12:00:00 AM,9027,3057,5970
11/28/2015 12:00:00 AM,12/10/2015 12:00:00 AM,9027,3057,5970
11/28/2015 12:00:00 AM,12/11/2015 12:00:00 AM,9027,3057,5970
11/28/2015 12:00:00 AM,12/12/2015 12:00:00 AM,8094,3503,4591
11/28/2015 12:00:00 AM,12/13/2015 12:00:00 AM,7941,3488,4453
11/28/2015 12:00:00 AM,12/14/2015 12:00:00 AM,7886,3585,4301
11/28/2015 12:00:00 AM,12/15/2015 12:00:00 AM,5781,3180,2601
11/28/2015 12:00:00 AM,12/16/2015 12:00:00 AM,5799,3198,2601
11/28/2015 12:00:00 AM,12/17/2015 12:00:00 AM,5162,2500,2662
11/28/2015 12:00:00 AM,12/18/2015 12:00:00 AM,4420,1758,2662
11/28/2015 12:00:00 AM,12/19/2015 12:00:00 AM,4407,1758,2649
11/28/2015 12:00:00 AM,12/20/2015 12:00:00 AM,4236,1696,2540
11/28/2015 12:00:00 AM,12/21/2015 12:00:00 AM,4236,1696,2540
11/28/2015 12:00:00 AM,12/22/2015 12:00:00 AM,3356,816,2540
11/28/2015 12:00:00 AM,12/23/2015 12:00:00 AM,2514,816,1698
11/28/2015 12:00:00 AM,12/24/2015 12:00:00 AM,2514,816,1698
11/28/2015 12:00:00 AM,12/25/2015 12:00:00 AM,3063,816,2247
11/28/2015 12:00:00 AM,12/26/2015 12:00:00 AM,3063,816,2247
11/28/2015 12:00:00 AM,12/27/2015 12:00:00 AM,3063,816,2247
11/28/2015 12:00:00 AM,12/28/2015 12:00:00 AM,3063,816,2247
11/28/2015 12:00:00 AM,12/29/2015 12:00:00 AM,2905,816,2089
11/28/2015 12:00:00 AM,12/30/2015 12:00:00 AM,2119,816,1303
11/28/2015 12:00:00 AM,12/31/2015 12:00:00 AM,2119,816,1303
11/28/2015 12:00:00 AM,1/1/2016 12:00:00 AM,2060,816,1244
11/28/2015 12:00:00 AM,1/2/2016 12:00:00 AM,1408,766,642
11/28/2015 12:00:00 AM,1/3/2016 12:00:00 AM,1408,766,642
11/28/2015 12:00:00 AM,1/4/2016 12:00:00 AM,1408,766,642
11/28/2015 12:00:00 AM,1/5/2016 12:00:00 AM,1412,766,646
11/28/2015 12:00:00 AM,1/6/2016 12:00:00 AM,1412,766,646
11/28/2015 12:00:00 AM,1/7/2016 12:00:00 AM,1412,766,646
11/28/2015 12:00:00 AM,1/8/2016 12:00:00 AM,1408,766,642
11/28/2015 12:00:00 AM,1/9/2016 12:00:00 AM,1408,766,642
11/28/2015 12:00:00 AM,1/10/2016 12:00:00 AM,1408,766,642
11/28/2015 12:00:00 AM,1/11/2016 12:00:00 AM,906,766,140
11/28/2015 12:00:00 AM,1/12/2016 12:00:00 AM,906,766,140
11/28/2015 12:00:00 AM,1/13/2016 12:00:00 AM,906,766,140
11/28/2015 12:00:00 AM,1/14/2016 12:00:00 AM,906,766,140
11/28/2015 12:00:00 AM,1/15/2016 12:00:00 AM,906,766,140
11/28/2015 12:00:00 AM,1/16/2016 12:00:00 AM,894,766,128
11/28/2015 12:00:00 AM,1/17/2016 12:00:00 AM,907,766,141
11/28/2015 12:00:00 AM,1/18/2016 12:00:00 AM,979,766,213
11/28/2015 12:00:00 AM,1/19/2016 12:00:00 AM,979,766,213
11/28/2015 12:00:00 AM,1/20/2016 12:00:00 AM,979,766,213
11/28/2015 12:00:00 AM,1/21/2016 12:00:00 AM,979,766,213
11/28/2015 12:00:00 AM,1/22/2016 12:00:00 AM,979,766,213
11/28/2015 12:00:00 AM,1/23/2016 12:00:00 AM,979,766,213
11/28/2015 12:00:00 AM,1/24/2016 12:00:00 AM,979,766,213
11/28/2015 12:00:00 AM,1/25/2016 12:00:00 AM,966,766,200
11/28/2015 12:00:00 AM,1/26/2016 12:00:00 AM,966,766,200
11/28/2015 12:00:00 AM,1/27/2016 12:00:00 AM,966,766,200
11/28/2015 12:00:00 AM,1/28/2016 12:00:00 AM,966,766,200
11/28/2015 12:00:00 AM,1/29/2016 12:00:00 AM,966,766,200
11/28/2015 12:00:00 AM,1/30/2016 12:00:00 AM,1735,1535,200
11/28/2015 12:00:00 AM,1/31/2016 12:00:00 AM,1686,1535,151
11/28/2015 12:00:00 AM,2/1/2016 12:00:00 AM,1925,1535,390
11/28/2015 12:00:00 AM,2/2/2016 12:00:00 AM,1929,1535,394
11/28/2015 12:00:00 AM,2/3/2016 12:00:00 AM,1929,1535,394
11/28/2015 12:00:00 AM,2/4/2016 12:00:00 AM,1929,1535,394
11/28/2015 12:00:00 AM,2/5/2016 12:00:00 AM,2147,1535,612
11/28/2015 12:00:00 AM,2/6/2016 12:00:00 AM,2438,1535,903
11/28/2015 12:00:00 AM,2/7/2016 12:00:00 AM,2438,1535,903
11/28/2015 12:00:00 AM,2/8/2016 12:00:00 AM,2438,1535,903
11/28/2015 12:00:00 AM,2/9/2016 12:00:00 AM,2438,1535,903
11/28/2015 12:00:00 AM,2/10/2016 12:00:00 AM,2483,1535,948
11/28/2015 12:00:00 AM,2/11/2016 12:00:00 AM,2483,1535,948
11/28/2015 12:00:00 AM,2/12/2016 12:00:00 AM,2483,1535,948
11/28/2015 12:00:00 AM,2/13/2016 12:00:00 AM,2535,1535,1000
11/28/2015 12:00:00 AM,2/14/2016 12:00:00 AM,2548,1535,1013
11/28/2015 12:00:00 AM,2/15/2016 12:00:00 AM,4614,2723,1891
11/28/2015 12:00:00 AM,2/16/2016 12:00:00 AM,4339,2493,1846
11/28/2015 12:00:00 AM,2/17/2016 12:00:00 AM,4313,2467,1846
11/28/2015 12:00:00 AM,2/18/2016 12:00:00 AM,4313,2467,1846
11/28/2015 12:00:00 AM,2/19/2016 12:00:00 AM,4313,2467,1846
11/28/2015 12:00:00 AM,2/20/2016 12:00:00 AM,4951,3105,1846
11/28/2015 12:00:00 AM,2/21/2016 12:00:00 AM,4951,3105,1846
11/28/2015 12:00:00 AM,2/22/2016 12:00:00 AM,4938,3105,1833
11/28/2015 12:00:00 AM,2/23/2016 12:00:00 AM,4938,3105,1833
11/28/2015 12:00:00 AM,2/24/2016 12:00:00 AM,4938,3105,1833
11/28/2015 12:00:00 AM,2/25/2016 12:00:00 AM,4893,3105,1788
11/28/2015 12:00:00 AM,2/26/2016 12:00:00 AM,5532,3744,1788
11/28/2015 12:00:00 AM,2/27/2016 12:00:00 AM,5959,4208,1751
11/27/2015 12:00:00 AM,11/28/2015 12:00:00 AM,14344,5698,8646
11/27/2015 12:00:00 AM,11/29/2015 12:00:00 AM,14495,5698,8797
11/27/2015 12:00:00 AM,11/30/2015 12:00:00 AM,13935,5133,8802
11/27/2015 12:00:00 AM,12/1/2015 12:00:00 AM,13044,4803,8241
11/27/2015 12:00:00 AM,12/2/2015 12:00:00 AM,11301,4218,7083
11/27/2015 12:00:00 AM,12/3/2015 12:00:00 AM,11182,4218,6964
11/27/2015 12:00:00 AM,12/4/2015 12:00:00 AM,11182,4218,6964
11/27/2015 12:00:00 AM,12/5/2015 12:00:00 AM,11576,4218,7358
11/27/2015 12:00:00 AM,12/6/2015 12:00:00 AM,11525,4218,7307
11/27/2015 12:00:00 AM,12/7/2015 12:00:00 AM,11650,4357,7293
11/27/2015 12:00:00 AM,12/8/2015 12:00:00 AM,11055,4357,6698
11/27/2015 12:00:00 AM,12/9/2015 12:00:00 AM,9044,3057,5987
11/27/2015 12:00:00 AM,12/10/2015 12:00:00 AM,9044,3057,5987
11/27/2015 12:00:00 AM,12/11/2015 12:00:00 AM,9044,3057,5987
11/27/2015 12:00:00 AM,12/12/2015 12:00:00 AM,8111,3503,4608
11/27/2015 12:00:00 AM,12/13/2015 12:00:00 AM,7958,3488,4470
11/27/2015 12:00:00 AM,12/14/2015 12:00:00 AM,7903,3585,4318
11/27/2015 12:00:00 AM,12/15/2015 12:00:00 AM,5781,3180,2601
11/27/2015 12:00:00 AM,12/16/2015 12:00:00 AM,5799,3198,2601
11/27/2015 12:00:00 AM,12/17/2015 12:00:00 AM,5162,2500,2662
11/27/2015 12:00:00 AM,12/18/2015 12:00:00 AM,4420,1758,2662
11/27/2015 12:00:00 AM,12/19/2015 12:00:00 AM,4407,1758,2649
11/27/2015 12:00:00 AM,12/20/2015 12:00:00 AM,4236,1696,2540
11/27/2015 12:00:00 AM,12/21/2015 12:00:00 AM,4236,1696,2540
11/27/2015 12:00:00 AM,12/22/2015 12:00:00 AM,3356,816,2540
11/27/2015 12:00:00 AM,12/23/2015 12:00:00 AM,2514,816,1698
11/27/2015 12:00:00 AM,12/24/2015 12:00:00 AM,2514,816,1698
11/27/2015 12:00:00 AM,12/25/2015 12:00:00 AM,3063,816,2247
11/27/2015 12:00:00 AM,12/26/2015 12:00:00 AM,3063,816,2247
11/27/2015 12:00:00 AM,12/27/2015 12:00:00 AM,3063,816,2247
11/27/2015 12:00:00 AM,12/28/2015 12:00:00 AM,3063,816,2247
11/27/2015 12:00:00 AM,12/29/2015 12:00:00 AM,2905,816,2089
11/27/2015 12:00:00 AM,12/30/2015 12:00:00 AM,2119,816,1303
11/27/2015 12:00:00 AM,12/31/2015 12:00:00 AM,2119,816,1303
11/27/2015 12:00:00 AM,1/1/2016 12:00:00 AM,2060,816,1244
11/27/2015 12:00:00 AM,1/2/2016 12:00:00 AM,1408,766,642
11/27/2015 12:00:00 AM,1/3/2016 12:00:00 AM,1408,766,642
11/27/2015 12:00:00 AM,1/4/2016 12:00:00 AM,1408,766,642
11/27/2015 12:00:00 AM,1/5/2016 12:00:00 AM,1412,766,646
11/27/2015 12:00:00 AM,1/6/2016 12:00:00 AM,1412,766,646
11/27/2015 12:00:00 AM,1/7/2016 12:00:00 AM,1412,766,646
11/27/2015 12:00:00 AM,1/8/2016 12:00:00 AM,1408,766,642
11/27/2015 12:00:00 AM,1/9/2016 12:00:00 AM,1408,766,642
11/27/2015 12:00:00 AM,1/10/2016 12:00:00 AM,1408,766,642
11/27/2015 12:00:00 AM,1/11/2016 12:00:00 AM,906,766,140
11/27/2015 12:00:00 AM,1/12/2016 12:00:00 AM,906,766,140
11/27/2015 12:00:00 AM,1/13/2016 12:00:00 AM,906,766,140
11/27/2015 12:00:00 AM,1/14/2016 12:00:00 AM,906,766,140
11/27/2015 12:00:00 AM,1/15/2016 12:00:00 AM,906,766,140
11/27/2015 12:00:00 AM,1/16/2016 12:00:00 AM,894,766,128
11/27/2015 12:00:00 AM,1/17/2016 12:00:00 AM,907,766,141
11/27/2015 12:00:00 AM,1/18/2016 12:00:00 AM,979,766,213
11/27/2015 12:00:00 AM,1/19/2016 12:00:00 AM,979,766,213
11/27/2015 12:00:00 AM,1/20/2016 12:00:00 AM,979,766,213
11/27/2015 12:00:00 AM,1/21/2016 12:00:00 AM,979,766,213
11/27/2015 12:00:00 AM,1/22/2016 12:00:00 AM,979,766,213
11/27/2015 12:00:00 AM,1/23/2016 12:00:00 AM,979,766,213
11/27/2015 12:00:00 AM,1/24/2016 12:00:00 AM,979,766,213
11/27/2015 12:00:00 AM,1/25/2016 12:00:00 AM,966,766,200
11/27/2015 12:00:00 AM,1/26/2016 12:00:00 AM,966,766,200
11/27/2015 12:00:00 AM,1/27/2016 12:00:00 AM,966,766,200
11/27/2015 12:00:00 AM,1/28/2016 12:00:00 AM,966,766,200
11/27/2015 12:00:00 AM,1/29/2016 12:00:00 AM,966,766,200
11/27/2015 12:00:00 AM,1/30/2016 12:00:00 AM,1735,1535,200
11/27/2015 12:00:00 AM,1/31/2016 12:00:00 AM,1686,1535,151
11/27/2015 12:00:00 AM,2/1/2016 12:00:00 AM,1925,1535,390
11/27/2015 12:00:00 AM,2/2/2016 12:00:00 AM,1929,1535,394
11/27/2015 12:00:00 AM,2/3/2016 12:00:00 AM,1929,1535,394
11/27/2015 12:00:00 AM,2/4/2016 12:00:00 AM,1929,1535,394
11/27/2015 12:00:00 AM,2/5/2016 12:00:00 AM,2147,1535,612
11/27/2015 12:00:00 AM,2/6/2016 12:00:00 AM,2438,1535,903
11/27/2015 12:00:00 AM,2/7/2016 12:00:00 AM,2438,1535,903
11/27/2015 12:00:00 AM,2/8/2016 12:00:00 AM,2438,1535,903
11/27/2015 12:00:00 AM,2/9/2016 12:00:00 AM,2438,1535,903
11/27/2015 12:00:00 AM,2/10/2016 12:00:00 AM,2483,1535,948
11/27/2015 12:00:00 AM,2/11/2016 12:00:00 AM,2483,1535,948
11/27/2015 12:00:00 AM,2/12/2016 12:00:00 AM,2483,1535,948
11/27/2015 12:00:00 AM,2/13/2016 12:00:00 AM,2535,1535,1000
11/27/2015 12:00:00 AM,2/14/2016 12:00:00 AM,2548,1535,1013
11/27/2015 12:00:00 AM,2/15/2016 12:00:00 AM,4614,2723,1891
11/27/2015 12:00:00 AM,2/16/2016 12:00:00 AM,4339,2493,1846
11/27/2015 12:00:00 AM,2/17/2016 12:00:00 AM,4313,2467,1846
11/27/2015 12:00:00 AM,2/18/2016 12:00:00 AM,4313,2467,1846
11/27/2015 12:00:00 AM,2/19/2016 12:00:00 AM,4313,2467,1846
11/27/2015 12:00:00 AM,2/20/2016 12:00:00 AM,4951,3105,1846
11/27/2015 12:00:00 AM,2/21/2016 12:00:00 AM,4951,3105,1846
11/27/2015 12:00:00 AM,2/22/2016 12:00:00 AM,4938,3105,1833
11/27/2015 12:00:00 AM,2/23/2016 12:00:00 AM,4938,3105,1833
11/27/2015 12:00:00 AM,2/24/2016 12:00:00 AM,4938,3105,1833
11/27/2015 12:00:00 AM,2/25/2016 12:00:00 AM,4893,3105,1788
11/27/2015 12:00:00 AM,2/26/2016 12:00:00 AM,5532,3744,1788
11/26/2015 12:00:00 AM,11/27/2015 12:00:00 AM,15064,5698,9366
11/26/2015 12:00:00 AM,11/28/2015 12:00:00 AM,14502,5698,8804
11/26/2015 12:00:00 AM,11/29/2015 12:00:00 AM,14653,5698,8955
11/26/2015 12:00:00 AM,11/30/2015 12:00:00 AM,14093,5133,8960
11/26/2015 12:00:00 AM,12/1/2015 12:00:00 AM,13202,4803,8399
11/26/2015 12:00:00 AM,12/2/2015 12:00:00 AM,11459,4218,7241
11/26/2015 12:00:00 AM,12/3/2015 12:00:00 AM,11340,4218,7122
11/26/2015 12:00:00 AM,12/4/2015 12:00:00 AM,11340,4218,7122
11/26/2015 12:00:00 AM,12/5/2015 12:00:00 AM,11734,4218,7516
11/26/2015 12:00:00 AM,12/6/2015 12:00:00 AM,11525,4218,7307
11/26/2015 12:00:00 AM,12/7/2015 12:00:00 AM,11650,4357,7293
11/26/2015 12:00:00 AM,12/8/2015 12:00:00 AM,11055,4357,6698
11/26/2015 12:00:00 AM,12/9/2015 12:00:00 AM,9044,3057,5987
11/26/2015 12:00:00 AM,12/10/2015 12:00:00 AM,9044,3057,5987
11/26/2015 12:00:00 AM,12/11/2015 12:00:00 AM,9044,3057,5987
11/26/2015 12:00:00 AM,12/12/2015 12:00:00 AM,8111,3503,4608
11/26/2015 12:00:00 AM,12/13/2015 12:00:00 AM,7958,3488,4470
11/26/2015 12:00:00 AM,12/14/2015 12:00:00 AM,7903,3585,4318
11/26/2015 12:00:00 AM,12/15/2015 12:00:00 AM,5781,3180,2601
11/26/2015 12:00:00 AM,12/16/2015 12:00:00 AM,5799,3198,2601
11/26/2015 12:00:00 AM,12/17/2015 12:00:00 AM,5162,2500,2662
11/26/2015 12:00:00 AM,12/18/2015 12:00:00 AM,4420,1758,2662
11/26/2015 12:00:00 AM,12/19/2015 12:00:00 AM,4407,1758,2649
11/26/2015 12:00:00 AM,12/20/2015 12:00:00 AM,4236,1696,2540
11/26/2015 12:00:00 AM,12/21/2015 12:00:00 AM,4236,1696,2540
11/26/2015 12:00:00 AM,12/22/2015 12:00:00 AM,3356,816,2540
11/26/2015 12:00:00 AM,12/23/2015 12:00:00 AM,2514,816,1698
11/26/2015 12:00:00 AM,12/24/2015 12:00:00 AM,2514,816,1698
11/26/2015 12:00:00 AM,12/25/2015 12:00:00 AM,3063,816,2247
11/26/2015 12:00:00 AM,12/26/2015 12:00:00 AM,3063,816,2247
11/26/2015 12:00:00 AM,12/27/2015 12:00:00 AM,3063,816,2247
11/26/2015 12:00:00 AM,12/28/2015 12:00:00 AM,3063,816,2247
11/26/2015 12:00:00 AM,12/29/2015 12:00:00 AM,2905,816,2089
11/26/2015 12:00:00 AM,12/30/2015 12:00:00 AM,2119,816,1303
11/26/2015 12:00:00 AM,12/31/2015 12:00:00 AM,2119,816,1303
11/26/2015 12:00:00 AM,1/1/2016 12:00:00 AM,2060,816,1244
11/26/2015 12:00:00 AM,1/2/2016 12:00:00 AM,1408,766,642
11/26/2015 12:00:00 AM,1/3/2016 12:00:00 AM,1408,766,642
11/26/2015 12:00:00 AM,1/4/2016 12:00:00 AM,1408,766,642
11/26/2015 12:00:00 AM,1/5/2016 12:00:00 AM,1412,766,646
11/26/2015 12:00:00 AM,1/6/2016 12:00:00 AM,1412,766,646
11/26/2015 12:00:00 AM,1/7/2016 12:00:00 AM,1412,766,646
11/26/2015 12:00:00 AM,1/8/2016 12:00:00 AM,1408,766,642
11/26/2015 12:00:00 AM,1/9/2016 12:00:00 AM,1408,766,642
11/26/2015 12:00:00 AM,1/10/2016 12:00:00 AM,1408,766,642
11/26/2015 12:00:00 AM,1/11/2016 12:00:00 AM,906,766,140
11/26/2015 12:00:00 AM,1/12/2016 12:00:00 AM,906,766,140
11/26/2015 12:00:00 AM,1/13/2016 12:00:00 AM,906,766,140
11/26/2015 12:00:00 AM,1/14/2016 12:00:00 AM,906,766,140
11/26/2015 12:00:00 AM,1/15/2016 12:00:00 AM,906,766,140
11/26/2015 12:00:00 AM,1/16/2016 12:00:00 AM,894,766,128
11/26/2015 12:00:00 AM,1/17/2016 12:00:00 AM,907,766,141
11/26/2015 12:00:00 AM,1/18/2016 12:00:00 AM,979,766,213
11/26/2015 12:00:00 AM,1/19/2016 12:00:00 AM,979,766,213
11/26/2015 12:00:00 AM,1/20/2016 12:00:00 AM,979,766,213
11/26/2015 12:00:00 AM,1/21/2016 12:00:00 AM,979,766,213
11/26/2015 12:00:00 AM,1/22/2016 12:00:00 AM,979,766,213
11/26/2015 12:00:00 AM,1/23/2016 12:00:00 AM,979,766,213
11/26/2015 12:00:00 AM,1/24/2016 12:00:00 AM,979,766,213
11/26/2015 12:00:00 AM,1/25/2016 12:00:00 AM,966,766,200
11/26/2015 12:00:00 AM,1/26/2016 12:00:00 AM,966,766,200
11/26/2015 12:00:00 AM,1/27/2016 12:00:00 AM,966,766,200
11/26/2015 12:00:00 AM,1/28/2016 12:00:00 AM,966,766,200
11/26/2015 12:00:00 AM,1/29/2016 12:00:00 AM,966,766,200
11/26/2015 12:00:00 AM,1/30/2016 12:00:00 AM,1735,1535,200
11/26/2015 12:00:00 AM,1/31/2016 12:00:00 AM,1686,1535,151
11/26/2015 12:00:00 AM,2/1/2016 12:00:00 AM,1925,1535,390
11/26/2015 12:00:00 AM,2/2/2016 12:00:00 AM,1929,1535,394
11/26/2015 12:00:00 AM,2/3/2016 12:00:00 AM,1929,1535,394
11/26/2015 12:00:00 AM,2/4/2016 12:00:00 AM,1929,1535,394
11/26/2015 12:00:00 AM,2/5/2016 12:00:00 AM,2147,1535,612
11/26/2015 12:00:00 AM,2/6/2016 12:00:00 AM,2438,1535,903
11/26/2015 12:00:00 AM,2/7/2016 12:00:00 AM,2438,1535,903
11/26/2015 12:00:00 AM,2/8/2016 12:00:00 AM,2438,1535,903
11/26/2015 12:00:00 AM,2/9/2016 12:00:00 AM,2438,1535,903
11/26/2015 12:00:00 AM,2/10/2016 12:00:00 AM,2483,1535,948
11/26/2015 12:00:00 AM,2/11/2016 12:00:00 AM,2483,1535,948
11/26/2015 12:00:00 AM,2/12/2016 12:00:00 AM,2483,1535,948
11/26/2015 12:00:00 AM,2/13/2016 12:00:00 AM,2535,1535,1000
11/26/2015 12:00:00 AM,2/14/2016 12:00:00 AM,2548,1535,1013
11/26/2015 12:00:00 AM,2/15/2016 12:00:00 AM,4614,2723,1891
11/26/2015 12:00:00 AM,2/16/2016 12:00:00 AM,4339,2493,1846
11/26/2015 12:00:00 AM,2/17/2016 12:00:00 AM,4313,2467,1846
11/26/2015 12:00:00 AM,2/18/2016 12:00:00 AM,4313,2467,1846
11/26/2015 12:00:00 AM,2/19/2016 12:00:00 AM,4313,2467,1846
11/26/2015 12:00:00 AM,2/20/2016 12:00:00 AM,4951,3105,1846
11/26/2015 12:00:00 AM,2/21/2016 12:00:00 AM,4951,3105,1846
11/26/2015 12:00:00 AM,2/22/2016 12:00:00 AM,4938,3105,1833
11/26/2015 12:00:00 AM,2/23/2016 12:00:00 AM,4938,3105,1833
11/26/2015 12:00:00 AM,2/24/2016 12:00:00 AM,4938,3105,1833
11/26/2015 12:00:00 AM,2/25/2016 12:00:00 AM,4893,3105,1788
11/25/2015 12:00:00 AM,11/26/2015 12:00:00 AM,16013,6275,9738
11/25/2015 12:00:00 AM,11/27/2015 12:00:00 AM,14951,5698,9253
11/25/2015 12:00:00 AM,11/28/2015 12:00:00 AM,14073,5698,8375
11/25/2015 12:00:00 AM,11/29/2015 12:00:00 AM,14224,5698,8526
11/25/2015 12:00:00 AM,11/30/2015 12:00:00 AM,13259,4728,8531
11/25/2015 12:00:00 AM,12/1/2015 12:00:00 AM,12753,4354,8399
11/25/2015 12:00:00 AM,12/2/2015 12:00:00 AM,11010,3769,7241
11/25/2015 12:00:00 AM,12/3/2015 12:00:00 AM,10891,3769,7122
11/25/2015 12:00:00 AM,12/4/2015 12:00:00 AM,10891,3769,7122
11/25/2015 12:00:00 AM,12/5/2015 12:00:00 AM,11690,4174,7516
11/25/2015 12:00:00 AM,12/6/2015 12:00:00 AM,11481,4174,7307
11/25/2015 12:00:00 AM,12/7/2015 12:00:00 AM,11606,4313,7293
11/25/2015 12:00:00 AM,12/8/2015 12:00:00 AM,11011,4313,6698
11/25/2015 12:00:00 AM,12/9/2015 12:00:00 AM,9000,3013,5987
11/25/2015 12:00:00 AM,12/10/2015 12:00:00 AM,9000,3013,5987
11/25/2015 12:00:00 AM,12/11/2015 12:00:00 AM,9000,3013,5987
11/25/2015 12:00:00 AM,12/12/2015 12:00:00 AM,8067,3459,4608
11/25/2015 12:00:00 AM,12/13/2015 12:00:00 AM,7914,3444,4470
11/25/2015 12:00:00 AM,12/14/2015 12:00:00 AM,7859,3541,4318
11/25/2015 12:00:00 AM,12/15/2015 12:00:00 AM,5737,3136,2601
11/25/2015 12:00:00 AM,12/16/2015 12:00:00 AM,5799,3198,2601
11/25/2015 12:00:00 AM,12/17/2015 12:00:00 AM,5162,2500,2662
11/25/2015 12:00:00 AM,12/18/2015 12:00:00 AM,4420,1758,2662
11/25/2015 12:00:00 AM,12/19/2015 12:00:00 AM,4407,1758,2649
11/25/2015 12:00:00 AM,12/20/2015 12:00:00 AM,4236,1696,2540
11/25/2015 12:00:00 AM,12/21/2015 12:00:00 AM,4236,1696,2540
11/25/2015 12:00:00 AM,12/22/2015 12:00:00 AM,3356,816,2540
11/25/2015 12:00:00 AM,12/23/2015 12:00:00 AM,2514,816,1698
11/25/2015 12:00:00 AM,12/24/2015 12:00:00 AM,2514,816,1698
11/25/2015 12:00:00 AM,12/25/2015 12:00:00 AM,3063,816,2247
11/25/2015 12:00:00 AM,12/26/2015 12:00:00 AM,3063,816,2247
11/25/2015 12:00:00 AM,12/27/2015 12:00:00 AM,3063,816,2247
11/25/2015 12:00:00 AM,12/28/2015 12:00:00 AM,3063,816,2247
11/25/2015 12:00:00 AM,12/29/2015 12:00:00 AM,2905,816,2089
11/25/2015 12:00:00 AM,12/30/2015 12:00:00 AM,2119,816,1303
11/25/2015 12:00:00 AM,12/31/2015 12:00:00 AM,2119,816,1303
11/25/2015 12:00:00 AM,1/1/2016 12:00:00 AM,2060,816,1244
11/25/2015 12:00:00 AM,1/2/2016 12:00:00 AM,1408,766,642
11/25/2015 12:00:00 AM,1/3/2016 12:00:00 AM,1408,766,642
11/25/2015 12:00:00 AM,1/4/2016 12:00:00 AM,1408,766,642
11/25/2015 12:00:00 AM,1/5/2016 12:00:00 AM,1412,766,646
11/25/2015 12:00:00 AM,1/6/2016 12:00:00 AM,1412,766,646
11/25/2015 12:00:00 AM,1/7/2016 12:00:00 AM,1412,766,646
11/25/2015 12:00:00 AM,1/8/2016 12:00:00 AM,1408,766,642
11/25/2015 12:00:00 AM,1/9/2016 12:00:00 AM,1408,766,642
11/25/2015 12:00:00 AM,1/10/2016 12:00:00 AM,1408,766,642
11/25/2015 12:00:00 AM,1/11/2016 12:00:00 AM,906,766,140
11/25/2015 12:00:00 AM,1/12/2016 12:00:00 AM,906,766,140
11/25/2015 12:00:00 AM,1/13/2016 12:00:00 AM,906,766,140
11/25/2015 12:00:00 AM,1/14/2016 12:00:00 AM,906,766,140
11/25/2015 12:00:00 AM,1/15/2016 12:00:00 AM,879,766,113
11/25/2015 12:00:00 AM,1/16/2016 12:00:00 AM,867,766,101
11/25/2015 12:00:00 AM,1/17/2016 12:00:00 AM,880,766,114
11/25/2015 12:00:00 AM,1/18/2016 12:00:00 AM,952,766,186
11/25/2015 12:00:00 AM,1/19/2016 12:00:00 AM,952,766,186
11/25/2015 12:00:00 AM,1/20/2016 12:00:00 AM,952,766,186
11/25/2015 12:00:00 AM,1/21/2016 12:00:00 AM,952,766,186
11/25/2015 12:00:00 AM,1/22/2016 12:00:00 AM,952,766,186
11/25/2015 12:00:00 AM,1/23/2016 12:00:00 AM,952,766,186
11/25/2015 12:00:00 AM,1/24/2016 12:00:00 AM,952,766,186
11/25/2015 12:00:00 AM,1/25/2016 12:00:00 AM,939,766,173
11/25/2015 12:00:00 AM,1/26/2016 12:00:00 AM,939,766,173
11/25/2015 12:00:00 AM,1/27/2016 12:00:00 AM,939,766,173
11/25/2015 12:00:00 AM,1/28/2016 12:00:00 AM,939,766,173
11/25/2015 12:00:00 AM,1/29/2016 12:00:00 AM,939,766,173
11/25/2015 12:00:00 AM,1/30/2016 12:00:00 AM,1708,1535,173
11/25/2015 12:00:00 AM,1/31/2016 12:00:00 AM,1659,1535,124
11/25/2015 12:00:00 AM,2/1/2016 12:00:00 AM,1898,1535,363
11/25/2015 12:00:00 AM,2/2/2016 12:00:00 AM,1902,1535,367
11/25/2015 12:00:00 AM,2/3/2016 12:00:00 AM,1902,1535,367
11/25/2015 12:00:00 AM,2/4/2016 12:00:00 AM,1902,1535,367
11/25/2015 12:00:00 AM,2/5/2016 12:00:00 AM,2120,1535,585
11/25/2015 12:00:00 AM,2/6/2016 12:00:00 AM,2411,1535,876
11/25/2015 12:00:00 AM,2/7/2016 12:00:00 AM,2411,1535,876
11/25/2015 12:00:00 AM,2/8/2016 12:00:00 AM,2411,1535,876
11/25/2015 12:00:00 AM,2/9/2016 12:00:00 AM,2411,1535,876
11/25/2015 12:00:00 AM,2/10/2016 12:00:00 AM,2456,1535,921
11/25/2015 12:00:00 AM,2/11/2016 12:00:00 AM,2456,1535,921
11/25/2015 12:00:00 AM,2/12/2016 12:00:00 AM,2456,1535,921
11/25/2015 12:00:00 AM,2/13/2016 12:00:00 AM,2508,1535,973
11/25/2015 12:00:00 AM,2/14/2016 12:00:00 AM,2521,1535,986
11/25/2015 12:00:00 AM,2/15/2016 12:00:00 AM,4587,2723,1864
11/25/2015 12:00:00 AM,2/16/2016 12:00:00 AM,4312,2493,1819
11/25/2015 12:00:00 AM,2/17/2016 12:00:00 AM,4286,2467,1819
11/25/2015 12:00:00 AM,2/18/2016 12:00:00 AM,4286,2467,1819
11/25/2015 12:00:00 AM,2/19/2016 12:00:00 AM,4286,2467,1819
11/25/2015 12:00:00 AM,2/20/2016 12:00:00 AM,4924,3105,1819
11/25/2015 12:00:00 AM,2/21/2016 12:00:00 AM,4924,3105,1819
11/25/2015 12:00:00 AM,2/22/2016 12:00:00 AM,4911,3105,1806
11/25/2015 12:00:00 AM,2/23/2016 12:00:00 AM,4911,3105,1806
11/25/2015 12:00:00 AM,2/24/2016 12:00:00 AM,4911,3105,1806
11/24/2015 12:00:00 AM,11/25/2015 12:00:00 AM,16451,5771,10680
11/24/2015 12:00:00 AM,11/26/2015 12:00:00 AM,14960,5771,9189
11/24/2015 12:00:00 AM,11/27/2015 12:00:00 AM,14292,5771,8521
11/24/2015 12:00:00 AM,11/28/2015 12:00:00 AM,12986,5698,7288
11/24/2015 12:00:00 AM,11/29/2015 12:00:00 AM,13137,5698,7439
11/24/2015 12:00:00 AM,11/30/2015 12:00:00 AM,12172,4728,7444
11/24/2015 12:00:00 AM,12/1/2015 12:00:00 AM,11666,4354,7312
11/24/2015 12:00:00 AM,12/2/2015 12:00:00 AM,10999,3769,7230
11/24/2015 12:00:00 AM,12/3/2015 12:00:00 AM,10880,3769,7111
11/24/2015 12:00:00 AM,12/4/2015 12:00:00 AM,10880,3769,7111
11/24/2015 12:00:00 AM,12/5/2015 12:00:00 AM,11761,4174,7587
11/24/2015 12:00:00 AM,12/6/2015 12:00:00 AM,11552,4174,7378
11/24/2015 12:00:00 AM,12/7/2015 12:00:00 AM,11677,4313,7364
11/24/2015 12:00:00 AM,12/8/2015 12:00:00 AM,9782,3013,6769
11/24/2015 12:00:00 AM,12/9/2015 12:00:00 AM,9071,3013,6058
11/24/2015 12:00:00 AM,12/10/2015 12:00:00 AM,9071,3013,6058
11/24/2015 12:00:00 AM,12/11/2015 12:00:00 AM,9071,3013,6058
11/24/2015 12:00:00 AM,12/12/2015 12:00:00 AM,8138,3459,4679
11/24/2015 12:00:00 AM,12/13/2015 12:00:00 AM,7985,3444,4541
11/24/2015 12:00:00 AM,12/14/2015 12:00:00 AM,7930,3541,4389
11/24/2015 12:00:00 AM,12/15/2015 12:00:00 AM,5808,3136,2672
11/24/2015 12:00:00 AM,12/16/2015 12:00:00 AM,5870,3198,2672
11/24/2015 12:00:00 AM,12/17/2015 12:00:00 AM,5233,2500,2733
11/24/2015 12:00:00 AM,12/18/2015 12:00:00 AM,4491,1758,2733
11/24/2015 12:00:00 AM,12/19/2015 12:00:00 AM,4478,1758,2720
11/24/2015 12:00:00 AM,12/20/2015 12:00:00 AM,4307,1696,2611
11/24/2015 12:00:00 AM,12/21/2015 12:00:00 AM,4307,1696,2611
11/24/2015 12:00:00 AM,12/22/2015 12:00:00 AM,3427,816,2611
11/24/2015 12:00:00 AM,12/23/2015 12:00:00 AM,2585,816,1769
11/24/2015 12:00:00 AM,12/24/2015 12:00:00 AM,2514,816,1698
11/24/2015 12:00:00 AM,12/25/2015 12:00:00 AM,3063,816,2247
11/24/2015 12:00:00 AM,12/26/2015 12:00:00 AM,3063,816,2247
11/24/2015 12:00:00 AM,12/27/2015 12:00:00 AM,3063,816,2247
11/24/2015 12:00:00 AM,12/28/2015 12:00:00 AM,3063,816,2247
11/24/2015 12:00:00 AM,12/29/2015 12:00:00 AM,2905,816,2089
11/24/2015 12:00:00 AM,12/30/2015 12:00:00 AM,2119,816,1303
11/24/2015 12:00:00 AM,12/31/2015 12:00:00 AM,2119,816,1303
11/24/2015 12:00:00 AM,1/1/2016 12:00:00 AM,2060,816,1244
11/24/2015 12:00:00 AM,1/2/2016 12:00:00 AM,1408,766,642
11/24/2015 12:00:00 AM,1/3/2016 12:00:00 AM,1408,766,642
11/24/2015 12:00:00 AM,1/4/2016 12:00:00 AM,1408,766,642
11/24/2015 12:00:00 AM,1/5/2016 12:00:00 AM,1412,766,646
11/24/2015 12:00:00 AM,1/6/2016 12:00:00 AM,1412,766,646
11/24/2015 12:00:00 AM,1/7/2016 12:00:00 AM,1412,766,646
11/24/2015 12:00:00 AM,1/8/2016 12:00:00 AM,1408,766,642
11/24/2015 12:00:00 AM,1/9/2016 12:00:00 AM,1408,766,642
11/24/2015 12:00:00 AM,1/10/2016 12:00:00 AM,1408,766,642
11/24/2015 12:00:00 AM,1/11/2016 12:00:00 AM,906,766,140
11/24/2015 12:00:00 AM,1/12/2016 12:00:00 AM,906,766,140
11/24/2015 12:00:00 AM,1/13/2016 12:00:00 AM,906,766,140
11/24/2015 12:00:00 AM,1/14/2016 12:00:00 AM,906,766,140
11/24/2015 12:00:00 AM,1/15/2016 12:00:00 AM,879,766,113
11/24/2015 12:00:00 AM,1/16/2016 12:00:00 AM,867,766,101
11/24/2015 12:00:00 AM,1/17/2016 12:00:00 AM,880,766,114
11/24/2015 12:00:00 AM,1/18/2016 12:00:00 AM,952,766,186
11/24/2015 12:00:00 AM,1/19/2016 12:00:00 AM,952,766,186
11/24/2015 12:00:00 AM,1/20/2016 12:00:00 AM,952,766,186
11/24/2015 12:00:00 AM,1/21/2016 12:00:00 AM,952,766,186
11/24/2015 12:00:00 AM,1/22/2016 12:00:00 AM,952,766,186
11/24/2015 12:00:00 AM,1/23/2016 12:00:00 AM,952,766,186
11/24/2015 12:00:00 AM,1/24/2016 12:00:00 AM,952,766,186
11/24/2015 12:00:00 AM,1/25/2016 12:00:00 AM,939,766,173
11/24/2015 12:00:00 AM,1/26/2016 12:00:00 AM,939,766,173
11/24/2015 12:00:00 AM,1/27/2016 12:00:00 AM,939,766,173
11/24/2015 12:00:00 AM,1/28/2016 12:00:00 AM,939,766,173
11/24/2015 12:00:00 AM,1/29/2016 12:00:00 AM,939,766,173
11/24/2015 12:00:00 AM,1/30/2016 12:00:00 AM,1708,1535,173
11/24/2015 12:00:00 AM,1/31/2016 12:00:00 AM,1659,1535,124
11/24/2015 12:00:00 AM,2/1/2016 12:00:00 AM,1898,1535,363
11/24/2015 12:00:00 AM,2/2/2016 12:00:00 AM,1902,1535,367
11/24/2015 12:00:00 AM,2/3/2016 12:00:00 AM,1902,1535,367
11/24/2015 12:00:00 AM,2/4/2016 12:00:00 AM,1902,1535,367
11/24/2015 12:00:00 AM,2/5/2016 12:00:00 AM,2120,1535,585
11/24/2015 12:00:00 AM,2/6/2016 12:00:00 AM,2411,1535,876
11/24/2015 12:00:00 AM,2/7/2016 12:00:00 AM,2411,1535,876
11/24/2015 12:00:00 AM,2/8/2016 12:00:00 AM,2411,1535,876
11/24/2015 12:00:00 AM,2/9/2016 12:00:00 AM,2411,1535,876
11/24/2015 12:00:00 AM,2/10/2016 12:00:00 AM,2456,1535,921
11/24/2015 12:00:00 AM,2/11/2016 12:00:00 AM,2456,1535,921
11/24/2015 12:00:00 AM,2/12/2016 12:00:00 AM,2456,1535,921
11/24/2015 12:00:00 AM,2/13/2016 12:00:00 AM,2508,1535,973
11/24/2015 12:00:00 AM,2/14/2016 12:00:00 AM,2521,1535,986
11/24/2015 12:00:00 AM,2/15/2016 12:00:00 AM,4587,2723,1864
11/24/2015 12:00:00 AM,2/16/2016 12:00:00 AM,4312,2493,1819
11/24/2015 12:00:00 AM,2/17/2016 12:00:00 AM,4286,2467,1819
11/24/2015 12:00:00 AM,2/18/2016 12:00:00 AM,4286,2467,1819
11/24/2015 12:00:00 AM,2/19/2016 12:00:00 AM,4286,2467,1819
11/24/2015 12:00:00 AM,2/20/2016 12:00:00 AM,4924,3105,1819
11/24/2015 12:00:00 AM,2/21/2016 12:00:00 AM,4924,3105,1819
11/24/2015 12:00:00 AM,2/22/2016 12:00:00 AM,4911,3105,1806
11/24/2015 12:00:00 AM,2/23/2016 12:00:00 AM,4911,3105,1806
11/23/2015 12:00:00 AM,11/24/2015 12:00:00 AM,18494,7581,10913
11/23/2015 12:00:00 AM,11/25/2015 12:00:00 AM,15831,5771,10060
11/23/2015 12:00:00 AM,11/26/2015 12:00:00 AM,14960,5771,9189
11/23/2015 12:00:00 AM,11/27/2015 12:00:00 AM,13134,5771,7363
11/23/2015 12:00:00 AM,11/28/2015 12:00:00 AM,12986,5698,7288
11/23/2015 12:00:00 AM,11/29/2015 12:00:00 AM,13137,5698,7439
11/23/2015 12:00:00 AM,11/30/2015 12:00:00 AM,12053,4728,7325
11/23/2015 12:00:00 AM,12/1/2015 12:00:00 AM,11547,4354,7193
11/23/2015 12:00:00 AM,12/2/2015 12:00:00 AM,10880,3769,7111
11/23/2015 12:00:00 AM,12/3/2015 12:00:00 AM,10880,3769,7111
11/23/2015 12:00:00 AM,12/4/2015 12:00:00 AM,10880,3769,7111
11/23/2015 12:00:00 AM,12/5/2015 12:00:00 AM,11761,4174,7587
11/23/2015 12:00:00 AM,12/6/2015 12:00:00 AM,11552,4174,7378
11/23/2015 12:00:00 AM,12/7/2015 12:00:00 AM,11677,4313,7364
11/23/2015 12:00:00 AM,12/8/2015 12:00:00 AM,9782,3013,6769
11/23/2015 12:00:00 AM,12/9/2015 12:00:00 AM,9071,3013,6058
11/23/2015 12:00:00 AM,12/10/2015 12:00:00 AM,9071,3013,6058
11/23/2015 12:00:00 AM,12/11/2015 12:00:00 AM,9071,3013,6058
11/23/2015 12:00:00 AM,12/12/2015 12:00:00 AM,8138,3459,4679
11/23/2015 12:00:00 AM,12/13/2015 12:00:00 AM,7985,3444,4541
11/23/2015 12:00:00 AM,12/14/2015 12:00:00 AM,7930,3541,4389
11/23/2015 12:00:00 AM,12/15/2015 12:00:00 AM,5808,3136,2672
11/23/2015 12:00:00 AM,12/16/2015 12:00:00 AM,5870,3198,2672
11/23/2015 12:00:00 AM,12/17/2015 12:00:00 AM,5233,2500,2733
11/23/2015 12:00:00 AM,12/18/2015 12:00:00 AM,4491,1758,2733
11/23/2015 12:00:00 AM,12/19/2015 12:00:00 AM,4478,1758,2720
11/23/2015 12:00:00 AM,12/20/2015 12:00:00 AM,4307,1696,2611
11/23/2015 12:00:00 AM,12/21/2015 12:00:00 AM,4307,1696,2611
11/23/2015 12:00:00 AM,12/22/2015 12:00:00 AM,3427,816,2611
11/23/2015 12:00:00 AM,12/23/2015 12:00:00 AM,2585,816,1769
11/23/2015 12:00:00 AM,12/24/2015 12:00:00 AM,2514,816,1698
11/23/2015 12:00:00 AM,12/25/2015 12:00:00 AM,3063,816,2247
11/23/2015 12:00:00 AM,12/26/2015 12:00:00 AM,3063,816,2247
11/23/2015 12:00:00 AM,12/27/2015 12:00:00 AM,3063,816,2247
11/23/2015 12:00:00 AM,12/28/2015 12:00:00 AM,3063,816,2247
11/23/2015 12:00:00 AM,12/29/2015 12:00:00 AM,2905,816,2089
11/23/2015 12:00:00 AM,12/30/2015 12:00:00 AM,2119,816,1303
11/23/2015 12:00:00 AM,12/31/2015 12:00:00 AM,2119,816,1303
11/23/2015 12:00:00 AM,1/1/2016 12:00:00 AM,2060,816,1244
11/23/2015 12:00:00 AM,1/2/2016 12:00:00 AM,1408,766,642
11/23/2015 12:00:00 AM,1/3/2016 12:00:00 AM,1408,766,642
11/23/2015 12:00:00 AM,1/4/2016 12:00:00 AM,1408,766,642
11/23/2015 12:00:00 AM,1/5/2016 12:00:00 AM,1412,766,646
11/23/2015 12:00:00 AM,1/6/2016 12:00:00 AM,1412,766,646
11/23/2015 12:00:00 AM,1/7/2016 12:00:00 AM,1412,766,646
11/23/2015 12:00:00 AM,1/8/2016 12:00:00 AM,1408,766,642
11/23/2015 12:00:00 AM,1/9/2016 12:00:00 AM,1408,766,642
11/23/2015 12:00:00 AM,1/10/2016 12:00:00 AM,1408,766,642
11/23/2015 12:00:00 AM,1/11/2016 12:00:00 AM,906,766,140
11/23/2015 12:00:00 AM,1/12/2016 12:00:00 AM,906,766,140
11/23/2015 12:00:00 AM,1/13/2016 12:00:00 AM,906,766,140
11/23/2015 12:00:00 AM,1/14/2016 12:00:00 AM,906,766,140
11/23/2015 12:00:00 AM,1/15/2016 12:00:00 AM,879,766,113
11/23/2015 12:00:00 AM,1/16/2016 12:00:00 AM,867,766,101
11/23/2015 12:00:00 AM,1/17/2016 12:00:00 AM,880,766,114
11/23/2015 12:00:00 AM,1/18/2016 12:00:00 AM,952,766,186
11/23/2015 12:00:00 AM,1/19/2016 12:00:00 AM,952,766,186
11/23/2015 12:00:00 AM,1/20/2016 12:00:00 AM,952,766,186
11/23/2015 12:00:00 AM,1/21/2016 12:00:00 AM,952,766,186
11/23/2015 12:00:00 AM,1/22/2016 12:00:00 AM,952,766,186
11/23/2015 12:00:00 AM,1/23/2016 12:00:00 AM,952,766,186
11/23/2015 12:00:00 AM,1/24/2016 12:00:00 AM,952,766,186
11/23/2015 12:00:00 AM,1/25/2016 12:00:00 AM,939,766,173
11/23/2015 12:00:00 AM,1/26/2016 12:00:00 AM,939,766,173
11/23/2015 12:00:00 AM,1/27/2016 12:00:00 AM,939,766,173
11/23/2015 12:00:00 AM,1/28/2016 12:00:00 AM,939,766,173
11/23/2015 12:00:00 AM,1/29/2016 12:00:00 AM,939,766,173
11/23/2015 12:00:00 AM,1/30/2016 12:00:00 AM,1708,1535,173
11/23/2015 12:00:00 AM,1/31/2016 12:00:00 AM,1659,1535,124
11/23/2015 12:00:00 AM,2/1/2016 12:00:00 AM,1898,1535,363
11/23/2015 12:00:00 AM,2/2/2016 12:00:00 AM,1902,1535,367
11/23/2015 12:00:00 AM,2/3/2016 12:00:00 AM,1902,1535,367
11/23/2015 12:00:00 AM,2/4/2016 12:00:00 AM,1902,1535,367
11/23/2015 12:00:00 AM,2/5/2016 12:00:00 AM,2120,1535,585
11/23/2015 12:00:00 AM,2/6/2016 12:00:00 AM,2411,1535,876
11/23/2015 12:00:00 AM,2/7/2016 12:00:00 AM,2411,1535,876
11/23/2015 12:00:00 AM,2/8/2016 12:00:00 AM,2411,1535,876
11/23/2015 12:00:00 AM,2/9/2016 12:00:00 AM,2411,1535,876
11/23/2015 12:00:00 AM,2/10/2016 12:00:00 AM,2456,1535,921
11/23/2015 12:00:00 AM,2/11/2016 12:00:00 AM,2456,1535,921
11/23/2015 12:00:00 AM,2/12/2016 12:00:00 AM,2456,1535,921
11/23/2015 12:00:00 AM,2/13/2016 12:00:00 AM,2508,1535,973
11/23/2015 12:00:00 AM,2/14/2016 12:00:00 AM,2521,1535,986
11/23/2015 12:00:00 AM,2/15/2016 12:00:00 AM,4587,2723,1864
11/23/2015 12:00:00 AM,2/16/2016 12:00:00 AM,4312,2493,1819
11/23/2015 12:00:00 AM,2/17/2016 12:00:00 AM,4286,2467,1819
11/23/2015 12:00:00 AM,2/18/2016 12:00:00 AM,4286,2467,1819
11/23/2015 12:00:00 AM,2/19/2016 12:00:00 AM,4286,2467,1819
11/23/2015 12:00:00 AM,2/20/2016 12:00:00 AM,4924,3105,1819
11/23/2015 12:00:00 AM,2/21/2016 12:00:00 AM,4924,3105,1819
11/23/2015 12:00:00 AM,2/22/2016 12:00:00 AM,4911,3105,1806
11/22/2015 12:00:00 AM,11/23/2015 12:00:00 AM,18732,8354,10378
11/22/2015 12:00:00 AM,11/24/2015 12:00:00 AM,17120,6207,10913
11/22/2015 12:00:00 AM,11/25/2015 12:00:00 AM,15787,5727,10060
11/22/2015 12:00:00 AM,11/26/2015 12:00:00 AM,14916,5727,9189
11/22/2015 12:00:00 AM,11/27/2015 12:00:00 AM,13090,5727,7363
11/22/2015 12:00:00 AM,11/28/2015 12:00:00 AM,12942,5654,7288
11/22/2015 12:00:00 AM,11/29/2015 12:00:00 AM,13093,5654,7439
11/22/2015 12:00:00 AM,11/30/2015 12:00:00 AM,12009,4684,7325
11/22/2015 12:00:00 AM,12/1/2015 12:00:00 AM,11547,4354,7193
11/22/2015 12:00:00 AM,12/2/2015 12:00:00 AM,10880,3769,7111
11/22/2015 12:00:00 AM,12/3/2015 12:00:00 AM,10880,3769,7111
11/22/2015 12:00:00 AM,12/4/2015 12:00:00 AM,10880,3769,7111
11/22/2015 12:00:00 AM,12/5/2015 12:00:00 AM,11761,4174,7587
11/22/2015 12:00:00 AM,12/6/2015 12:00:00 AM,11552,4174,7378
11/22/2015 12:00:00 AM,12/7/2015 12:00:00 AM,11677,4313,7364
11/22/2015 12:00:00 AM,12/8/2015 12:00:00 AM,9782,3013,6769
11/22/2015 12:00:00 AM,12/9/2015 12:00:00 AM,9071,3013,6058
11/22/2015 12:00:00 AM,12/10/2015 12:00:00 AM,9071,3013,6058
11/22/2015 12:00:00 AM,12/11/2015 12:00:00 AM,9071,3013,6058
11/22/2015 12:00:00 AM,12/12/2015 12:00:00 AM,8138,3459,4679
11/22/2015 12:00:00 AM,12/13/2015 12:00:00 AM,7985,3444,4541
11/22/2015 12:00:00 AM,12/14/2015 12:00:00 AM,7930,3541,4389
11/22/2015 12:00:00 AM,12/15/2015 12:00:00 AM,5808,3136,2672
11/22/2015 12:00:00 AM,12/16/2015 12:00:00 AM,5870,3198,2672
11/22/2015 12:00:00 AM,12/17/2015 12:00:00 AM,5233,2500,2733
11/22/2015 12:00:00 AM,12/18/2015 12:00:00 AM,4491,1758,2733
11/22/2015 12:00:00 AM,12/19/2015 12:00:00 AM,4478,1758,2720
11/22/2015 12:00:00 AM,12/20/2015 12:00:00 AM,4307,1696,2611
11/22/2015 12:00:00 AM,12/21/2015 12:00:00 AM,4307,1696,2611
11/22/2015 12:00:00 AM,12/22/2015 12:00:00 AM,3427,816,2611
11/22/2015 12:00:00 AM,12/23/2015 12:00:00 AM,2585,816,1769
11/22/2015 12:00:00 AM,12/24/2015 12:00:00 AM,2514,816,1698
11/22/2015 12:00:00 AM,12/25/2015 12:00:00 AM,3063,816,2247
11/22/2015 12:00:00 AM,12/26/2015 12:00:00 AM,3063,816,2247
11/22/2015 12:00:00 AM,12/27/2015 12:00:00 AM,3063,816,2247
11/22/2015 12:00:00 AM,12/28/2015 12:00:00 AM,3063,816,2247
11/22/2015 12:00:00 AM,12/29/2015 12:00:00 AM,2905,816,2089
11/22/2015 12:00:00 AM,12/30/2015 12:00:00 AM,2119,816,1303
11/22/2015 12:00:00 AM,12/31/2015 12:00:00 AM,2119,816,1303
11/22/2015 12:00:00 AM,1/1/2016 12:00:00 AM,2060,816,1244
11/22/2015 12:00:00 AM,1/2/2016 12:00:00 AM,1408,766,642
11/22/2015 12:00:00 AM,1/3/2016 12:00:00 AM,1408,766,642
11/22/2015 12:00:00 AM,1/4/2016 12:00:00 AM,1408,766,642
11/22/2015 12:00:00 AM,1/5/2016 12:00:00 AM,1412,766,646
11/22/2015 12:00:00 AM,1/6/2016 12:00:00 AM,1412,766,646
11/22/2015 12:00:00 AM,1/7/2016 12:00:00 AM,1412,766,646
11/22/2015 12:00:00 AM,1/8/2016 12:00:00 AM,1408,766,642
11/22/2015 12:00:00 AM,1/9/2016 12:00:00 AM,1408,766,642
11/22/2015 12:00:00 AM,1/10/2016 12:00:00 AM,1408,766,642
11/22/2015 12:00:00 AM,1/11/2016 12:00:00 AM,906,766,140
11/22/2015 12:00:00 AM,1/12/2016 12:00:00 AM,906,766,140
11/22/2015 12:00:00 AM,1/13/2016 12:00:00 AM,906,766,140
11/22/2015 12:00:00 AM,1/14/2016 12:00:00 AM,906,766,140
11/22/2015 12:00:00 AM,1/15/2016 12:00:00 AM,879,766,113
11/22/2015 12:00:00 AM,1/16/2016 12:00:00 AM,867,766,101
11/22/2015 12:00:00 AM,1/17/2016 12:00:00 AM,880,766,114
11/22/2015 12:00:00 AM,1/18/2016 12:00:00 AM,952,766,186
11/22/2015 12:00:00 AM,1/19/2016 12:00:00 AM,952,766,186
11/22/2015 12:00:00 AM,1/20/2016 12:00:00 AM,952,766,186
11/22/2015 12:00:00 AM,1/21/2016 12:00:00 AM,952,766,186
11/22/2015 12:00:00 AM,1/22/2016 12:00:00 AM,952,766,186
11/22/2015 12:00:00 AM,1/23/2016 12:00:00 AM,952,766,186
11/22/2015 12:00:00 AM,1/24/2016 12:00:00 AM,952,766,186
11/22/2015 12:00:00 AM,1/25/2016 12:00:00 AM,939,766,173
11/22/2015 12:00:00 AM,1/26/2016 12:00:00 AM,939,766,173
11/22/2015 12:00:00 AM,1/27/2016 12:00:00 AM,939,766,173
11/22/2015 12:00:00 AM,1/28/2016 12:00:00 AM,939,766,173
11/22/2015 12:00:00 AM,1/29/2016 12:00:00 AM,939,766,173
11/22/2015 12:00:00 AM,1/30/2016 12:00:00 AM,1708,1535,173
11/22/2015 12:00:00 AM,1/31/2016 12:00:00 AM,1659,1535,124
11/22/2015 12:00:00 AM,2/1/2016 12:00:00 AM,1898,1535,363
11/22/2015 12:00:00 AM,2/2/2016 12:00:00 AM,1902,1535,367
11/22/2015 12:00:00 AM,2/3/2016 12:00:00 AM,1902,1535,367
11/22/2015 12:00:00 AM,2/4/2016 12:00:00 AM,1902,1535,367
11/22/2015 12:00:00 AM,2/5/2016 12:00:00 AM,2120,1535,585
11/22/2015 12:00:00 AM,2/6/2016 12:00:00 AM,2411,1535,876
11/22/2015 12:00:00 AM,2/7/2016 12:00:00 AM,2411,1535,876
11/22/2015 12:00:00 AM,2/8/2016 12:00:00 AM,2411,1535,876
11/22/2015 12:00:00 AM,2/9/2016 12:00:00 AM,2411,1535,876
11/22/2015 12:00:00 AM,2/10/2016 12:00:00 AM,2456,1535,921
11/22/2015 12:00:00 AM,2/11/2016 12:00:00 AM,2456,1535,921
11/22/2015 12:00:00 AM,2/12/2016 12:00:00 AM,2456,1535,921
11/22/2015 12:00:00 AM,2/13/2016 12:00:00 AM,2508,1535,973
11/22/2015 12:00:00 AM,2/14/2016 12:00:00 AM,2521,1535,986
11/22/2015 12:00:00 AM,2/15/2016 12:00:00 AM,4587,2723,1864
11/22/2015 12:00:00 AM,2/16/2016 12:00:00 AM,4312,2493,1819
11/22/2015 12:00:00 AM,2/17/2016 12:00:00 AM,4286,2467,1819
11/22/2015 12:00:00 AM,2/18/2016 12:00:00 AM,4286,2467,1819
11/22/2015 12:00:00 AM,2/19/2016 12:00:00 AM,4286,2467,1819
11/22/2015 12:00:00 AM,2/20/2016 12:00:00 AM,4924,3105,1819
11/22/2015 12:00:00 AM,2/21/2016 12:00:00 AM,4924,3105,1819
11/21/2015 12:00:00 AM,11/22/2015 12:00:00 AM,19298,8591,10707
11/21/2015 12:00:00 AM,11/23/2015 12:00:00 AM,17351,7024,10327
11/21/2015 12:00:00 AM,11/24/2015 12:00:00 AM,17069,6207,10862
11/21/2015 12:00:00 AM,11/25/2015 12:00:00 AM,15787,5727,10060
11/21/2015 12:00:00 AM,11/26/2015 12:00:00 AM,14916,5727,9189
11/21/2015 12:00:00 AM,11/27/2015 12:00:00 AM,13090,5727,7363
11/21/2015 12:00:00 AM,11/28/2015 12:00:00 AM,12942,5654,7288
11/21/2015 12:00:00 AM,11/29/2015 12:00:00 AM,13093,5654,7439
11/21/2015 12:00:00 AM,11/30/2015 12:00:00 AM,12009,4684,7325
11/21/2015 12:00:00 AM,12/1/2015 12:00:00 AM,11547,4354,7193
11/21/2015 12:00:00 AM,12/2/2015 12:00:00 AM,10880,3769,7111
11/21/2015 12:00:00 AM,12/3/2015 12:00:00 AM,10880,3769,7111
11/21/2015 12:00:00 AM,12/4/2015 12:00:00 AM,10880,3769,7111
11/21/2015 12:00:00 AM,12/5/2015 12:00:00 AM,11761,4174,7587
11/21/2015 12:00:00 AM,12/6/2015 12:00:00 AM,11552,4174,7378
11/21/2015 12:00:00 AM,12/7/2015 12:00:00 AM,11677,4313,7364
11/21/2015 12:00:00 AM,12/8/2015 12:00:00 AM,9782,3013,6769
11/21/2015 12:00:00 AM,12/9/2015 12:00:00 AM,9071,3013,6058
11/21/2015 12:00:00 AM,12/10/2015 12:00:00 AM,9071,3013,6058
11/21/2015 12:00:00 AM,12/11/2015 12:00:00 AM,9071,3013,6058
11/21/2015 12:00:00 AM,12/12/2015 12:00:00 AM,8138,3459,4679
11/21/2015 12:00:00 AM,12/13/2015 12:00:00 AM,7985,3444,4541
11/21/2015 12:00:00 AM,12/14/2015 12:00:00 AM,7930,3541,4389
11/21/2015 12:00:00 AM,12/15/2015 12:00:00 AM,5808,3136,2672
11/21/2015 12:00:00 AM,12/16/2015 12:00:00 AM,5870,3198,2672
11/21/2015 12:00:00 AM,12/17/2015 12:00:00 AM,5233,2500,2733
11/21/2015 12:00:00 AM,12/18/2015 12:00:00 AM,4491,1758,2733
11/21/2015 12:00:00 AM,12/19/2015 12:00:00 AM,4478,1758,2720
11/21/2015 12:00:00 AM,12/20/2015 12:00:00 AM,4307,1696,2611
11/21/2015 12:00:00 AM,12/21/2015 12:00:00 AM,4307,1696,2611
11/21/2015 12:00:00 AM,12/22/2015 12:00:00 AM,3427,816,2611
11/21/2015 12:00:00 AM,12/23/2015 12:00:00 AM,2585,816,1769
11/21/2015 12:00:00 AM,12/24/2015 12:00:00 AM,2514,816,1698
11/21/2015 12:00:00 AM,12/25/2015 12:00:00 AM,3063,816,2247
11/21/2015 12:00:00 AM,12/26/2015 12:00:00 AM,3063,816,2247
11/21/2015 12:00:00 AM,12/27/2015 12:00:00 AM,3063,816,2247
11/21/2015 12:00:00 AM,12/28/2015 12:00:00 AM,3063,816,2247
11/21/2015 12:00:00 AM,12/29/2015 12:00:00 AM,2905,816,2089
11/21/2015 12:00:00 AM,12/30/2015 12:00:00 AM,2119,816,1303
11/21/2015 12:00:00 AM,12/31/2015 12:00:00 AM,2119,816,1303
11/21/2015 12:00:00 AM,1/1/2016 12:00:00 AM,2060,816,1244
11/21/2015 12:00:00 AM,1/2/2016 12:00:00 AM,1408,766,642
11/21/2015 12:00:00 AM,1/3/2016 12:00:00 AM,1408,766,642
11/21/2015 12:00:00 AM,1/4/2016 12:00:00 AM,1408,766,642
11/21/2015 12:00:00 AM,1/5/2016 12:00:00 AM,1412,766,646
11/21/2015 12:00:00 AM,1/6/2016 12:00:00 AM,1412,766,646
11/21/2015 12:00:00 AM,1/7/2016 12:00:00 AM,1412,766,646
11/21/2015 12:00:00 AM,1/8/2016 12:00:00 AM,1408,766,642
11/21/2015 12:00:00 AM,1/9/2016 12:00:00 AM,1408,766,642
11/21/2015 12:00:00 AM,1/10/2016 12:00:00 AM,1408,766,642
11/21/2015 12:00:00 AM,1/11/2016 12:00:00 AM,906,766,140
11/21/2015 12:00:00 AM,1/12/2016 12:00:00 AM,906,766,140
11/21/2015 12:00:00 AM,1/13/2016 12:00:00 AM,906,766,140
11/21/2015 12:00:00 AM,1/14/2016 12:00:00 AM,906,766,140
11/21/2015 12:00:00 AM,1/15/2016 12:00:00 AM,879,766,113
11/21/2015 12:00:00 AM,1/16/2016 12:00:00 AM,867,766,101
11/21/2015 12:00:00 AM,1/17/2016 12:00:00 AM,880,766,114
11/21/2015 12:00:00 AM,1/18/2016 12:00:00 AM,952,766,186
11/21/2015 12:00:00 AM,1/19/2016 12:00:00 AM,952,766,186
11/21/2015 12:00:00 AM,1/20/2016 12:00:00 AM,952,766,186
11/21/2015 12:00:00 AM,1/21/2016 12:00:00 AM,952,766,186
11/21/2015 12:00:00 AM,1/22/2016 12:00:00 AM,952,766,186
11/21/2015 12:00:00 AM,1/23/2016 12:00:00 AM,952,766,186
11/21/2015 12:00:00 AM,1/24/2016 12:00:00 AM,952,766,186
11/21/2015 12:00:00 AM,1/25/2016 12:00:00 AM,939,766,173
11/21/2015 12:00:00 AM,1/26/2016 12:00:00 AM,939,766,173
11/21/2015 12:00:00 AM,1/27/2016 12:00:00 AM,939,766,173
11/21/2015 12:00:00 AM,1/28/2016 12:00:00 AM,939,766,173
11/21/2015 12:00:00 AM,1/29/2016 12:00:00 AM,939,766,173
11/21/2015 12:00:00 AM,1/30/2016 12:00:00 AM,1708,1535,173
11/21/2015 12:00:00 AM,1/31/2016 12:00:00 AM,1659,1535,124
11/21/2015 12:00:00 AM,2/1/2016 12:00:00 AM,1898,1535,363
11/21/2015 12:00:00 AM,2/2/2016 12:00:00 AM,1902,1535,367
11/21/2015 12:00:00 AM,2/3/2016 12:00:00 AM,1902,1535,367
11/21/2015 12:00:00 AM,2/4/2016 12:00:00 AM,1902,1535,367
11/21/2015 12:00:00 AM,2/5/2016 12:00:00 AM,2120,1535,585
11/21/2015 12:00:00 AM,2/6/2016 12:00:00 AM,2411,1535,876
11/21/2015 12:00:00 AM,2/7/2016 12:00:00 AM,2411,1535,876
11/21/2015 12:00:00 AM,2/8/2016 12:00:00 AM,2411,1535,876
11/21/2015 12:00:00 AM,2/9/2016 12:00:00 AM,2411,1535,876
11/21/2015 12:00:00 AM,2/10/2016 12:00:00 AM,2456,1535,921
11/21/2015 12:00:00 AM,2/11/2016 12:00:00 AM,2456,1535,921
11/21/2015 12:00:00 AM,2/12/2016 12:00:00 AM,2456,1535,921
11/21/2015 12:00:00 AM,2/13/2016 12:00:00 AM,2508,1535,973
11/21/2015 12:00:00 AM,2/14/2016 12:00:00 AM,2521,1535,986
11/21/2015 12:00:00 AM,2/15/2016 12:00:00 AM,4587,2723,1864
11/21/2015 12:00:00 AM,2/16/2016 12:00:00 AM,4312,2493,1819
11/21/2015 12:00:00 AM,2/17/2016 12:00:00 AM,4286,2467,1819
11/21/2015 12:00:00 AM,2/18/2016 12:00:00 AM,4286,2467,1819
11/21/2015 12:00:00 AM,2/19/2016 12:00:00 AM,4286,2467,1819
11/21/2015 12:00:00 AM,2/20/2016 12:00:00 AM,4924,3105,1819
11/20/2015 12:00:00 AM,11/21/2015 12:00:00 AM,22733,11317,11416
11/20/2015 12:00:00 AM,11/22/2015 12:00:00 AM,21521,10293,11228
11/20/2015 12:00:00 AM,11/23/2015 12:00:00 AM,20169,9704,10465
11/20/2015 12:00:00 AM,11/24/2015 12:00:00 AM,18399,7537,10862
11/20/2015 12:00:00 AM,11/25/2015 12:00:00 AM,13826,5727,8099
11/20/2015 12:00:00 AM,11/26/2015 12:00:00 AM,12955,5727,7228
11/20/2015 12:00:00 AM,11/27/2015 12:00:00 AM,13090,5727,7363
11/20/2015 12:00:00 AM,11/28/2015 12:00:00 AM,12942,5654,7288
11/20/2015 12:00:00 AM,11/29/2015 12:00:00 AM,13093,5654,7439
11/20/2015 12:00:00 AM,11/30/2015 12:00:00 AM,12009,4684,7325
11/20/2015 12:00:00 AM,12/1/2015 12:00:00 AM,11547,4354,7193
11/20/2015 12:00:00 AM,12/2/2015 12:00:00 AM,10880,3769,7111
11/20/2015 12:00:00 AM,12/3/2015 12:00:00 AM,10880,3769,7111
11/20/2015 12:00:00 AM,12/4/2015 12:00:00 AM,10880,3769,7111
11/20/2015 12:00:00 AM,12/5/2015 12:00:00 AM,11761,4174,7587
11/20/2015 12:00:00 AM,12/6/2015 12:00:00 AM,11552,4174,7378
11/20/2015 12:00:00 AM,12/7/2015 12:00:00 AM,11677,4313,7364
11/20/2015 12:00:00 AM,12/8/2015 12:00:00 AM,9782,3013,6769
11/20/2015 12:00:00 AM,12/9/2015 12:00:00 AM,9071,3013,6058
11/20/2015 12:00:00 AM,12/10/2015 12:00:00 AM,9071,3013,6058
11/20/2015 12:00:00 AM,12/11/2015 12:00:00 AM,9071,3013,6058
11/20/2015 12:00:00 AM,12/12/2015 12:00:00 AM,8138,3459,4679
11/20/2015 12:00:00 AM,12/13/2015 12:00:00 AM,7985,3444,4541
11/20/2015 12:00:00 AM,12/14/2015 12:00:00 AM,7930,3541,4389
11/20/2015 12:00:00 AM,12/15/2015 12:00:00 AM,5207,2535,2672
11/20/2015 12:00:00 AM,12/16/2015 12:00:00 AM,5269,2597,2672
11/20/2015 12:00:00 AM,12/17/2015 12:00:00 AM,5233,2500,2733
11/20/2015 12:00:00 AM,12/18/2015 12:00:00 AM,4491,1758,2733
11/20/2015 12:00:00 AM,12/19/2015 12:00:00 AM,4478,1758,2720
11/20/2015 12:00:00 AM,12/20/2015 12:00:00 AM,4307,1696,2611
11/20/2015 12:00:00 AM,12/21/2015 12:00:00 AM,4307,1696,2611
11/20/2015 12:00:00 AM,12/22/2015 12:00:00 AM,3427,816,2611
11/20/2015 12:00:00 AM,12/23/2015 12:00:00 AM,2585,816,1769
11/20/2015 12:00:00 AM,12/24/2015 12:00:00 AM,2514,816,1698
11/20/2015 12:00:00 AM,12/25/2015 12:00:00 AM,3063,816,2247
11/20/2015 12:00:00 AM,12/26/2015 12:00:00 AM,3063,816,2247
11/20/2015 12:00:00 AM,12/27/2015 12:00:00 AM,3063,816,2247
11/20/2015 12:00:00 AM,12/28/2015 12:00:00 AM,3063,816,2247
11/20/2015 12:00:00 AM,12/29/2015 12:00:00 AM,2905,816,2089
11/20/2015 12:00:00 AM,12/30/2015 12:00:00 AM,2119,816,1303
11/20/2015 12:00:00 AM,12/31/2015 12:00:00 AM,2119,816,1303
11/20/2015 12:00:00 AM,1/1/2016 12:00:00 AM,2060,816,1244
11/20/2015 12:00:00 AM,1/2/2016 12:00:00 AM,1408,766,642
11/20/2015 12:00:00 AM,1/3/2016 12:00:00 AM,1408,766,642
11/20/2015 12:00:00 AM,1/4/2016 12:00:00 AM,1408,766,642
11/20/2015 12:00:00 AM,1/5/2016 12:00:00 AM,1412,766,646
11/20/2015 12:00:00 AM,1/6/2016 12:00:00 AM,1412,766,646
11/20/2015 12:00:00 AM,1/7/2016 12:00:00 AM,1412,766,646
11/20/2015 12:00:00 AM,1/8/2016 12:00:00 AM,1408,766,642
11/20/2015 12:00:00 AM,1/9/2016 12:00:00 AM,1408,766,642
11/20/2015 12:00:00 AM,1/10/2016 12:00:00 AM,1408,766,642
11/20/2015 12:00:00 AM,1/11/2016 12:00:00 AM,906,766,140
11/20/2015 12:00:00 AM,1/12/2016 12:00:00 AM,906,766,140
11/20/2015 12:00:00 AM,1/13/2016 12:00:00 AM,906,766,140
11/20/2015 12:00:00 AM,1/14/2016 12:00:00 AM,906,766,140
11/20/2015 12:00:00 AM,1/15/2016 12:00:00 AM,879,766,113
11/20/2015 12:00:00 AM,1/16/2016 12:00:00 AM,867,766,101
11/20/2015 12:00:00 AM,1/17/2016 12:00:00 AM,880,766,114
11/20/2015 12:00:00 AM,1/18/2016 12:00:00 AM,952,766,186
11/20/2015 12:00:00 AM,1/19/2016 12:00:00 AM,952,766,186
11/20/2015 12:00:00 AM,1/20/2016 12:00:00 AM,952,766,186
11/20/2015 12:00:00 AM,1/21/2016 12:00:00 AM,952,766,186
11/20/2015 12:00:00 AM,1/22/2016 12:00:00 AM,952,766,186
11/20/2015 12:00:00 AM,1/23/2016 12:00:00 AM,952,766,186
11/20/2015 12:00:00 AM,1/24/2016 12:00:00 AM,952,766,186
11/20/2015 12:00:00 AM,1/25/2016 12:00:00 AM,939,766,173
11/20/2015 12:00:00 AM,1/26/2016 12:00:00 AM,939,766,173
11/20/2015 12:00:00 AM,1/27/2016 12:00:00 AM,939,766,173
11/20/2015 12:00:00 AM,1/28/2016 12:00:00 AM,939,766,173
11/20/2015 12:00:00 AM,1/29/2016 12:00:00 AM,939,766,173
11/20/2015 12:00:00 AM,1/30/2016 12:00:00 AM,1708,1535,173
11/20/2015 12:00:00 AM,1/31/2016 12:00:00 AM,1659,1535,124
11/20/2015 12:00:00 AM,2/1/2016 12:00:00 AM,1898,1535,363
11/20/2015 12:00:00 AM,2/2/2016 12:00:00 AM,1902,1535,367
11/20/2015 12:00:00 AM,2/3/2016 12:00:00 AM,1902,1535,367
11/20/2015 12:00:00 AM,2/4/2016 12:00:00 AM,1902,1535,367
11/20/2015 12:00:00 AM,2/5/2016 12:00:00 AM,2120,1535,585
11/20/2015 12:00:00 AM,2/6/2016 12:00:00 AM,2411,1535,876
11/20/2015 12:00:00 AM,2/7/2016 12:00:00 AM,2411,1535,876
11/20/2015 12:00:00 AM,2/8/2016 12:00:00 AM,2411,1535,876
11/20/2015 12:00:00 AM,2/9/2016 12:00:00 AM,2411,1535,876
11/20/2015 12:00:00 AM,2/10/2016 12:00:00 AM,2456,1535,921
11/20/2015 12:00:00 AM,2/11/2016 12:00:00 AM,2456,1535,921
11/20/2015 12:00:00 AM,2/12/2016 12:00:00 AM,2456,1535,921
11/20/2015 12:00:00 AM,2/13/2016 12:00:00 AM,2508,1535,973
11/20/2015 12:00:00 AM,2/14/2016 12:00:00 AM,2521,1535,986
11/20/2015 12:00:00 AM,2/15/2016 12:00:00 AM,4587,2723,1864
11/20/2015 12:00:00 AM,2/16/2016 12:00:00 AM,4312,2493,1819
11/20/2015 12:00:00 AM,2/17/2016 12:00:00 AM,4286,2467,1819
11/20/2015 12:00:00 AM,2/18/2016 12:00:00 AM,4286,2467,1819
11/20/2015 12:00:00 AM,2/19/2016 12:00:00 AM,4286,2467,1819
11/19/2015 12:00:00 AM,11/20/2015 12:00:00 AM,23927,11737,12190
11/19/2015 12:00:00 AM,11/21/2015 12:00:00 AM,22999,11367,11632
11/19/2015 12:00:00 AM,11/22/2015 12:00:00 AM,22689,11245,11444
11/19/2015 12:00:00 AM,11/23/2015 12:00:00 AM,20034,9754,10280
11/19/2015 12:00:00 AM,11/24/2015 12:00:00 AM,18264,7587,10677
11/19/2015 12:00:00 AM,11/25/2015 12:00:00 AM,13691,5777,7914
11/19/2015 12:00:00 AM,11/26/2015 12:00:00 AM,12820,5777,7043
11/19/2015 12:00:00 AM,11/27/2015 12:00:00 AM,12955,5777,7178
11/19/2015 12:00:00 AM,11/28/2015 12:00:00 AM,12807,5704,7103
11/19/2015 12:00:00 AM,11/29/2015 12:00:00 AM,12958,5704,7254
11/19/2015 12:00:00 AM,11/30/2015 12:00:00 AM,11874,4734,7140
11/19/2015 12:00:00 AM,12/1/2015 12:00:00 AM,11412,4404,7008
11/19/2015 12:00:00 AM,12/2/2015 12:00:00 AM,10827,3819,7008
11/19/2015 12:00:00 AM,12/3/2015 12:00:00 AM,10827,3819,7008
11/19/2015 12:00:00 AM,12/4/2015 12:00:00 AM,10827,3819,7008
11/19/2015 12:00:00 AM,12/5/2015 12:00:00 AM,11708,4224,7484
11/19/2015 12:00:00 AM,12/6/2015 12:00:00 AM,11500,4174,7326
11/19/2015 12:00:00 AM,12/7/2015 12:00:00 AM,11625,4313,7312
11/19/2015 12:00:00 AM,12/8/2015 12:00:00 AM,9730,3013,6717
11/19/2015 12:00:00 AM,12/9/2015 12:00:00 AM,9019,3013,6006
11/19/2015 12:00:00 AM,12/10/2015 12:00:00 AM,9019,3013,6006
11/19/2015 12:00:00 AM,12/11/2015 12:00:00 AM,9019,3013,6006
11/19/2015 12:00:00 AM,12/12/2015 12:00:00 AM,8086,3459,4627
11/19/2015 12:00:00 AM,12/13/2015 12:00:00 AM,7775,3444,4331
11/19/2015 12:00:00 AM,12/14/2015 12:00:00 AM,7720,3541,4179
11/19/2015 12:00:00 AM,12/15/2015 12:00:00 AM,4997,2535,2462
11/19/2015 12:00:00 AM,12/16/2015 12:00:00 AM,5059,2597,2462
11/19/2015 12:00:00 AM,12/17/2015 12:00:00 AM,5023,2500,2523
11/19/2015 12:00:00 AM,12/18/2015 12:00:00 AM,4281,1758,2523
11/19/2015 12:00:00 AM,12/19/2015 12:00:00 AM,4268,1758,2510
11/19/2015 12:00:00 AM,12/20/2015 12:00:00 AM,4097,1696,2401
11/19/2015 12:00:00 AM,12/21/2015 12:00:00 AM,4097,1696,2401
11/19/2015 12:00:00 AM,12/22/2015 12:00:00 AM,3217,816,2401
11/19/2015 12:00:00 AM,12/23/2015 12:00:00 AM,2375,816,1559
11/19/2015 12:00:00 AM,12/24/2015 12:00:00 AM,2304,816,1488
11/19/2015 12:00:00 AM,12/25/2015 12:00:00 AM,2853,816,2037
11/19/2015 12:00:00 AM,12/26/2015 12:00:00 AM,2853,816,2037
11/19/2015 12:00:00 AM,12/27/2015 12:00:00 AM,2853,816,2037
11/19/2015 12:00:00 AM,12/28/2015 12:00:00 AM,2853,816,2037
11/19/2015 12:00:00 AM,12/29/2015 12:00:00 AM,2853,816,2037
11/19/2015 12:00:00 AM,12/30/2015 12:00:00 AM,2067,816,1251
11/19/2015 12:00:00 AM,12/31/2015 12:00:00 AM,2067,816,1251
11/19/2015 12:00:00 AM,1/1/2016 12:00:00 AM,2008,816,1192
11/19/2015 12:00:00 AM,1/2/2016 12:00:00 AM,1356,766,590
11/19/2015 12:00:00 AM,1/3/2016 12:00:00 AM,1356,766,590
11/19/2015 12:00:00 AM,1/4/2016 12:00:00 AM,1356,766,590
11/19/2015 12:00:00 AM,1/5/2016 12:00:00 AM,1360,766,594
11/19/2015 12:00:00 AM,1/6/2016 12:00:00 AM,1360,766,594
11/19/2015 12:00:00 AM,1/7/2016 12:00:00 AM,1360,766,594
11/19/2015 12:00:00 AM,1/8/2016 12:00:00 AM,1356,766,590
11/19/2015 12:00:00 AM,1/9/2016 12:00:00 AM,1356,766,590
11/19/2015 12:00:00 AM,1/10/2016 12:00:00 AM,1356,766,590
11/19/2015 12:00:00 AM,1/11/2016 12:00:00 AM,854,766,88
11/19/2015 12:00:00 AM,1/12/2016 12:00:00 AM,854,766,88
11/19/2015 12:00:00 AM,1/13/2016 12:00:00 AM,854,766,88
11/19/2015 12:00:00 AM,1/14/2016 12:00:00 AM,854,766,88
11/19/2015 12:00:00 AM,1/15/2016 12:00:00 AM,827,766,61
11/19/2015 12:00:00 AM,1/16/2016 12:00:00 AM,815,766,49
11/19/2015 12:00:00 AM,1/17/2016 12:00:00 AM,828,766,62
11/19/2015 12:00:00 AM,1/18/2016 12:00:00 AM,900,766,134
11/19/2015 12:00:00 AM,1/19/2016 12:00:00 AM,900,766,134
11/19/2015 12:00:00 AM,1/20/2016 12:00:00 AM,900,766,134
11/19/2015 12:00:00 AM,1/21/2016 12:00:00 AM,900,766,134
11/19/2015 12:00:00 AM,1/22/2016 12:00:00 AM,900,766,134
11/19/2015 12:00:00 AM,1/23/2016 12:00:00 AM,900,766,134
11/19/2015 12:00:00 AM,1/24/2016 12:00:00 AM,900,766,134
11/19/2015 12:00:00 AM,1/25/2016 12:00:00 AM,887,766,121
11/19/2015 12:00:00 AM,1/26/2016 12:00:00 AM,887,766,121
11/19/2015 12:00:00 AM,1/27/2016 12:00:00 AM,887,766,121
11/19/2015 12:00:00 AM,1/28/2016 12:00:00 AM,887,766,121
11/19/2015 12:00:00 AM,1/29/2016 12:00:00 AM,887,766,121
11/19/2015 12:00:00 AM,1/30/2016 12:00:00 AM,1656,1535,121
11/19/2015 12:00:00 AM,1/31/2016 12:00:00 AM,1607,1535,72
11/19/2015 12:00:00 AM,2/1/2016 12:00:00 AM,1846,1535,311
11/19/2015 12:00:00 AM,2/2/2016 12:00:00 AM,1850,1535,315
11/19/2015 12:00:00 AM,2/3/2016 12:00:00 AM,1850,1535,315
11/19/2015 12:00:00 AM,2/4/2016 12:00:00 AM,1850,1535,315
11/19/2015 12:00:00 AM,2/5/2016 12:00:00 AM,2068,1535,533
11/19/2015 12:00:00 AM,2/6/2016 12:00:00 AM,2359,1535,824
11/19/2015 12:00:00 AM,2/7/2016 12:00:00 AM,2359,1535,824
11/19/2015 12:00:00 AM,2/8/2016 12:00:00 AM,2359,1535,824
11/19/2015 12:00:00 AM,2/9/2016 12:00:00 AM,2359,1535,824
11/19/2015 12:00:00 AM,2/10/2016 12:00:00 AM,2404,1535,869
11/19/2015 12:00:00 AM,2/11/2016 12:00:00 AM,2404,1535,869
11/19/2015 12:00:00 AM,2/12/2016 12:00:00 AM,2404,1535,869
11/19/2015 12:00:00 AM,2/13/2016 12:00:00 AM,2456,1535,921
11/19/2015 12:00:00 AM,2/14/2016 12:00:00 AM,2469,1535,934
11/19/2015 12:00:00 AM,2/15/2016 12:00:00 AM,4535,2723,1812
11/19/2015 12:00:00 AM,2/16/2016 12:00:00 AM,4260,2493,1767
11/19/2015 12:00:00 AM,2/17/2016 12:00:00 AM,4234,2467,1767
11/19/2015 12:00:00 AM,2/18/2016 12:00:00 AM,4234,2467,1767
11/18/2015 12:00:00 AM,11/19/2015 12:00:00 AM,24186,11687,12499
11/18/2015 12:00:00 AM,11/20/2015 12:00:00 AM,23777,11587,12190
11/18/2015 12:00:00 AM,11/21/2015 12:00:00 AM,22999,11367,11632
11/18/2015 12:00:00 AM,11/22/2015 12:00:00 AM,22689,11245,11444
11/18/2015 12:00:00 AM,11/23/2015 12:00:00 AM,20034,9754,10280
11/18/2015 12:00:00 AM,11/24/2015 12:00:00 AM,18074,7587,10487
11/18/2015 12:00:00 AM,11/25/2015 12:00:00 AM,13501,5777,7724
11/18/2015 12:00:00 AM,11/26/2015 12:00:00 AM,12630,5777,6853
11/18/2015 12:00:00 AM,11/27/2015 12:00:00 AM,12765,5777,6988
11/18/2015 12:00:00 AM,11/28/2015 12:00:00 AM,12617,5704,6913
11/18/2015 12:00:00 AM,11/29/2015 12:00:00 AM,12768,5704,7064
11/18/2015 12:00:00 AM,11/30/2015 12:00:00 AM,11684,4734,6950
11/18/2015 12:00:00 AM,12/1/2015 12:00:00 AM,11222,4404,6818
11/18/2015 12:00:00 AM,12/2/2015 12:00:00 AM,10637,3819,6818
11/18/2015 12:00:00 AM,12/3/2015 12:00:00 AM,10637,3819,6818
11/18/2015 12:00:00 AM,12/4/2015 12:00:00 AM,10637,3819,6818
11/18/2015 12:00:00 AM,12/5/2015 12:00:00 AM,11708,4224,7484
11/18/2015 12:00:00 AM,12/6/2015 12:00:00 AM,11500,4174,7326
11/18/2015 12:00:00 AM,12/7/2015 12:00:00 AM,11625,4313,7312
11/18/2015 12:00:00 AM,12/8/2015 12:00:00 AM,9730,3013,6717
11/18/2015 12:00:00 AM,12/9/2015 12:00:00 AM,9019,3013,6006
11/18/2015 12:00:00 AM,12/10/2015 12:00:00 AM,9019,3013,6006
11/18/2015 12:00:00 AM,12/11/2015 12:00:00 AM,9019,3013,6006
11/18/2015 12:00:00 AM,12/12/2015 12:00:00 AM,8086,3459,4627
11/18/2015 12:00:00 AM,12/13/2015 12:00:00 AM,7775,3444,4331
11/18/2015 12:00:00 AM,12/14/2015 12:00:00 AM,7720,3541,4179
11/18/2015 12:00:00 AM,12/15/2015 12:00:00 AM,4997,2535,2462
11/18/2015 12:00:00 AM,12/16/2015 12:00:00 AM,5059,2597,2462
11/18/2015 12:00:00 AM,12/17/2015 12:00:00 AM,5023,2500,2523
11/18/2015 12:00:00 AM,12/18/2015 12:00:00 AM,4281,1758,2523
11/18/2015 12:00:00 AM,12/19/2015 12:00:00 AM,4268,1758,2510
11/18/2015 12:00:00 AM,12/20/2015 12:00:00 AM,4097,1696,2401
11/18/2015 12:00:00 AM,12/21/2015 12:00:00 AM,4097,1696,2401
11/18/2015 12:00:00 AM,12/22/2015 12:00:00 AM,3217,816,2401
11/18/2015 12:00:00 AM,12/23/2015 12:00:00 AM,2375,816,1559
11/18/2015 12:00:00 AM,12/24/2015 12:00:00 AM,2304,816,1488
11/18/2015 12:00:00 AM,12/25/2015 12:00:00 AM,2853,816,2037
11/18/2015 12:00:00 AM,12/26/2015 12:00:00 AM,2853,816,2037
11/18/2015 12:00:00 AM,12/27/2015 12:00:00 AM,2853,816,2037
11/18/2015 12:00:00 AM,12/28/2015 12:00:00 AM,2853,816,2037
11/18/2015 12:00:00 AM,12/29/2015 12:00:00 AM,2853,816,2037
11/18/2015 12:00:00 AM,12/30/2015 12:00:00 AM,2067,816,1251
11/18/2015 12:00:00 AM,12/31/2015 12:00:00 AM,2067,816,1251
11/18/2015 12:00:00 AM,1/1/2016 12:00:00 AM,2008,816,1192
11/18/2015 12:00:00 AM,1/2/2016 12:00:00 AM,1356,766,590
11/18/2015 12:00:00 AM,1/3/2016 12:00:00 AM,1356,766,590
11/18/2015 12:00:00 AM,1/4/2016 12:00:00 AM,1356,766,590
11/18/2015 12:00:00 AM,1/5/2016 12:00:00 AM,1360,766,594
11/18/2015 12:00:00 AM,1/6/2016 12:00:00 AM,1360,766,594
11/18/2015 12:00:00 AM,1/7/2016 12:00:00 AM,1360,766,594
11/18/2015 12:00:00 AM,1/8/2016 12:00:00 AM,1356,766,590
11/18/2015 12:00:00 AM,1/9/2016 12:00:00 AM,1356,766,590
11/18/2015 12:00:00 AM,1/10/2016 12:00:00 AM,1356,766,590
11/18/2015 12:00:00 AM,1/11/2016 12:00:00 AM,854,766,88
11/18/2015 12:00:00 AM,1/12/2016 12:00:00 AM,854,766,88
11/18/2015 12:00:00 AM,1/13/2016 12:00:00 AM,854,766,88
11/18/2015 12:00:00 AM,1/14/2016 12:00:00 AM,854,766,88
11/18/2015 12:00:00 AM,1/15/2016 12:00:00 AM,827,766,61
11/18/2015 12:00:00 AM,1/16/2016 12:00:00 AM,815,766,49
11/18/2015 12:00:00 AM,1/17/2016 12:00:00 AM,828,766,62
11/18/2015 12:00:00 AM,1/18/2016 12:00:00 AM,900,766,134
11/18/2015 12:00:00 AM,1/19/2016 12:00:00 AM,900,766,134
11/18/2015 12:00:00 AM,1/20/2016 12:00:00 AM,900,766,134
11/18/2015 12:00:00 AM,1/21/2016 12:00:00 AM,900,766,134
11/18/2015 12:00:00 AM,1/22/2016 12:00:00 AM,900,766,134
11/18/2015 12:00:00 AM,1/23/2016 12:00:00 AM,900,766,134
11/18/2015 12:00:00 AM,1/24/2016 12:00:00 AM,900,766,134
11/18/2015 12:00:00 AM,1/25/2016 12:00:00 AM,887,766,121
11/18/2015 12:00:00 AM,1/26/2016 12:00:00 AM,887,766,121
11/18/2015 12:00:00 AM,1/27/2016 12:00:00 AM,887,766,121
11/18/2015 12:00:00 AM,1/28/2016 12:00:00 AM,887,766,121
11/18/2015 12:00:00 AM,1/29/2016 12:00:00 AM,887,766,121
11/18/2015 12:00:00 AM,1/30/2016 12:00:00 AM,1656,1535,121
11/18/2015 12:00:00 AM,1/31/2016 12:00:00 AM,1607,1535,72
11/18/2015 12:00:00 AM,2/1/2016 12:00:00 AM,1846,1535,311
11/18/2015 12:00:00 AM,2/2/2016 12:00:00 AM,1850,1535,315
11/18/2015 12:00:00 AM,2/3/2016 12:00:00 AM,1850,1535,315
11/18/2015 12:00:00 AM,2/4/2016 12:00:00 AM,1850,1535,315
11/18/2015 12:00:00 AM,2/5/2016 12:00:00 AM,2068,1535,533
11/18/2015 12:00:00 AM,2/6/2016 12:00:00 AM,2359,1535,824
11/18/2015 12:00:00 AM,2/7/2016 12:00:00 AM,2359,1535,824
11/18/2015 12:00:00 AM,2/8/2016 12:00:00 AM,2359,1535,824
11/18/2015 12:00:00 AM,2/9/2016 12:00:00 AM,2359,1535,824
11/18/2015 12:00:00 AM,2/10/2016 12:00:00 AM,2404,1535,869
11/18/2015 12:00:00 AM,2/11/2016 12:00:00 AM,2404,1535,869
11/18/2015 12:00:00 AM,2/12/2016 12:00:00 AM,2404,1535,869
11/18/2015 12:00:00 AM,2/13/2016 12:00:00 AM,2456,1535,921
11/18/2015 12:00:00 AM,2/14/2016 12:00:00 AM,2469,1535,934
11/18/2015 12:00:00 AM,2/15/2016 12:00:00 AM,4535,2723,1812
11/18/2015 12:00:00 AM,2/16/2016 12:00:00 AM,4260,2493,1767
11/18/2015 12:00:00 AM,2/17/2016 12:00:00 AM,4234,2467,1767
11/17/2015 12:00:00 AM,11/18/2015 12:00:00 AM,25095,11687,13408
11/17/2015 12:00:00 AM,11/19/2015 12:00:00 AM,24186,11687,12499
11/17/2015 12:00:00 AM,11/20/2015 12:00:00 AM,23777,11587,12190
11/17/2015 12:00:00 AM,11/21/2015 12:00:00 AM,22999,11367,11632
11/17/2015 12:00:00 AM,11/22/2015 12:00:00 AM,22689,11245,11444
11/17/2015 12:00:00 AM,11/23/2015 12:00:00 AM,20034,9754,10280
11/17/2015 12:00:00 AM,11/24/2015 12:00:00 AM,18074,7587,10487
11/17/2015 12:00:00 AM,11/25/2015 12:00:00 AM,13501,5777,7724
11/17/2015 12:00:00 AM,11/26/2015 12:00:00 AM,12630,5777,6853
11/17/2015 12:00:00 AM,11/27/2015 12:00:00 AM,12765,5777,6988
11/17/2015 12:00:00 AM,11/28/2015 12:00:00 AM,12617,5704,6913
11/17/2015 12:00:00 AM,11/29/2015 12:00:00 AM,12768,5704,7064
11/17/2015 12:00:00 AM,11/30/2015 12:00:00 AM,11684,4734,6950
11/17/2015 12:00:00 AM,12/1/2015 12:00:00 AM,11222,4404,6818
11/17/2015 12:00:00 AM,12/2/2015 12:00:00 AM,10637,3819,6818
11/17/2015 12:00:00 AM,12/3/2015 12:00:00 AM,10637,3819,6818
11/17/2015 12:00:00 AM,12/4/2015 12:00:00 AM,10637,3819,6818
11/17/2015 12:00:00 AM,12/5/2015 12:00:00 AM,11708,4224,7484
11/17/2015 12:00:00 AM,12/6/2015 12:00:00 AM,11500,4174,7326
11/17/2015 12:00:00 AM,12/7/2015 12:00:00 AM,11625,4313,7312
11/17/2015 12:00:00 AM,12/8/2015 12:00:00 AM,9730,3013,6717
11/17/2015 12:00:00 AM,12/9/2015 12:00:00 AM,9019,3013,6006
11/17/2015 12:00:00 AM,12/10/2015 12:00:00 AM,9019,3013,6006
11/17/2015 12:00:00 AM,12/11/2015 12:00:00 AM,8418,2412,6006
11/17/2015 12:00:00 AM,12/12/2015 12:00:00 AM,7485,2858,4627
11/17/2015 12:00:00 AM,12/13/2015 12:00:00 AM,7174,2843,4331
11/17/2015 12:00:00 AM,12/14/2015 12:00:00 AM,7119,2940,4179
11/17/2015 12:00:00 AM,12/15/2015 12:00:00 AM,4997,2535,2462
11/17/2015 12:00:00 AM,12/16/2015 12:00:00 AM,5059,2597,2462
11/17/2015 12:00:00 AM,12/17/2015 12:00:00 AM,5023,2500,2523
11/17/2015 12:00:00 AM,12/18/2015 12:00:00 AM,4281,1758,2523
11/17/2015 12:00:00 AM,12/19/2015 12:00:00 AM,4268,1758,2510
11/17/2015 12:00:00 AM,12/20/2015 12:00:00 AM,4097,1696,2401
11/17/2015 12:00:00 AM,12/21/2015 12:00:00 AM,4097,1696,2401
11/17/2015 12:00:00 AM,12/22/2015 12:00:00 AM,3217,816,2401
11/17/2015 12:00:00 AM,12/23/2015 12:00:00 AM,2375,816,1559
11/17/2015 12:00:00 AM,12/24/2015 12:00:00 AM,2304,816,1488
11/17/2015 12:00:00 AM,12/25/2015 12:00:00 AM,2853,816,2037
11/17/2015 12:00:00 AM,12/26/2015 12:00:00 AM,2853,816,2037
11/17/2015 12:00:00 AM,12/27/2015 12:00:00 AM,2853,816,2037
11/17/2015 12:00:00 AM,12/28/2015 12:00:00 AM,2853,816,2037
11/17/2015 12:00:00 AM,12/29/2015 12:00:00 AM,2853,816,2037
11/17/2015 12:00:00 AM,12/30/2015 12:00:00 AM,2067,816,1251
11/17/2015 12:00:00 AM,12/31/2015 12:00:00 AM,2067,816,1251
11/17/2015 12:00:00 AM,1/1/2016 12:00:00 AM,2008,816,1192
11/17/2015 12:00:00 AM,1/2/2016 12:00:00 AM,1356,766,590
11/17/2015 12:00:00 AM,1/3/2016 12:00:00 AM,1356,766,590
11/17/2015 12:00:00 AM,1/4/2016 12:00:00 AM,1356,766,590
11/17/2015 12:00:00 AM,1/5/2016 12:00:00 AM,1360,766,594
11/17/2015 12:00:00 AM,1/6/2016 12:00:00 AM,1360,766,594
11/17/2015 12:00:00 AM,1/7/2016 12:00:00 AM,1360,766,594
11/17/2015 12:00:00 AM,1/8/2016 12:00:00 AM,1356,766,590
11/17/2015 12:00:00 AM,1/9/2016 12:00:00 AM,1356,766,590
11/17/2015 12:00:00 AM,1/10/2016 12:00:00 AM,1356,766,590
11/17/2015 12:00:00 AM,1/11/2016 12:00:00 AM,854,766,88
11/17/2015 12:00:00 AM,1/12/2016 12:00:00 AM,854,766,88
11/17/2015 12:00:00 AM,1/13/2016 12:00:00 AM,854,766,88
11/17/2015 12:00:00 AM,1/14/2016 12:00:00 AM,854,766,88
11/17/2015 12:00:00 AM,1/15/2016 12:00:00 AM,827,766,61
11/17/2015 12:00:00 AM,1/16/2016 12:00:00 AM,815,766,49
11/17/2015 12:00:00 AM,1/17/2016 12:00:00 AM,828,766,62
11/17/2015 12:00:00 AM,1/18/2016 12:00:00 AM,900,766,134
11/17/2015 12:00:00 AM,1/19/2016 12:00:00 AM,900,766,134
11/17/2015 12:00:00 AM,1/20/2016 12:00:00 AM,900,766,134
11/17/2015 12:00:00 AM,1/21/2016 12:00:00 AM,900,766,134
11/17/2015 12:00:00 AM,1/22/2016 12:00:00 AM,900,766,134
11/17/2015 12:00:00 AM,1/23/2016 12:00:00 AM,900,766,134
11/17/2015 12:00:00 AM,1/24/2016 12:00:00 AM,900,766,134
11/17/2015 12:00:00 AM,1/25/2016 12:00:00 AM,887,766,121
11/17/2015 12:00:00 AM,1/26/2016 12:00:00 AM,887,766,121
11/17/2015 12:00:00 AM,1/27/2016 12:00:00 AM,887,766,121
11/17/2015 12:00:00 AM,1/28/2016 12:00:00 AM,887,766,121
11/17/2015 12:00:00 AM,1/29/2016 12:00:00 AM,887,766,121
11/17/2015 12:00:00 AM,1/30/2016 12:00:00 AM,1656,1535,121
11/17/2015 12:00:00 AM,1/31/2016 12:00:00 AM,1607,1535,72
11/17/2015 12:00:00 AM,2/1/2016 12:00:00 AM,1846,1535,311
11/17/2015 12:00:00 AM,2/2/2016 12:00:00 AM,1850,1535,315
11/17/2015 12:00:00 AM,2/3/2016 12:00:00 AM,1850,1535,315
11/17/2015 12:00:00 AM,2/4/2016 12:00:00 AM,1850,1535,315
11/17/2015 12:00:00 AM,2/5/2016 12:00:00 AM,2068,1535,533
11/17/2015 12:00:00 AM,2/6/2016 12:00:00 AM,2359,1535,824
11/17/2015 12:00:00 AM,2/7/2016 12:00:00 AM,2359,1535,824
11/17/2015 12:00:00 AM,2/8/2016 12:00:00 AM,2359,1535,824
11/17/2015 12:00:00 AM,2/9/2016 12:00:00 AM,2359,1535,824
11/17/2015 12:00:00 AM,2/10/2016 12:00:00 AM,2404,1535,869
11/17/2015 12:00:00 AM,2/11/2016 12:00:00 AM,2404,1535,869
11/17/2015 12:00:00 AM,2/12/2016 12:00:00 AM,2404,1535,869
11/17/2015 12:00:00 AM,2/13/2016 12:00:00 AM,2456,1535,921
11/17/2015 12:00:00 AM,2/14/2016 12:00:00 AM,2469,1535,934
11/17/2015 12:00:00 AM,2/15/2016 12:00:00 AM,4535,2723,1812
11/17/2015 12:00:00 AM,2/16/2016 12:00:00 AM,4260,2493,1767
11/16/2015 12:00:00 AM,11/17/2015 12:00:00 AM,26942,12967,13975
11/16/2015 12:00:00 AM,11/18/2015 12:00:00 AM,25071,11662,13409
11/16/2015 12:00:00 AM,11/19/2015 12:00:00 AM,24326,11662,12664
11/16/2015 12:00:00 AM,11/20/2015 12:00:00 AM,23867,11512,12355
11/16/2015 12:00:00 AM,11/21/2015 12:00:00 AM,23089,11292,11797
11/16/2015 12:00:00 AM,11/22/2015 12:00:00 AM,21671,11220,10451
11/16/2015 12:00:00 AM,11/23/2015 12:00:00 AM,19016,9729,9287
11/16/2015 12:00:00 AM,11/24/2015 12:00:00 AM,17056,7562,9494
11/16/2015 12:00:00 AM,11/25/2015 12:00:00 AM,13641,5752,7889
11/16/2015 12:00:00 AM,11/26/2015 12:00:00 AM,12770,5752,7018
11/16/2015 12:00:00 AM,11/27/2015 12:00:00 AM,12905,5752,7153
11/16/2015 12:00:00 AM,11/28/2015 12:00:00 AM,12757,5679,7078
11/16/2015 12:00:00 AM,11/29/2015 12:00:00 AM,12908,5679,7229
11/16/2015 12:00:00 AM,11/30/2015 12:00:00 AM,11824,4709,7115
11/16/2015 12:00:00 AM,12/1/2015 12:00:00 AM,11197,4379,6818
11/16/2015 12:00:00 AM,12/2/2015 12:00:00 AM,10612,3794,6818
11/16/2015 12:00:00 AM,12/3/2015 12:00:00 AM,10612,3794,6818
11/16/2015 12:00:00 AM,12/4/2015 12:00:00 AM,10612,3794,6818
11/16/2015 12:00:00 AM,12/5/2015 12:00:00 AM,11683,4199,7484
11/16/2015 12:00:00 AM,12/6/2015 12:00:00 AM,11500,4174,7326
11/16/2015 12:00:00 AM,12/7/2015 12:00:00 AM,11625,4313,7312
11/16/2015 12:00:00 AM,12/8/2015 12:00:00 AM,9730,3013,6717
11/16/2015 12:00:00 AM,12/9/2015 12:00:00 AM,9019,3013,6006
11/16/2015 12:00:00 AM,12/10/2015 12:00:00 AM,9019,3013,6006
11/16/2015 12:00:00 AM,12/11/2015 12:00:00 AM,8418,2412,6006
11/16/2015 12:00:00 AM,12/12/2015 12:00:00 AM,7485,2858,4627
11/16/2015 12:00:00 AM,12/13/2015 12:00:00 AM,7174,2843,4331
11/16/2015 12:00:00 AM,12/14/2015 12:00:00 AM,7119,2940,4179
11/16/2015 12:00:00 AM,12/15/2015 12:00:00 AM,4997,2535,2462
11/16/2015 12:00:00 AM,12/16/2015 12:00:00 AM,5059,2597,2462
11/16/2015 12:00:00 AM,12/17/2015 12:00:00 AM,5023,2500,2523
11/16/2015 12:00:00 AM,12/18/2015 12:00:00 AM,4281,1758,2523
11/16/2015 12:00:00 AM,12/19/2015 12:00:00 AM,4268,1758,2510
11/16/2015 12:00:00 AM,12/20/2015 12:00:00 AM,4097,1696,2401
11/16/2015 12:00:00 AM,12/21/2015 12:00:00 AM,4097,1696,2401
11/16/2015 12:00:00 AM,12/22/2015 12:00:00 AM,3217,816,2401
11/16/2015 12:00:00 AM,12/23/2015 12:00:00 AM,2375,816,1559
11/16/2015 12:00:00 AM,12/24/2015 12:00:00 AM,2304,816,1488
11/16/2015 12:00:00 AM,12/25/2015 12:00:00 AM,2853,816,2037
11/16/2015 12:00:00 AM,12/26/2015 12:00:00 AM,2853,816,2037
11/16/2015 12:00:00 AM,12/27/2015 12:00:00 AM,2853,816,2037
11/16/2015 12:00:00 AM,12/28/2015 12:00:00 AM,2853,816,2037
11/16/2015 12:00:00 AM,12/29/2015 12:00:00 AM,2853,816,2037
11/16/2015 12:00:00 AM,12/30/2015 12:00:00 AM,2067,816,1251
11/16/2015 12:00:00 AM,12/31/2015 12:00:00 AM,2067,816,1251
11/16/2015 12:00:00 AM,1/1/2016 12:00:00 AM,2008,816,1192
11/16/2015 12:00:00 AM,1/2/2016 12:00:00 AM,1356,766,590
11/16/2015 12:00:00 AM,1/3/2016 12:00:00 AM,1356,766,590
11/16/2015 12:00:00 AM,1/4/2016 12:00:00 AM,1356,766,590
11/16/2015 12:00:00 AM,1/5/2016 12:00:00 AM,1360,766,594
11/16/2015 12:00:00 AM,1/6/2016 12:00:00 AM,1360,766,594
11/16/2015 12:00:00 AM,1/7/2016 12:00:00 AM,1360,766,594
11/16/2015 12:00:00 AM,1/8/2016 12:00:00 AM,1356,766,590
11/16/2015 12:00:00 AM,1/9/2016 12:00:00 AM,1356,766,590
11/16/2015 12:00:00 AM,1/10/2016 12:00:00 AM,1356,766,590
11/16/2015 12:00:00 AM,1/11/2016 12:00:00 AM,854,766,88
11/16/2015 12:00:00 AM,1/12/2016 12:00:00 AM,854,766,88
11/16/2015 12:00:00 AM,1/13/2016 12:00:00 AM,854,766,88
11/16/2015 12:00:00 AM,1/14/2016 12:00:00 AM,854,766,88
11/16/2015 12:00:00 AM,1/15/2016 12:00:00 AM,827,766,61
11/16/2015 12:00:00 AM,1/16/2016 12:00:00 AM,815,766,49
11/16/2015 12:00:00 AM,1/17/2016 12:00:00 AM,828,766,62
11/16/2015 12:00:00 AM,1/18/2016 12:00:00 AM,900,766,134
11/16/2015 12:00:00 AM,1/19/2016 12:00:00 AM,900,766,134
11/16/2015 12:00:00 AM,1/20/2016 12:00:00 AM,900,766,134
11/16/2015 12:00:00 AM,1/21/2016 12:00:00 AM,900,766,134
11/16/2015 12:00:00 AM,1/22/2016 12:00:00 AM,900,766,134
11/16/2015 12:00:00 AM,1/23/2016 12:00:00 AM,900,766,134
11/16/2015 12:00:00 AM,1/24/2016 12:00:00 AM,900,766,134
11/16/2015 12:00:00 AM,1/25/2016 12:00:00 AM,887,766,121
11/16/2015 12:00:00 AM,1/26/2016 12:00:00 AM,887,766,121
11/16/2015 12:00:00 AM,1/27/2016 12:00:00 AM,887,766,121
11/16/2015 12:00:00 AM,1/28/2016 12:00:00 AM,887,766,121
11/16/2015 12:00:00 AM,1/29/2016 12:00:00 AM,887,766,121
11/16/2015 12:00:00 AM,1/30/2016 12:00:00 AM,1656,1535,121
11/16/2015 12:00:00 AM,1/31/2016 12:00:00 AM,1607,1535,72
11/16/2015 12:00:00 AM,2/1/2016 12:00:00 AM,1846,1535,311
11/16/2015 12:00:00 AM,2/2/2016 12:00:00 AM,1850,1535,315
11/16/2015 12:00:00 AM,2/3/2016 12:00:00 AM,1850,1535,315
11/16/2015 12:00:00 AM,2/4/2016 12:00:00 AM,1850,1535,315
11/16/2015 12:00:00 AM,2/5/2016 12:00:00 AM,2068,1535,533
11/16/2015 12:00:00 AM,2/6/2016 12:00:00 AM,2359,1535,824
11/16/2015 12:00:00 AM,2/7/2016 12:00:00 AM,2359,1535,824
11/16/2015 12:00:00 AM,2/8/2016 12:00:00 AM,2359,1535,824
11/16/2015 12:00:00 AM,2/9/2016 12:00:00 AM,2359,1535,824
11/16/2015 12:00:00 AM,2/10/2016 12:00:00 AM,2404,1535,869
11/16/2015 12:00:00 AM,2/11/2016 12:00:00 AM,2404,1535,869
11/16/2015 12:00:00 AM,2/12/2016 12:00:00 AM,2404,1535,869
11/16/2015 12:00:00 AM,2/13/2016 12:00:00 AM,2456,1535,921
11/16/2015 12:00:00 AM,2/14/2016 12:00:00 AM,2469,1535,934
11/16/2015 12:00:00 AM,2/15/2016 12:00:00 AM,4535,2723,1812
11/15/2015 12:00:00 AM,11/16/2015 12:00:00 AM,29258,13790,15468
11/15/2015 12:00:00 AM,11/17/2015 12:00:00 AM,25859,12005,13854
11/15/2015 12:00:00 AM,11/18/2015 12:00:00 AM,25414,12005,13409
11/15/2015 12:00:00 AM,11/19/2015 12:00:00 AM,24669,12005,12664
11/15/2015 12:00:00 AM,11/20/2015 12:00:00 AM,24210,11855,12355
11/15/2015 12:00:00 AM,11/21/2015 12:00:00 AM,23432,11635,11797
11/15/2015 12:00:00 AM,11/22/2015 12:00:00 AM,22014,11563,10451
11/15/2015 12:00:00 AM,11/23/2015 12:00:00 AM,19357,10070,9287
11/15/2015 12:00:00 AM,11/24/2015 12:00:00 AM,17397,7903,9494
11/15/2015 12:00:00 AM,11/25/2015 12:00:00 AM,13982,6093,7889
11/15/2015 12:00:00 AM,11/26/2015 12:00:00 AM,13111,6093,7018
11/15/2015 12:00:00 AM,11/27/2015 12:00:00 AM,13246,6093,7153
11/15/2015 12:00:00 AM,11/28/2015 12:00:00 AM,13098,6020,7078
11/15/2015 12:00:00 AM,11/29/2015 12:00:00 AM,12908,5679,7229
11/15/2015 12:00:00 AM,11/30/2015 12:00:00 AM,11824,4709,7115
11/15/2015 12:00:00 AM,12/1/2015 12:00:00 AM,11197,4379,6818
11/15/2015 12:00:00 AM,12/2/2015 12:00:00 AM,10612,3794,6818
11/15/2015 12:00:00 AM,12/3/2015 12:00:00 AM,10612,3794,6818
11/15/2015 12:00:00 AM,12/4/2015 12:00:00 AM,10612,3794,6818
11/15/2015 12:00:00 AM,12/5/2015 12:00:00 AM,11683,4199,7484
11/15/2015 12:00:00 AM,12/6/2015 12:00:00 AM,11500,4174,7326
11/15/2015 12:00:00 AM,12/7/2015 12:00:00 AM,11625,4313,7312
11/15/2015 12:00:00 AM,12/8/2015 12:00:00 AM,9730,3013,6717
11/15/2015 12:00:00 AM,12/9/2015 12:00:00 AM,9019,3013,6006
11/15/2015 12:00:00 AM,12/10/2015 12:00:00 AM,9019,3013,6006
11/15/2015 12:00:00 AM,12/11/2015 12:00:00 AM,8418,2412,6006
11/15/2015 12:00:00 AM,12/12/2015 12:00:00 AM,7485,2858,4627
11/15/2015 12:00:00 AM,12/13/2015 12:00:00 AM,7174,2843,4331
11/15/2015 12:00:00 AM,12/14/2015 12:00:00 AM,7119,2940,4179
11/15/2015 12:00:00 AM,12/15/2015 12:00:00 AM,4997,2535,2462
11/15/2015 12:00:00 AM,12/16/2015 12:00:00 AM,5059,2597,2462
11/15/2015 12:00:00 AM,12/17/2015 12:00:00 AM,5023,2500,2523
11/15/2015 12:00:00 AM,12/18/2015 12:00:00 AM,4281,1758,2523
11/15/2015 12:00:00 AM,12/19/2015 12:00:00 AM,4268,1758,2510
11/15/2015 12:00:00 AM,12/20/2015 12:00:00 AM,4097,1696,2401
11/15/2015 12:00:00 AM,12/21/2015 12:00:00 AM,4097,1696,2401
11/15/2015 12:00:00 AM,12/22/2015 12:00:00 AM,3217,816,2401
11/15/2015 12:00:00 AM,12/23/2015 12:00:00 AM,2375,816,1559
11/15/2015 12:00:00 AM,12/24/2015 12:00:00 AM,2304,816,1488
11/15/2015 12:00:00 AM,12/25/2015 12:00:00 AM,2853,816,2037
11/15/2015 12:00:00 AM,12/26/2015 12:00:00 AM,2853,816,2037
11/15/2015 12:00:00 AM,12/27/2015 12:00:00 AM,2853,816,2037
11/15/2015 12:00:00 AM,12/28/2015 12:00:00 AM,2853,816,2037
11/15/2015 12:00:00 AM,12/29/2015 12:00:00 AM,2853,816,2037
11/15/2015 12:00:00 AM,12/30/2015 12:00:00 AM,2067,816,1251
11/15/2015 12:00:00 AM,12/31/2015 12:00:00 AM,2067,816,1251
11/15/2015 12:00:00 AM,1/1/2016 12:00:00 AM,2008,816,1192
11/15/2015 12:00:00 AM,1/2/2016 12:00:00 AM,1356,766,590
11/15/2015 12:00:00 AM,1/3/2016 12:00:00 AM,1356,766,590
11/15/2015 12:00:00 AM,1/4/2016 12:00:00 AM,1356,766,590
11/15/2015 12:00:00 AM,1/5/2016 12:00:00 AM,1360,766,594
11/15/2015 12:00:00 AM,1/6/2016 12:00:00 AM,1360,766,594
11/15/2015 12:00:00 AM,1/7/2016 12:00:00 AM,1360,766,594
11/15/2015 12:00:00 AM,1/8/2016 12:00:00 AM,1356,766,590
11/15/2015 12:00:00 AM,1/9/2016 12:00:00 AM,1356,766,590
11/15/2015 12:00:00 AM,1/10/2016 12:00:00 AM,1356,766,590
11/15/2015 12:00:00 AM,1/11/2016 12:00:00 AM,854,766,88
11/15/2015 12:00:00 AM,1/12/2016 12:00:00 AM,854,766,88
11/15/2015 12:00:00 AM,1/13/2016 12:00:00 AM,854,766,88
11/15/2015 12:00:00 AM,1/14/2016 12:00:00 AM,854,766,88
11/15/2015 12:00:00 AM,1/15/2016 12:00:00 AM,827,766,61
11/15/2015 12:00:00 AM,1/16/2016 12:00:00 AM,815,766,49
11/15/2015 12:00:00 AM,1/17/2016 12:00:00 AM,828,766,62
11/15/2015 12:00:00 AM,1/18/2016 12:00:00 AM,900,766,134
11/15/2015 12:00:00 AM,1/19/2016 12:00:00 AM,900,766,134
11/15/2015 12:00:00 AM,1/20/2016 12:00:00 AM,900,766,134
11/15/2015 12:00:00 AM,1/21/2016 12:00:00 AM,900,766,134
11/15/2015 12:00:00 AM,1/22/2016 12:00:00 AM,900,766,134
11/15/2015 12:00:00 AM,1/23/2016 12:00:00 AM,900,766,134
11/15/2015 12:00:00 AM,1/24/2016 12:00:00 AM,900,766,134
11/15/2015 12:00:00 AM,1/25/2016 12:00:00 AM,887,766,121
11/15/2015 12:00:00 AM,1/26/2016 12:00:00 AM,887,766,121
11/15/2015 12:00:00 AM,1/27/2016 12:00:00 AM,887,766,121
11/15/2015 12:00:00 AM,1/28/2016 12:00:00 AM,887,766,121
11/15/2015 12:00:00 AM,1/29/2016 12:00:00 AM,887,766,121
11/15/2015 12:00:00 AM,1/30/2016 12:00:00 AM,1656,1535,121
11/15/2015 12:00:00 AM,1/31/2016 12:00:00 AM,1607,1535,72
11/15/2015 12:00:00 AM,2/1/2016 12:00:00 AM,1846,1535,311
11/15/2015 12:00:00 AM,2/2/2016 12:00:00 AM,1850,1535,315
11/15/2015 12:00:00 AM,2/3/2016 12:00:00 AM,1850,1535,315
11/15/2015 12:00:00 AM,2/4/2016 12:00:00 AM,1850,1535,315
11/15/2015 12:00:00 AM,2/5/2016 12:00:00 AM,2068,1535,533
11/15/2015 12:00:00 AM,2/6/2016 12:00:00 AM,2359,1535,824
11/15/2015 12:00:00 AM,2/7/2016 12:00:00 AM,2359,1535,824
11/15/2015 12:00:00 AM,2/8/2016 12:00:00 AM,2359,1535,824
11/15/2015 12:00:00 AM,2/9/2016 12:00:00 AM,2359,1535,824
11/15/2015 12:00:00 AM,2/10/2016 12:00:00 AM,2404,1535,869
11/15/2015 12:00:00 AM,2/11/2016 12:00:00 AM,2404,1535,869
11/15/2015 12:00:00 AM,2/12/2016 12:00:00 AM,2404,1535,869
11/15/2015 12:00:00 AM,2/13/2016 12:00:00 AM,2456,1535,921
11/15/2015 12:00:00 AM,2/14/2016 12:00:00 AM,2469,1535,934
11/14/2015 12:00:00 AM,11/15/2015 12:00:00 AM,31178,14560,16618
11/14/2015 12:00:00 AM,11/16/2015 12:00:00 AM,30673,14560,16113
11/14/2015 12:00:00 AM,11/17/2015 12:00:00 AM,26504,12005,14499
11/14/2015 12:00:00 AM,11/18/2015 12:00:00 AM,26059,12005,14054
11/14/2015 12:00:00 AM,11/19/2015 12:00:00 AM,25314,12005,13309
11/14/2015 12:00:00 AM,11/20/2015 12:00:00 AM,24855,11855,13000
11/14/2015 12:00:00 AM,11/21/2015 12:00:00 AM,24077,11635,12442
11/14/2015 12:00:00 AM,11/22/2015 12:00:00 AM,22659,11563,11096
11/14/2015 12:00:00 AM,11/23/2015 12:00:00 AM,20002,10070,9932
11/14/2015 12:00:00 AM,11/24/2015 12:00:00 AM,18042,7903,10139
11/14/2015 12:00:00 AM,11/25/2015 12:00:00 AM,14627,6093,8534
11/14/2015 12:00:00 AM,11/26/2015 12:00:00 AM,13756,6093,7663
11/14/2015 12:00:00 AM,11/27/2015 12:00:00 AM,13891,6093,7798
11/14/2015 12:00:00 AM,11/28/2015 12:00:00 AM,13743,6020,7723
11/14/2015 12:00:00 AM,11/29/2015 12:00:00 AM,13553,5679,7874
11/14/2015 12:00:00 AM,11/30/2015 12:00:00 AM,12469,4709,7760
11/14/2015 12:00:00 AM,12/1/2015 12:00:00 AM,11197,4379,6818
11/14/2015 12:00:00 AM,12/2/2015 12:00:00 AM,10612,3794,6818
11/14/2015 12:00:00 AM,12/3/2015 12:00:00 AM,10612,3794,6818
11/14/2015 12:00:00 AM,12/4/2015 12:00:00 AM,10612,3794,6818
11/14/2015 12:00:00 AM,12/5/2015 12:00:00 AM,11683,4199,7484
11/14/2015 12:00:00 AM,12/6/2015 12:00:00 AM,11500,4174,7326
11/14/2015 12:00:00 AM,12/7/2015 12:00:00 AM,11625,4313,7312
11/14/2015 12:00:00 AM,12/8/2015 12:00:00 AM,9730,3013,6717
11/14/2015 12:00:00 AM,12/9/2015 12:00:00 AM,9019,3013,6006
11/14/2015 12:00:00 AM,12/10/2015 12:00:00 AM,9019,3013,6006
11/14/2015 12:00:00 AM,12/11/2015 12:00:00 AM,8418,2412,6006
11/14/2015 12:00:00 AM,12/12/2015 12:00:00 AM,7485,2858,4627
11/14/2015 12:00:00 AM,12/13/2015 12:00:00 AM,7174,2843,4331
11/14/2015 12:00:00 AM,12/14/2015 12:00:00 AM,7119,2940,4179
11/14/2015 12:00:00 AM,12/15/2015 12:00:00 AM,4997,2535,2462
11/14/2015 12:00:00 AM,12/16/2015 12:00:00 AM,5059,2597,2462
11/14/2015 12:00:00 AM,12/17/2015 12:00:00 AM,5023,2500,2523
11/14/2015 12:00:00 AM,12/18/2015 12:00:00 AM,4281,1758,2523
11/14/2015 12:00:00 AM,12/19/2015 12:00:00 AM,4268,1758,2510
11/14/2015 12:00:00 AM,12/20/2015 12:00:00 AM,4097,1696,2401
11/14/2015 12:00:00 AM,12/21/2015 12:00:00 AM,4097,1696,2401
11/14/2015 12:00:00 AM,12/22/2015 12:00:00 AM,3217,816,2401
11/14/2015 12:00:00 AM,12/23/2015 12:00:00 AM,2375,816,1559
11/14/2015 12:00:00 AM,12/24/2015 12:00:00 AM,2304,816,1488
11/14/2015 12:00:00 AM,12/25/2015 12:00:00 AM,2853,816,2037
11/14/2015 12:00:00 AM,12/26/2015 12:00:00 AM,2853,816,2037
11/14/2015 12:00:00 AM,12/27/2015 12:00:00 AM,2853,816,2037
11/14/2015 12:00:00 AM,12/28/2015 12:00:00 AM,2853,816,2037
11/14/2015 12:00:00 AM,12/29/2015 12:00:00 AM,2853,816,2037
11/14/2015 12:00:00 AM,12/30/2015 12:00:00 AM,2067,816,1251
11/14/2015 12:00:00 AM,12/31/2015 12:00:00 AM,2067,816,1251
11/14/2015 12:00:00 AM,1/1/2016 12:00:00 AM,2008,816,1192
11/14/2015 12:00:00 AM,1/2/2016 12:00:00 AM,1356,766,590
11/14/2015 12:00:00 AM,1/3/2016 12:00:00 AM,1356,766,590
11/14/2015 12:00:00 AM,1/4/2016 12:00:00 AM,1356,766,590
11/14/2015 12:00:00 AM,1/5/2016 12:00:00 AM,1360,766,594
11/14/2015 12:00:00 AM,1/6/2016 12:00:00 AM,1360,766,594
11/14/2015 12:00:00 AM,1/7/2016 12:00:00 AM,1360,766,594
11/14/2015 12:00:00 AM,1/8/2016 12:00:00 AM,1356,766,590
11/14/2015 12:00:00 AM,1/9/2016 12:00:00 AM,1356,766,590
11/14/2015 12:00:00 AM,1/10/2016 12:00:00 AM,1356,766,590
11/14/2015 12:00:00 AM,1/11/2016 12:00:00 AM,854,766,88
11/14/2015 12:00:00 AM,1/12/2016 12:00:00 AM,854,766,88
11/14/2015 12:00:00 AM,1/13/2016 12:00:00 AM,854,766,88
11/14/2015 12:00:00 AM,1/14/2016 12:00:00 AM,854,766,88
11/14/2015 12:00:00 AM,1/15/2016 12:00:00 AM,827,766,61
11/14/2015 12:00:00 AM,1/16/2016 12:00:00 AM,815,766,49
11/14/2015 12:00:00 AM,1/17/2016 12:00:00 AM,828,766,62
11/14/2015 12:00:00 AM,1/18/2016 12:00:00 AM,900,766,134
11/14/2015 12:00:00 AM,1/19/2016 12:00:00 AM,900,766,134
11/14/2015 12:00:00 AM,1/20/2016 12:00:00 AM,900,766,134
11/14/2015 12:00:00 AM,1/21/2016 12:00:00 AM,900,766,134
11/14/2015 12:00:00 AM,1/22/2016 12:00:00 AM,900,766,134
11/14/2015 12:00:00 AM,1/23/2016 12:00:00 AM,900,766,134
11/14/2015 12:00:00 AM,1/24/2016 12:00:00 AM,900,766,134
11/14/2015 12:00:00 AM,1/25/2016 12:00:00 AM,887,766,121
11/14/2015 12:00:00 AM,1/26/2016 12:00:00 AM,887,766,121
11/14/2015 12:00:00 AM,1/27/2016 12:00:00 AM,887,766,121
11/14/2015 12:00:00 AM,1/28/2016 12:00:00 AM,887,766,121
11/14/2015 12:00:00 AM,1/29/2016 12:00:00 AM,887,766,121
11/14/2015 12:00:00 AM,1/30/2016 12:00:00 AM,1656,1535,121
11/14/2015 12:00:00 AM,1/31/2016 12:00:00 AM,1607,1535,72
11/14/2015 12:00:00 AM,2/1/2016 12:00:00 AM,1846,1535,311
11/14/2015 12:00:00 AM,2/2/2016 12:00:00 AM,1850,1535,315
11/14/2015 12:00:00 AM,2/3/2016 12:00:00 AM,1850,1535,315
11/14/2015 12:00:00 AM,2/4/2016 12:00:00 AM,1850,1535,315
11/14/2015 12:00:00 AM,2/5/2016 12:00:00 AM,2068,1535,533
11/14/2015 12:00:00 AM,2/6/2016 12:00:00 AM,2359,1535,824
11/14/2015 12:00:00 AM,2/7/2016 12:00:00 AM,2359,1535,824
11/14/2015 12:00:00 AM,2/8/2016 12:00:00 AM,2359,1535,824
11/14/2015 12:00:00 AM,2/9/2016 12:00:00 AM,2359,1535,824
11/14/2015 12:00:00 AM,2/10/2016 12:00:00 AM,2404,1535,869
11/14/2015 12:00:00 AM,2/11/2016 12:00:00 AM,2404,1535,869
11/14/2015 12:00:00 AM,2/12/2016 12:00:00 AM,2404,1535,869
11/14/2015 12:00:00 AM,2/13/2016 12:00:00 AM,2456,1535,921
11/13/2015 12:00:00 AM,11/14/2015 12:00:00 AM,32302,13935,18367
11/13/2015 12:00:00 AM,11/15/2015 12:00:00 AM,31906,13935,17971
11/13/2015 12:00:00 AM,11/16/2015 12:00:00 AM,30406,13790,16616
11/13/2015 12:00:00 AM,11/17/2015 12:00:00 AM,26504,12005,14499
11/13/2015 12:00:00 AM,11/18/2015 12:00:00 AM,26059,12005,14054
11/13/2015 12:00:00 AM,11/19/2015 12:00:00 AM,25314,12005,13309
11/13/2015 12:00:00 AM,11/20/2015 12:00:00 AM,24855,11855,13000
11/13/2015 12:00:00 AM,11/21/2015 12:00:00 AM,24077,11635,12442
11/13/2015 12:00:00 AM,11/22/2015 12:00:00 AM,22659,11563,11096
11/13/2015 12:00:00 AM,11/23/2015 12:00:00 AM,20002,10070,9932
11/13/2015 12:00:00 AM,11/24/2015 12:00:00 AM,18042,7903,10139
11/13/2015 12:00:00 AM,11/25/2015 12:00:00 AM,14627,6093,8534
11/13/2015 12:00:00 AM,11/26/2015 12:00:00 AM,13756,6093,7663
11/13/2015 12:00:00 AM,11/27/2015 12:00:00 AM,13891,6093,7798
11/13/2015 12:00:00 AM,11/28/2015 12:00:00 AM,13743,6020,7723
11/13/2015 12:00:00 AM,11/29/2015 12:00:00 AM,13553,5679,7874
11/13/2015 12:00:00 AM,11/30/2015 12:00:00 AM,12469,4709,7760
11/13/2015 12:00:00 AM,12/1/2015 12:00:00 AM,11197,4379,6818
11/13/2015 12:00:00 AM,12/2/2015 12:00:00 AM,10612,3794,6818
11/13/2015 12:00:00 AM,12/3/2015 12:00:00 AM,10612,3794,6818
11/13/2015 12:00:00 AM,12/4/2015 12:00:00 AM,10612,3794,6818
11/13/2015 12:00:00 AM,12/5/2015 12:00:00 AM,11683,4199,7484
11/13/2015 12:00:00 AM,12/6/2015 12:00:00 AM,11500,4174,7326
11/13/2015 12:00:00 AM,12/7/2015 12:00:00 AM,11625,4313,7312
11/13/2015 12:00:00 AM,12/8/2015 12:00:00 AM,9730,3013,6717
11/13/2015 12:00:00 AM,12/9/2015 12:00:00 AM,9019,3013,6006
11/13/2015 12:00:00 AM,12/10/2015 12:00:00 AM,9019,3013,6006
11/13/2015 12:00:00 AM,12/11/2015 12:00:00 AM,8418,2412,6006
11/13/2015 12:00:00 AM,12/12/2015 12:00:00 AM,7485,2858,4627
11/13/2015 12:00:00 AM,12/13/2015 12:00:00 AM,7174,2843,4331
11/13/2015 12:00:00 AM,12/14/2015 12:00:00 AM,7022,2843,4179
11/13/2015 12:00:00 AM,12/15/2015 12:00:00 AM,4900,2438,2462
11/13/2015 12:00:00 AM,12/16/2015 12:00:00 AM,4900,2438,2462
11/13/2015 12:00:00 AM,12/17/2015 12:00:00 AM,4961,2438,2523
11/13/2015 12:00:00 AM,12/18/2015 12:00:00 AM,4219,1696,2523
11/13/2015 12:00:00 AM,12/19/2015 12:00:00 AM,4206,1696,2510
11/13/2015 12:00:00 AM,12/20/2015 12:00:00 AM,4097,1696,2401
11/13/2015 12:00:00 AM,12/21/2015 12:00:00 AM,4097,1696,2401
11/13/2015 12:00:00 AM,12/22/2015 12:00:00 AM,3217,816,2401
11/13/2015 12:00:00 AM,12/23/2015 12:00:00 AM,2375,816,1559
11/13/2015 12:00:00 AM,12/24/2015 12:00:00 AM,2304,816,1488
11/13/2015 12:00:00 AM,12/25/2015 12:00:00 AM,2853,816,2037
11/13/2015 12:00:00 AM,12/26/2015 12:00:00 AM,2853,816,2037
11/13/2015 12:00:00 AM,12/27/2015 12:00:00 AM,2853,816,2037
11/13/2015 12:00:00 AM,12/28/2015 12:00:00 AM,2853,816,2037
11/13/2015 12:00:00 AM,12/29/2015 12:00:00 AM,2853,816,2037
11/13/2015 12:00:00 AM,12/30/2015 12:00:00 AM,2067,816,1251
11/13/2015 12:00:00 AM,12/31/2015 12:00:00 AM,2067,816,1251
11/13/2015 12:00:00 AM,1/1/2016 12:00:00 AM,2008,816,1192
11/13/2015 12:00:00 AM,1/2/2016 12:00:00 AM,1356,766,590
11/13/2015 12:00:00 AM,1/3/2016 12:00:00 AM,1356,766,590
11/13/2015 12:00:00 AM,1/4/2016 12:00:00 AM,1356,766,590
11/13/2015 12:00:00 AM,1/5/2016 12:00:00 AM,1360,766,594
11/13/2015 12:00:00 AM,1/6/2016 12:00:00 AM,1360,766,594
11/13/2015 12:00:00 AM,1/7/2016 12:00:00 AM,1360,766,594
11/13/2015 12:00:00 AM,1/8/2016 12:00:00 AM,1356,766,590
11/13/2015 12:00:00 AM,1/9/2016 12:00:00 AM,1356,766,590
11/13/2015 12:00:00 AM,1/10/2016 12:00:00 AM,1356,766,590
11/13/2015 12:00:00 AM,1/11/2016 12:00:00 AM,854,766,88
11/13/2015 12:00:00 AM,1/12/2016 12:00:00 AM,854,766,88
11/13/2015 12:00:00 AM,1/13/2016 12:00:00 AM,854,766,88
11/13/2015 12:00:00 AM,1/14/2016 12:00:00 AM,854,766,88
11/13/2015 12:00:00 AM,1/15/2016 12:00:00 AM,827,766,61
11/13/2015 12:00:00 AM,1/16/2016 12:00:00 AM,815,766,49
11/13/2015 12:00:00 AM,1/17/2016 12:00:00 AM,828,766,62
11/13/2015 12:00:00 AM,1/18/2016 12:00:00 AM,900,766,134
11/13/2015 12:00:00 AM,1/19/2016 12:00:00 AM,900,766,134
11/13/2015 12:00:00 AM,1/20/2016 12:00:00 AM,900,766,134
11/13/2015 12:00:00 AM,1/21/2016 12:00:00 AM,900,766,134
11/13/2015 12:00:00 AM,1/22/2016 12:00:00 AM,900,766,134
11/13/2015 12:00:00 AM,1/23/2016 12:00:00 AM,900,766,134
11/13/2015 12:00:00 AM,1/24/2016 12:00:00 AM,900,766,134
11/13/2015 12:00:00 AM,1/25/2016 12:00:00 AM,887,766,121
11/13/2015 12:00:00 AM,1/26/2016 12:00:00 AM,887,766,121
11/13/2015 12:00:00 AM,1/27/2016 12:00:00 AM,887,766,121
11/13/2015 12:00:00 AM,1/28/2016 12:00:00 AM,887,766,121
11/13/2015 12:00:00 AM,1/29/2016 12:00:00 AM,887,766,121
11/13/2015 12:00:00 AM,1/30/2016 12:00:00 AM,1656,1535,121
11/13/2015 12:00:00 AM,1/31/2016 12:00:00 AM,1607,1535,72
11/13/2015 12:00:00 AM,2/1/2016 12:00:00 AM,1846,1535,311
11/13/2015 12:00:00 AM,2/2/2016 12:00:00 AM,1850,1535,315
11/13/2015 12:00:00 AM,2/3/2016 12:00:00 AM,1850,1535,315
11/13/2015 12:00:00 AM,2/4/2016 12:00:00 AM,1850,1535,315
11/13/2015 12:00:00 AM,2/5/2016 12:00:00 AM,2068,1535,533
11/13/2015 12:00:00 AM,2/6/2016 12:00:00 AM,2359,1535,824
11/13/2015 12:00:00 AM,2/7/2016 12:00:00 AM,2359,1535,824
11/13/2015 12:00:00 AM,2/8/2016 12:00:00 AM,2359,1535,824
11/13/2015 12:00:00 AM,2/9/2016 12:00:00 AM,2359,1535,824
11/13/2015 12:00:00 AM,2/10/2016 12:00:00 AM,2404,1535,869
11/13/2015 12:00:00 AM,2/11/2016 12:00:00 AM,2404,1535,869
11/13/2015 12:00:00 AM,2/12/2016 12:00:00 AM,2404,1535,869
11/12/2015 12:00:00 AM,11/13/2015 12:00:00 AM,31826,13706,18120
11/12/2015 12:00:00 AM,11/14/2015 12:00:00 AM,31852,13935,17917
11/12/2015 12:00:00 AM,11/15/2015 12:00:00 AM,30338,13935,16403
11/12/2015 12:00:00 AM,11/16/2015 12:00:00 AM,29688,13790,15898
11/12/2015 12:00:00 AM,11/17/2015 12:00:00 AM,26722,12005,14717
11/12/2015 12:00:00 AM,11/18/2015 12:00:00 AM,26300,12005,14295
11/12/2015 12:00:00 AM,11/19/2015 12:00:00 AM,25555,12005,13550
11/12/2015 12:00:00 AM,11/20/2015 12:00:00 AM,25096,11855,13241
11/12/2015 12:00:00 AM,11/21/2015 12:00:00 AM,24318,11635,12683
11/12/2015 12:00:00 AM,11/22/2015 12:00:00 AM,22900,11563,11337
11/12/2015 12:00:00 AM,11/23/2015 12:00:00 AM,20243,10070,10173
11/12/2015 12:00:00 AM,11/24/2015 12:00:00 AM,18748,8368,10380
11/12/2015 12:00:00 AM,11/25/2015 12:00:00 AM,15333,6558,8775
11/12/2015 12:00:00 AM,11/26/2015 12:00:00 AM,14462,6558,7904
11/12/2015 12:00:00 AM,11/27/2015 12:00:00 AM,14597,6558,8039
11/12/2015 12:00:00 AM,11/28/2015 12:00:00 AM,12866,6485,6381
11/12/2015 12:00:00 AM,11/29/2015 12:00:00 AM,12676,6144,6532
11/12/2015 12:00:00 AM,11/30/2015 12:00:00 AM,11242,5174,6068
11/12/2015 12:00:00 AM,12/1/2015 12:00:00 AM,9614,4379,5235
11/12/2015 12:00:00 AM,12/2/2015 12:00:00 AM,9029,3794,5235
11/12/2015 12:00:00 AM,12/3/2015 12:00:00 AM,9029,3794,5235
11/12/2015 12:00:00 AM,12/4/2015 12:00:00 AM,9029,3794,5235
11/12/2015 12:00:00 AM,12/5/2015 12:00:00 AM,10100,4199,5901
11/12/2015 12:00:00 AM,12/6/2015 12:00:00 AM,9917,4174,5743
11/12/2015 12:00:00 AM,12/7/2015 12:00:00 AM,10283,4313,5970
11/12/2015 12:00:00 AM,12/8/2015 12:00:00 AM,8388,3013,5375
11/12/2015 12:00:00 AM,12/9/2015 12:00:00 AM,7677,3013,4664
11/12/2015 12:00:00 AM,12/10/2015 12:00:00 AM,7677,3013,4664
11/12/2015 12:00:00 AM,12/11/2015 12:00:00 AM,7076,2412,4664
11/12/2015 12:00:00 AM,12/12/2015 12:00:00 AM,7485,2858,4627
11/12/2015 12:00:00 AM,12/13/2015 12:00:00 AM,7174,2843,4331
11/12/2015 12:00:00 AM,12/14/2015 12:00:00 AM,7022,2843,4179
11/12/2015 12:00:00 AM,12/15/2015 12:00:00 AM,4900,2438,2462
11/12/2015 12:00:00 AM,12/16/2015 12:00:00 AM,4900,2438,2462
11/12/2015 12:00:00 AM,12/17/2015 12:00:00 AM,4961,2438,2523
11/12/2015 12:00:00 AM,12/18/2015 12:00:00 AM,4219,1696,2523
11/12/2015 12:00:00 AM,12/19/2015 12:00:00 AM,4206,1696,2510
11/12/2015 12:00:00 AM,12/20/2015 12:00:00 AM,4097,1696,2401
11/12/2015 12:00:00 AM,12/21/2015 12:00:00 AM,4097,1696,2401
11/12/2015 12:00:00 AM,12/22/2015 12:00:00 AM,3217,816,2401
11/12/2015 12:00:00 AM,12/23/2015 12:00:00 AM,2375,816,1559
11/12/2015 12:00:00 AM,12/24/2015 12:00:00 AM,2304,816,1488
11/12/2015 12:00:00 AM,12/25/2015 12:00:00 AM,2853,816,2037
11/12/2015 12:00:00 AM,12/26/2015 12:00:00 AM,2853,816,2037
11/12/2015 12:00:00 AM,12/27/2015 12:00:00 AM,2853,816,2037
11/12/2015 12:00:00 AM,12/28/2015 12:00:00 AM,2853,816,2037
11/12/2015 12:00:00 AM,12/29/2015 12:00:00 AM,2853,816,2037
11/12/2015 12:00:00 AM,12/30/2015 12:00:00 AM,2067,816,1251
11/12/2015 12:00:00 AM,12/31/2015 12:00:00 AM,2067,816,1251
11/12/2015 12:00:00 AM,1/1/2016 12:00:00 AM,2008,816,1192
11/12/2015 12:00:00 AM,1/2/2016 12:00:00 AM,1356,766,590
11/12/2015 12:00:00 AM,1/3/2016 12:00:00 AM,1356,766,590
11/12/2015 12:00:00 AM,1/4/2016 12:00:00 AM,1356,766,590
11/12/2015 12:00:00 AM,1/5/2016 12:00:00 AM,1360,766,594
11/12/2015 12:00:00 AM,1/6/2016 12:00:00 AM,1360,766,594
11/12/2015 12:00:00 AM,1/7/2016 12:00:00 AM,1360,766,594
11/12/2015 12:00:00 AM,1/8/2016 12:00:00 AM,1356,766,590
11/12/2015 12:00:00 AM,1/9/2016 12:00:00 AM,1356,766,590
11/12/2015 12:00:00 AM,1/10/2016 12:00:00 AM,1356,766,590
11/12/2015 12:00:00 AM,1/11/2016 12:00:00 AM,854,766,88
11/12/2015 12:00:00 AM,1/12/2016 12:00:00 AM,854,766,88
11/12/2015 12:00:00 AM,1/13/2016 12:00:00 AM,854,766,88
11/12/2015 12:00:00 AM,1/14/2016 12:00:00 AM,854,766,88
11/12/2015 12:00:00 AM,1/15/2016 12:00:00 AM,827,766,61
11/12/2015 12:00:00 AM,1/16/2016 12:00:00 AM,815,766,49
11/12/2015 12:00:00 AM,1/17/2016 12:00:00 AM,828,766,62
11/12/2015 12:00:00 AM,1/18/2016 12:00:00 AM,900,766,134
11/12/2015 12:00:00 AM,1/19/2016 12:00:00 AM,900,766,134
11/12/2015 12:00:00 AM,1/20/2016 12:00:00 AM,900,766,134
11/12/2015 12:00:00 AM,1/21/2016 12:00:00 AM,900,766,134
11/12/2015 12:00:00 AM,1/22/2016 12:00:00 AM,900,766,134
11/12/2015 12:00:00 AM,1/23/2016 12:00:00 AM,900,766,134
11/12/2015 12:00:00 AM,1/24/2016 12:00:00 AM,900,766,134
11/12/2015 12:00:00 AM,1/25/2016 12:00:00 AM,887,766,121
11/12/2015 12:00:00 AM,1/26/2016 12:00:00 AM,887,766,121
11/12/2015 12:00:00 AM,1/27/2016 12:00:00 AM,887,766,121
11/12/2015 12:00:00 AM,1/28/2016 12:00:00 AM,887,766,121
11/12/2015 12:00:00 AM,1/29/2016 12:00:00 AM,887,766,121
11/12/2015 12:00:00 AM,1/30/2016 12:00:00 AM,1656,1535,121
11/12/2015 12:00:00 AM,1/31/2016 12:00:00 AM,1607,1535,72
11/12/2015 12:00:00 AM,2/1/2016 12:00:00 AM,1846,1535,311
11/12/2015 12:00:00 AM,2/2/2016 12:00:00 AM,1850,1535,315
11/12/2015 12:00:00 AM,2/3/2016 12:00:00 AM,1850,1535,315
11/12/2015 12:00:00 AM,2/4/2016 12:00:00 AM,1850,1535,315
11/12/2015 12:00:00 AM,2/5/2016 12:00:00 AM,2068,1535,533
11/12/2015 12:00:00 AM,2/6/2016 12:00:00 AM,2359,1535,824
11/12/2015 12:00:00 AM,2/7/2016 12:00:00 AM,2359,1535,824
11/12/2015 12:00:00 AM,2/8/2016 12:00:00 AM,2359,1535,824
11/12/2015 12:00:00 AM,2/9/2016 12:00:00 AM,2359,1535,824
11/12/2015 12:00:00 AM,2/10/2016 12:00:00 AM,2404,1535,869
11/12/2015 12:00:00 AM,2/11/2016 12:00:00 AM,2404,1535,869
11/11/2015 12:00:00 AM,11/12/2015 12:00:00 AM,33556,14743,18813
11/11/2015 12:00:00 AM,11/13/2015 12:00:00 AM,31332,13706,17626
11/11/2015 12:00:00 AM,11/14/2015 12:00:00 AM,30638,13861,16777
11/11/2015 12:00:00 AM,11/15/2015 12:00:00 AM,29692,13861,15831
11/11/2015 12:00:00 AM,11/16/2015 12:00:00 AM,28482,13716,14766
11/11/2015 12:00:00 AM,11/17/2015 12:00:00 AM,26088,11931,14157
11/11/2015 12:00:00 AM,11/18/2015 12:00:00 AM,26226,11931,14295
11/11/2015 12:00:00 AM,11/19/2015 12:00:00 AM,25481,11931,13550
11/11/2015 12:00:00 AM,11/20/2015 12:00:00 AM,25022,11781,13241
11/11/2015 12:00:00 AM,11/21/2015 12:00:00 AM,24318,11635,12683
11/11/2015 12:00:00 AM,11/22/2015 12:00:00 AM,22900,11563,11337
11/11/2015 12:00:00 AM,11/23/2015 12:00:00 AM,20243,10070,10173
11/11/2015 12:00:00 AM,11/24/2015 12:00:00 AM,18748,8368,10380
11/11/2015 12:00:00 AM,11/25/2015 12:00:00 AM,15333,6558,8775
11/11/2015 12:00:00 AM,11/26/2015 12:00:00 AM,14462,6558,7904
11/11/2015 12:00:00 AM,11/27/2015 12:00:00 AM,14597,6558,8039
11/11/2015 12:00:00 AM,11/28/2015 12:00:00 AM,12866,6485,6381
11/11/2015 12:00:00 AM,11/29/2015 12:00:00 AM,12676,6144,6532
11/11/2015 12:00:00 AM,11/30/2015 12:00:00 AM,11810,5174,6636
11/11/2015 12:00:00 AM,12/1/2015 12:00:00 AM,9614,4379,5235
11/11/2015 12:00:00 AM,12/2/2015 12:00:00 AM,9029,3794,5235
11/11/2015 12:00:00 AM,12/3/2015 12:00:00 AM,9029,3794,5235
11/11/2015 12:00:00 AM,12/4/2015 12:00:00 AM,9029,3794,5235
11/11/2015 12:00:00 AM,12/5/2015 12:00:00 AM,10100,4199,5901
11/11/2015 12:00:00 AM,12/6/2015 12:00:00 AM,9917,4174,5743
11/11/2015 12:00:00 AM,12/7/2015 12:00:00 AM,10283,4313,5970
11/11/2015 12:00:00 AM,12/8/2015 12:00:00 AM,8388,3013,5375
11/11/2015 12:00:00 AM,12/9/2015 12:00:00 AM,7677,3013,4664
11/11/2015 12:00:00 AM,12/10/2015 12:00:00 AM,7677,3013,4664
11/11/2015 12:00:00 AM,12/11/2015 12:00:00 AM,7076,2412,4664
11/11/2015 12:00:00 AM,12/12/2015 12:00:00 AM,7485,2858,4627
11/11/2015 12:00:00 AM,12/13/2015 12:00:00 AM,7174,2843,4331
11/11/2015 12:00:00 AM,12/14/2015 12:00:00 AM,7018,2843,4175
11/11/2015 12:00:00 AM,12/15/2015 12:00:00 AM,4896,2438,2458
11/11/2015 12:00:00 AM,12/16/2015 12:00:00 AM,4896,2438,2458
11/11/2015 12:00:00 AM,12/17/2015 12:00:00 AM,4961,2438,2523
11/11/2015 12:00:00 AM,12/18/2015 12:00:00 AM,4219,1696,2523
11/11/2015 12:00:00 AM,12/19/2015 12:00:00 AM,4206,1696,2510
11/11/2015 12:00:00 AM,12/20/2015 12:00:00 AM,4097,1696,2401
11/11/2015 12:00:00 AM,12/21/2015 12:00:00 AM,4097,1696,2401
11/11/2015 12:00:00 AM,12/22/2015 12:00:00 AM,3217,816,2401
11/11/2015 12:00:00 AM,12/23/2015 12:00:00 AM,2375,816,1559
11/11/2015 12:00:00 AM,12/24/2015 12:00:00 AM,2304,816,1488
11/11/2015 12:00:00 AM,12/25/2015 12:00:00 AM,2853,816,2037
11/11/2015 12:00:00 AM,12/26/2015 12:00:00 AM,2853,816,2037
11/11/2015 12:00:00 AM,12/27/2015 12:00:00 AM,2853,816,2037
11/11/2015 12:00:00 AM,12/28/2015 12:00:00 AM,2853,816,2037
11/11/2015 12:00:00 AM,12/29/2015 12:00:00 AM,2853,816,2037
11/11/2015 12:00:00 AM,12/30/2015 12:00:00 AM,2067,816,1251
11/11/2015 12:00:00 AM,12/31/2015 12:00:00 AM,2067,816,1251
11/11/2015 12:00:00 AM,1/1/2016 12:00:00 AM,2008,816,1192
11/11/2015 12:00:00 AM,1/2/2016 12:00:00 AM,1356,766,590
11/11/2015 12:00:00 AM,1/3/2016 12:00:00 AM,1356,766,590
11/11/2015 12:00:00 AM,1/4/2016 12:00:00 AM,1356,766,590
11/11/2015 12:00:00 AM,1/5/2016 12:00:00 AM,1356,766,590
11/11/2015 12:00:00 AM,1/6/2016 12:00:00 AM,1356,766,590
11/11/2015 12:00:00 AM,1/7/2016 12:00:00 AM,1356,766,590
11/11/2015 12:00:00 AM,1/8/2016 12:00:00 AM,1356,766,590
11/11/2015 12:00:00 AM,1/9/2016 12:00:00 AM,1356,766,590
11/11/2015 12:00:00 AM,1/10/2016 12:00:00 AM,1356,766,590
11/11/2015 12:00:00 AM,1/11/2016 12:00:00 AM,854,766,88
11/11/2015 12:00:00 AM,1/12/2016 12:00:00 AM,854,766,88
11/11/2015 12:00:00 AM,1/13/2016 12:00:00 AM,854,766,88
11/11/2015 12:00:00 AM,1/14/2016 12:00:00 AM,854,766,88
11/11/2015 12:00:00 AM,1/15/2016 12:00:00 AM,827,766,61
11/11/2015 12:00:00 AM,1/16/2016 12:00:00 AM,815,766,49
11/11/2015 12:00:00 AM,1/17/2016 12:00:00 AM,828,766,62
11/11/2015 12:00:00 AM,1/18/2016 12:00:00 AM,900,766,134
11/11/2015 12:00:00 AM,1/19/2016 12:00:00 AM,900,766,134
11/11/2015 12:00:00 AM,1/20/2016 12:00:00 AM,900,766,134
11/11/2015 12:00:00 AM,1/21/2016 12:00:00 AM,900,766,134
11/11/2015 12:00:00 AM,1/22/2016 12:00:00 AM,900,766,134
11/11/2015 12:00:00 AM,1/23/2016 12:00:00 AM,900,766,134
11/11/2015 12:00:00 AM,1/24/2016 12:00:00 AM,900,766,134
11/11/2015 12:00:00 AM,1/25/2016 12:00:00 AM,887,766,121
11/11/2015 12:00:00 AM,1/26/2016 12:00:00 AM,887,766,121
11/11/2015 12:00:00 AM,1/27/2016 12:00:00 AM,887,766,121
11/11/2015 12:00:00 AM,1/28/2016 12:00:00 AM,887,766,121
11/11/2015 12:00:00 AM,1/29/2016 12:00:00 AM,887,766,121
11/11/2015 12:00:00 AM,1/30/2016 12:00:00 AM,1656,1535,121
11/11/2015 12:00:00 AM,1/31/2016 12:00:00 AM,1607,1535,72
11/11/2015 12:00:00 AM,2/1/2016 12:00:00 AM,1846,1535,311
11/11/2015 12:00:00 AM,2/2/2016 12:00:00 AM,1846,1535,311
11/11/2015 12:00:00 AM,2/3/2016 12:00:00 AM,1846,1535,311
11/11/2015 12:00:00 AM,2/4/2016 12:00:00 AM,1846,1535,311
11/11/2015 12:00:00 AM,2/5/2016 12:00:00 AM,2068,1535,533
11/11/2015 12:00:00 AM,2/6/2016 12:00:00 AM,2359,1535,824
11/11/2015 12:00:00 AM,2/7/2016 12:00:00 AM,2359,1535,824
11/11/2015 12:00:00 AM,2/8/2016 12:00:00 AM,2359,1535,824
11/11/2015 12:00:00 AM,2/9/2016 12:00:00 AM,2359,1535,824
11/11/2015 12:00:00 AM,2/10/2016 12:00:00 AM,2404,1535,869
11/10/2015 12:00:00 AM,11/11/2015 12:00:00 AM,34059,15126,18933
11/10/2015 12:00:00 AM,11/12/2015 12:00:00 AM,33939,15126,18813
11/10/2015 12:00:00 AM,11/13/2015 12:00:00 AM,30786,13160,17626
11/10/2015 12:00:00 AM,11/14/2015 12:00:00 AM,30609,13966,16643
11/10/2015 12:00:00 AM,11/15/2015 12:00:00 AM,29504,13966,15538
11/10/2015 12:00:00 AM,11/16/2015 12:00:00 AM,28294,13821,14473
11/10/2015 12:00:00 AM,11/17/2015 12:00:00 AM,25954,11931,14023
11/10/2015 12:00:00 AM,11/18/2015 12:00:00 AM,26256,11931,14325
11/10/2015 12:00:00 AM,11/19/2015 12:00:00 AM,25511,11931,13580
11/10/2015 12:00:00 AM,11/20/2015 12:00:00 AM,25052,11781,13271
11/10/2015 12:00:00 AM,11/21/2015 12:00:00 AM,24348,11635,12713
11/10/2015 12:00:00 AM,11/22/2015 12:00:00 AM,22930,11563,11367
11/10/2015 12:00:00 AM,11/23/2015 12:00:00 AM,20273,10070,10203
11/10/2015 12:00:00 AM,11/24/2015 12:00:00 AM,18778,8368,10410
11/10/2015 12:00:00 AM,11/25/2015 12:00:00 AM,15363,6558,8805
11/10/2015 12:00:00 AM,11/26/2015 12:00:00 AM,14492,6558,7934
11/10/2015 12:00:00 AM,11/27/2015 12:00:00 AM,14627,6558,8069
11/10/2015 12:00:00 AM,11/28/2015 12:00:00 AM,12896,6485,6411
11/10/2015 12:00:00 AM,11/29/2015 12:00:00 AM,12706,6144,6562
11/10/2015 12:00:00 AM,11/30/2015 12:00:00 AM,11840,5174,6666
11/10/2015 12:00:00 AM,12/1/2015 12:00:00 AM,9614,4379,5235
11/10/2015 12:00:00 AM,12/2/2015 12:00:00 AM,9029,3794,5235
11/10/2015 12:00:00 AM,12/3/2015 12:00:00 AM,9029,3794,5235
11/10/2015 12:00:00 AM,12/4/2015 12:00:00 AM,9029,3794,5235
11/10/2015 12:00:00 AM,12/5/2015 12:00:00 AM,10100,4199,5901
11/10/2015 12:00:00 AM,12/6/2015 12:00:00 AM,9917,4174,5743
11/10/2015 12:00:00 AM,12/7/2015 12:00:00 AM,10283,4313,5970
11/10/2015 12:00:00 AM,12/8/2015 12:00:00 AM,8388,3013,5375
11/10/2015 12:00:00 AM,12/9/2015 12:00:00 AM,7677,3013,4664
11/10/2015 12:00:00 AM,12/10/2015 12:00:00 AM,7677,3013,4664
11/10/2015 12:00:00 AM,12/11/2015 12:00:00 AM,7076,2412,4664
11/10/2015 12:00:00 AM,12/12/2015 12:00:00 AM,7485,2858,4627
11/10/2015 12:00:00 AM,12/13/2015 12:00:00 AM,7174,2843,4331
11/10/2015 12:00:00 AM,12/14/2015 12:00:00 AM,7018,2843,4175
11/10/2015 12:00:00 AM,12/15/2015 12:00:00 AM,4896,2438,2458
11/10/2015 12:00:00 AM,12/16/2015 12:00:00 AM,4896,2438,2458
11/10/2015 12:00:00 AM,12/17/2015 12:00:00 AM,4961,2438,2523
11/10/2015 12:00:00 AM,12/18/2015 12:00:00 AM,4219,1696,2523
11/10/2015 12:00:00 AM,12/19/2015 12:00:00 AM,4206,1696,2510
11/10/2015 12:00:00 AM,12/20/2015 12:00:00 AM,4097,1696,2401
11/10/2015 12:00:00 AM,12/21/2015 12:00:00 AM,4097,1696,2401
11/10/2015 12:00:00 AM,12/22/2015 12:00:00 AM,3217,816,2401
11/10/2015 12:00:00 AM,12/23/2015 12:00:00 AM,2375,816,1559
11/10/2015 12:00:00 AM,12/24/2015 12:00:00 AM,2304,816,1488
11/10/2015 12:00:00 AM,12/25/2015 12:00:00 AM,2853,816,2037
11/10/2015 12:00:00 AM,12/26/2015 12:00:00 AM,2853,816,2037
11/10/2015 12:00:00 AM,12/27/2015 12:00:00 AM,2853,816,2037
11/10/2015 12:00:00 AM,12/28/2015 12:00:00 AM,2853,816,2037
11/10/2015 12:00:00 AM,12/29/2015 12:00:00 AM,2853,816,2037
11/10/2015 12:00:00 AM,12/30/2015 12:00:00 AM,2067,816,1251
11/10/2015 12:00:00 AM,12/31/2015 12:00:00 AM,2067,816,1251
11/10/2015 12:00:00 AM,1/1/2016 12:00:00 AM,2008,816,1192
11/10/2015 12:00:00 AM,1/2/2016 12:00:00 AM,1356,766,590
11/10/2015 12:00:00 AM,1/3/2016 12:00:00 AM,1356,766,590
11/10/2015 12:00:00 AM,1/4/2016 12:00:00 AM,1356,766,590
11/10/2015 12:00:00 AM,1/5/2016 12:00:00 AM,1356,766,590
11/10/2015 12:00:00 AM,1/6/2016 12:00:00 AM,1356,766,590
11/10/2015 12:00:00 AM,1/7/2016 12:00:00 AM,1356,766,590
11/10/2015 12:00:00 AM,1/8/2016 12:00:00 AM,1356,766,590
11/10/2015 12:00:00 AM,1/9/2016 12:00:00 AM,1356,766,590
11/10/2015 12:00:00 AM,1/10/2016 12:00:00 AM,1356,766,590
11/10/2015 12:00:00 AM,1/11/2016 12:00:00 AM,854,766,88
11/10/2015 12:00:00 AM,1/12/2016 12:00:00 AM,854,766,88
11/10/2015 12:00:00 AM,1/13/2016 12:00:00 AM,854,766,88
11/10/2015 12:00:00 AM,1/14/2016 12:00:00 AM,854,766,88
11/10/2015 12:00:00 AM,1/15/2016 12:00:00 AM,827,766,61
11/10/2015 12:00:00 AM,1/16/2016 12:00:00 AM,815,766,49
11/10/2015 12:00:00 AM,1/17/2016 12:00:00 AM,828,766,62
11/10/2015 12:00:00 AM,1/18/2016 12:00:00 AM,900,766,134
11/10/2015 12:00:00 AM,1/19/2016 12:00:00 AM,900,766,134
11/10/2015 12:00:00 AM,1/20/2016 12:00:00 AM,900,766,134
11/10/2015 12:00:00 AM,1/21/2016 12:00:00 AM,900,766,134
11/10/2015 12:00:00 AM,1/22/2016 12:00:00 AM,900,766,134
11/10/2015 12:00:00 AM,1/23/2016 12:00:00 AM,900,766,134
11/10/2015 12:00:00 AM,1/24/2016 12:00:00 AM,900,766,134
11/10/2015 12:00:00 AM,1/25/2016 12:00:00 AM,887,766,121
11/10/2015 12:00:00 AM,1/26/2016 12:00:00 AM,887,766,121
11/10/2015 12:00:00 AM,1/27/2016 12:00:00 AM,887,766,121
11/10/2015 12:00:00 AM,1/28/2016 12:00:00 AM,887,766,121
11/10/2015 12:00:00 AM,1/29/2016 12:00:00 AM,887,766,121
11/10/2015 12:00:00 AM,1/30/2016 12:00:00 AM,1656,1535,121
11/10/2015 12:00:00 AM,1/31/2016 12:00:00 AM,1607,1535,72
11/10/2015 12:00:00 AM,2/1/2016 12:00:00 AM,1846,1535,311
11/10/2015 12:00:00 AM,2/2/2016 12:00:00 AM,1846,1535,311
11/10/2015 12:00:00 AM,2/3/2016 12:00:00 AM,1846,1535,311
11/10/2015 12:00:00 AM,2/4/2016 12:00:00 AM,1846,1535,311
11/10/2015 12:00:00 AM,2/5/2016 12:00:00 AM,2068,1535,533
11/10/2015 12:00:00 AM,2/6/2016 12:00:00 AM,2359,1535,824
11/10/2015 12:00:00 AM,2/7/2016 12:00:00 AM,2359,1535,824
11/10/2015 12:00:00 AM,2/8/2016 12:00:00 AM,2359,1535,824
11/10/2015 12:00:00 AM,2/9/2016 12:00:00 AM,2359,1535,824
11/9/2015 12:00:00 AM,11/10/2015 12:00:00 AM,33386,14903,18483
11/9/2015 12:00:00 AM,11/11/2015 12:00:00 AM,33609,15126,18483
11/9/2015 12:00:00 AM,11/12/2015 12:00:00 AM,32719,14356,18363
11/9/2015 12:00:00 AM,11/13/2015 12:00:00 AM,29457,12390,17067
11/9/2015 12:00:00 AM,11/14/2015 12:00:00 AM,30609,13966,16643
11/9/2015 12:00:00 AM,11/15/2015 12:00:00 AM,29504,13966,15538
11/9/2015 12:00:00 AM,11/16/2015 12:00:00 AM,28294,13821,14473
11/9/2015 12:00:00 AM,11/17/2015 12:00:00 AM,25954,11931,14023
11/9/2015 12:00:00 AM,11/18/2015 12:00:00 AM,26256,11931,14325
11/9/2015 12:00:00 AM,11/19/2015 12:00:00 AM,25511,11931,13580
11/9/2015 12:00:00 AM,11/20/2015 12:00:00 AM,25052,11781,13271
11/9/2015 12:00:00 AM,11/21/2015 12:00:00 AM,24348,11635,12713
11/9/2015 12:00:00 AM,11/22/2015 12:00:00 AM,22930,11563,11367
11/9/2015 12:00:00 AM,11/23/2015 12:00:00 AM,20273,10070,10203
11/9/2015 12:00:00 AM,11/24/2015 12:00:00 AM,18778,8368,10410
11/9/2015 12:00:00 AM,11/25/2015 12:00:00 AM,15363,6558,8805
11/9/2015 12:00:00 AM,11/26/2015 12:00:00 AM,14492,6558,7934
11/9/2015 12:00:00 AM,11/27/2015 12:00:00 AM,14627,6558,8069
11/9/2015 12:00:00 AM,11/28/2015 12:00:00 AM,12896,6485,6411
11/9/2015 12:00:00 AM,11/29/2015 12:00:00 AM,12706,6144,6562
11/9/2015 12:00:00 AM,11/30/2015 12:00:00 AM,11840,5174,6666
11/9/2015 12:00:00 AM,12/1/2015 12:00:00 AM,9614,4379,5235
11/9/2015 12:00:00 AM,12/2/2015 12:00:00 AM,9029,3794,5235
11/9/2015 12:00:00 AM,12/3/2015 12:00:00 AM,9029,3794,5235
11/9/2015 12:00:00 AM,12/4/2015 12:00:00 AM,9029,3794,5235
11/9/2015 12:00:00 AM,12/5/2015 12:00:00 AM,10100,4199,5901
11/9/2015 12:00:00 AM,12/6/2015 12:00:00 AM,9917,4174,5743
11/9/2015 12:00:00 AM,12/7/2015 12:00:00 AM,10283,4313,5970
11/9/2015 12:00:00 AM,12/8/2015 12:00:00 AM,8388,3013,5375
11/9/2015 12:00:00 AM,12/9/2015 12:00:00 AM,7677,3013,4664
11/9/2015 12:00:00 AM,12/10/2015 12:00:00 AM,7677,3013,4664
11/9/2015 12:00:00 AM,12/11/2015 12:00:00 AM,7076,2412,4664
11/9/2015 12:00:00 AM,12/12/2015 12:00:00 AM,7485,2858,4627
11/9/2015 12:00:00 AM,12/13/2015 12:00:00 AM,7174,2843,4331
11/9/2015 12:00:00 AM,12/14/2015 12:00:00 AM,7018,2843,4175
11/9/2015 12:00:00 AM,12/15/2015 12:00:00 AM,4896,2438,2458
11/9/2015 12:00:00 AM,12/16/2015 12:00:00 AM,4896,2438,2458
11/9/2015 12:00:00 AM,12/17/2015 12:00:00 AM,4896,2438,2458
11/9/2015 12:00:00 AM,12/18/2015 12:00:00 AM,4154,1696,2458
11/9/2015 12:00:00 AM,12/19/2015 12:00:00 AM,4141,1696,2445
11/9/2015 12:00:00 AM,12/20/2015 12:00:00 AM,4032,1696,2336
11/9/2015 12:00:00 AM,12/21/2015 12:00:00 AM,4032,1696,2336
11/9/2015 12:00:00 AM,12/22/2015 12:00:00 AM,3152,816,2336
11/9/2015 12:00:00 AM,12/23/2015 12:00:00 AM,2310,816,1494
11/9/2015 12:00:00 AM,12/24/2015 12:00:00 AM,2239,816,1423
11/9/2015 12:00:00 AM,12/25/2015 12:00:00 AM,2853,816,2037
11/9/2015 12:00:00 AM,12/26/2015 12:00:00 AM,2853,816,2037
11/9/2015 12:00:00 AM,12/27/2015 12:00:00 AM,2853,816,2037
11/9/2015 12:00:00 AM,12/28/2015 12:00:00 AM,2853,816,2037
11/9/2015 12:00:00 AM,12/29/2015 12:00:00 AM,2853,816,2037
11/9/2015 12:00:00 AM,12/30/2015 12:00:00 AM,2067,816,1251
11/9/2015 12:00:00 AM,12/31/2015 12:00:00 AM,2067,816,1251
11/9/2015 12:00:00 AM,1/1/2016 12:00:00 AM,2008,816,1192
11/9/2015 12:00:00 AM,1/2/2016 12:00:00 AM,1356,766,590
11/9/2015 12:00:00 AM,1/3/2016 12:00:00 AM,1356,766,590
11/9/2015 12:00:00 AM,1/4/2016 12:00:00 AM,1356,766,590
11/9/2015 12:00:00 AM,1/5/2016 12:00:00 AM,1356,766,590
11/9/2015 12:00:00 AM,1/6/2016 12:00:00 AM,1356,766,590
11/9/2015 12:00:00 AM,1/7/2016 12:00:00 AM,1356,766,590
11/9/2015 12:00:00 AM,1/8/2016 12:00:00 AM,1356,766,590
11/9/2015 12:00:00 AM,1/9/2016 12:00:00 AM,1356,766,590
11/9/2015 12:00:00 AM,1/10/2016 12:00:00 AM,1356,766,590
11/9/2015 12:00:00 AM,1/11/2016 12:00:00 AM,854,766,88
11/9/2015 12:00:00 AM,1/12/2016 12:00:00 AM,854,766,88
11/9/2015 12:00:00 AM,1/13/2016 12:00:00 AM,854,766,88
11/9/2015 12:00:00 AM,1/14/2016 12:00:00 AM,854,766,88
11/9/2015 12:00:00 AM,1/15/2016 12:00:00 AM,827,766,61
11/9/2015 12:00:00 AM,1/16/2016 12:00:00 AM,815,766,49
11/9/2015 12:00:00 AM,1/17/2016 12:00:00 AM,828,766,62
11/9/2015 12:00:00 AM,1/18/2016 12:00:00 AM,900,766,134
11/9/2015 12:00:00 AM,1/19/2016 12:00:00 AM,900,766,134
11/9/2015 12:00:00 AM,1/20/2016 12:00:00 AM,900,766,134
11/9/2015 12:00:00 AM,1/21/2016 12:00:00 AM,900,766,134
11/9/2015 12:00:00 AM,1/22/2016 12:00:00 AM,900,766,134
11/9/2015 12:00:00 AM,1/23/2016 12:00:00 AM,900,766,134
11/9/2015 12:00:00 AM,1/24/2016 12:00:00 AM,900,766,134
11/9/2015 12:00:00 AM,1/25/2016 12:00:00 AM,887,766,121
11/9/2015 12:00:00 AM,1/26/2016 12:00:00 AM,887,766,121
11/9/2015 12:00:00 AM,1/27/2016 12:00:00 AM,887,766,121
11/9/2015 12:00:00 AM,1/28/2016 12:00:00 AM,887,766,121
11/9/2015 12:00:00 AM,1/29/2016 12:00:00 AM,887,766,121
11/9/2015 12:00:00 AM,1/30/2016 12:00:00 AM,1656,1535,121
11/9/2015 12:00:00 AM,1/31/2016 12:00:00 AM,1607,1535,72
11/9/2015 12:00:00 AM,2/1/2016 12:00:00 AM,1846,1535,311
11/9/2015 12:00:00 AM,2/2/2016 12:00:00 AM,1846,1535,311
11/9/2015 12:00:00 AM,2/3/2016 12:00:00 AM,1846,1535,311
11/9/2015 12:00:00 AM,2/4/2016 12:00:00 AM,1846,1535,311
11/9/2015 12:00:00 AM,2/5/2016 12:00:00 AM,2068,1535,533
11/9/2015 12:00:00 AM,2/6/2016 12:00:00 AM,2359,1535,824
11/9/2015 12:00:00 AM,2/7/2016 12:00:00 AM,2359,1535,824
11/9/2015 12:00:00 AM,2/8/2016 12:00:00 AM,2359,1535,824
11/8/2015 12:00:00 AM,11/9/2015 12:00:00 AM,35432,16104,19328
11/8/2015 12:00:00 AM,11/10/2015 12:00:00 AM,33386,14903,18483
11/8/2015 12:00:00 AM,11/11/2015 12:00:00 AM,33609,15126,18483
11/8/2015 12:00:00 AM,11/12/2015 12:00:00 AM,32719,14356,18363
11/8/2015 12:00:00 AM,11/13/2015 12:00:00 AM,29457,12390,17067
11/8/2015 12:00:00 AM,11/14/2015 12:00:00 AM,30609,13966,16643
11/8/2015 12:00:00 AM,11/15/2015 12:00:00 AM,29504,13966,15538
11/8/2015 12:00:00 AM,11/16/2015 12:00:00 AM,28294,13821,14473
11/8/2015 12:00:00 AM,11/17/2015 12:00:00 AM,25954,11931,14023
11/8/2015 12:00:00 AM,11/18/2015 12:00:00 AM,26256,11931,14325
11/8/2015 12:00:00 AM,11/19/2015 12:00:00 AM,25511,11931,13580
11/8/2015 12:00:00 AM,11/20/2015 12:00:00 AM,25052,11781,13271
11/8/2015 12:00:00 AM,11/21/2015 12:00:00 AM,24348,11635,12713
11/8/2015 12:00:00 AM,11/22/2015 12:00:00 AM,22930,11563,11367
11/8/2015 12:00:00 AM,11/23/2015 12:00:00 AM,20273,10070,10203
11/8/2015 12:00:00 AM,11/24/2015 12:00:00 AM,18778,8368,10410
11/8/2015 12:00:00 AM,11/25/2015 12:00:00 AM,15363,6558,8805
11/8/2015 12:00:00 AM,11/26/2015 12:00:00 AM,14492,6558,7934
11/8/2015 12:00:00 AM,11/27/2015 12:00:00 AM,14627,6558,8069
11/8/2015 12:00:00 AM,11/28/2015 12:00:00 AM,12896,6485,6411
11/8/2015 12:00:00 AM,11/29/2015 12:00:00 AM,12706,6144,6562
11/8/2015 12:00:00 AM,11/30/2015 12:00:00 AM,11840,5174,6666
11/8/2015 12:00:00 AM,12/1/2015 12:00:00 AM,9614,4379,5235
11/8/2015 12:00:00 AM,12/2/2015 12:00:00 AM,9029,3794,5235
11/8/2015 12:00:00 AM,12/3/2015 12:00:00 AM,9029,3794,5235
11/8/2015 12:00:00 AM,12/4/2015 12:00:00 AM,9029,3794,5235
11/8/2015 12:00:00 AM,12/5/2015 12:00:00 AM,10100,4199,5901
11/8/2015 12:00:00 AM,12/6/2015 12:00:00 AM,9917,4174,5743
11/8/2015 12:00:00 AM,12/7/2015 12:00:00 AM,10283,4313,5970
11/8/2015 12:00:00 AM,12/8/2015 12:00:00 AM,8388,3013,5375
11/8/2015 12:00:00 AM,12/9/2015 12:00:00 AM,7677,3013,4664
11/8/2015 12:00:00 AM,12/10/2015 12:00:00 AM,7677,3013,4664
11/8/2015 12:00:00 AM,12/11/2015 12:00:00 AM,7076,2412,4664
11/8/2015 12:00:00 AM,12/12/2015 12:00:00 AM,7485,2858,4627
11/8/2015 12:00:00 AM,12/13/2015 12:00:00 AM,7174,2843,4331
11/8/2015 12:00:00 AM,12/14/2015 12:00:00 AM,7018,2843,4175
11/8/2015 12:00:00 AM,12/15/2015 12:00:00 AM,4896,2438,2458
11/8/2015 12:00:00 AM,12/16/2015 12:00:00 AM,4896,2438,2458
11/8/2015 12:00:00 AM,12/17/2015 12:00:00 AM,4896,2438,2458
11/8/2015 12:00:00 AM,12/18/2015 12:00:00 AM,4154,1696,2458
11/8/2015 12:00:00 AM,12/19/2015 12:00:00 AM,4141,1696,2445
11/8/2015 12:00:00 AM,12/20/2015 12:00:00 AM,4032,1696,2336
11/8/2015 12:00:00 AM,12/21/2015 12:00:00 AM,4032,1696,2336
11/8/2015 12:00:00 AM,12/22/2015 12:00:00 AM,3152,816,2336
11/8/2015 12:00:00 AM,12/23/2015 12:00:00 AM,2310,816,1494
11/8/2015 12:00:00 AM,12/24/2015 12:00:00 AM,2239,816,1423
11/8/2015 12:00:00 AM,12/25/2015 12:00:00 AM,2853,816,2037
11/8/2015 12:00:00 AM,12/26/2015 12:00:00 AM,2853,816,2037
11/8/2015 12:00:00 AM,12/27/2015 12:00:00 AM,2853,816,2037
11/8/2015 12:00:00 AM,12/28/2015 12:00:00 AM,2853,816,2037
11/8/2015 12:00:00 AM,12/29/2015 12:00:00 AM,2853,816,2037
11/8/2015 12:00:00 AM,12/30/2015 12:00:00 AM,2067,816,1251
11/8/2015 12:00:00 AM,12/31/2015 12:00:00 AM,2067,816,1251
11/8/2015 12:00:00 AM,1/1/2016 12:00:00 AM,2008,816,1192
11/8/2015 12:00:00 AM,1/2/2016 12:00:00 AM,1356,766,590
11/8/2015 12:00:00 AM,1/3/2016 12:00:00 AM,1356,766,590
11/8/2015 12:00:00 AM,1/4/2016 12:00:00 AM,1356,766,590
11/8/2015 12:00:00 AM,1/5/2016 12:00:00 AM,1356,766,590
11/8/2015 12:00:00 AM,1/6/2016 12:00:00 AM,1356,766,590
11/8/2015 12:00:00 AM,1/7/2016 12:00:00 AM,1356,766,590
11/8/2015 12:00:00 AM,1/8/2016 12:00:00 AM,1356,766,590
11/8/2015 12:00:00 AM,1/9/2016 12:00:00 AM,1356,766,590
11/8/2015 12:00:00 AM,1/10/2016 12:00:00 AM,1356,766,590
11/8/2015 12:00:00 AM,1/11/2016 12:00:00 AM,854,766,88
11/8/2015 12:00:00 AM,1/12/2016 12:00:00 AM,854,766,88
11/8/2015 12:00:00 AM,1/13/2016 12:00:00 AM,854,766,88
11/8/2015 12:00:00 AM,1/14/2016 12:00:00 AM,854,766,88
11/8/2015 12:00:00 AM,1/15/2016 12:00:00 AM,827,766,61
11/8/2015 12:00:00 AM,1/16/2016 12:00:00 AM,815,766,49
11/8/2015 12:00:00 AM,1/17/2016 12:00:00 AM,828,766,62
11/8/2015 12:00:00 AM,1/18/2016 12:00:00 AM,900,766,134
11/8/2015 12:00:00 AM,1/19/2016 12:00:00 AM,900,766,134
11/8/2015 12:00:00 AM,1/20/2016 12:00:00 AM,900,766,134
11/8/2015 12:00:00 AM,1/21/2016 12:00:00 AM,900,766,134
11/8/2015 12:00:00 AM,1/22/2016 12:00:00 AM,900,766,134
11/8/2015 12:00:00 AM,1/23/2016 12:00:00 AM,900,766,134
11/8/2015 12:00:00 AM,1/24/2016 12:00:00 AM,900,766,134
11/8/2015 12:00:00 AM,1/25/2016 12:00:00 AM,887,766,121
11/8/2015 12:00:00 AM,1/26/2016 12:00:00 AM,887,766,121
11/8/2015 12:00:00 AM,1/27/2016 12:00:00 AM,887,766,121
11/8/2015 12:00:00 AM,1/28/2016 12:00:00 AM,887,766,121
11/8/2015 12:00:00 AM,1/29/2016 12:00:00 AM,887,766,121
11/8/2015 12:00:00 AM,1/30/2016 12:00:00 AM,1656,1535,121
11/8/2015 12:00:00 AM,1/31/2016 12:00:00 AM,1607,1535,72
11/8/2015 12:00:00 AM,2/1/2016 12:00:00 AM,1846,1535,311
11/8/2015 12:00:00 AM,2/2/2016 12:00:00 AM,1846,1535,311
11/8/2015 12:00:00 AM,2/3/2016 12:00:00 AM,1846,1535,311
11/8/2015 12:00:00 AM,2/4/2016 12:00:00 AM,1846,1535,311
11/8/2015 12:00:00 AM,2/5/2016 12:00:00 AM,2068,1535,533
11/8/2015 12:00:00 AM,2/6/2016 12:00:00 AM,2359,1535,824
11/8/2015 12:00:00 AM,2/7/2016 12:00:00 AM,2359,1535,824
11/7/2015 12:00:00 AM,11/8/2015 12:00:00 AM,36109,15959,20150
11/7/2015 12:00:00 AM,11/9/2015 12:00:00 AM,35432,16104,19328
11/7/2015 12:00:00 AM,11/10/2015 12:00:00 AM,33386,14903,18483
11/7/2015 12:00:00 AM,11/11/2015 12:00:00 AM,33609,15126,18483
11/7/2015 12:00:00 AM,11/12/2015 12:00:00 AM,32719,14356,18363
11/7/2015 12:00:00 AM,11/13/2015 12:00:00 AM,29457,12390,17067
11/7/2015 12:00:00 AM,11/14/2015 12:00:00 AM,30609,13966,16643
11/7/2015 12:00:00 AM,11/15/2015 12:00:00 AM,29504,13966,15538
11/7/2015 12:00:00 AM,11/16/2015 12:00:00 AM,28294,13821,14473
11/7/2015 12:00:00 AM,11/17/2015 12:00:00 AM,25954,11931,14023
11/7/2015 12:00:00 AM,11/18/2015 12:00:00 AM,26256,11931,14325
11/7/2015 12:00:00 AM,11/19/2015 12:00:00 AM,25511,11931,13580
11/7/2015 12:00:00 AM,11/20/2015 12:00:00 AM,25052,11781,13271
11/7/2015 12:00:00 AM,11/21/2015 12:00:00 AM,24348,11635,12713
11/7/2015 12:00:00 AM,11/22/2015 12:00:00 AM,22930,11563,11367
11/7/2015 12:00:00 AM,11/23/2015 12:00:00 AM,20273,10070,10203
11/7/2015 12:00:00 AM,11/24/2015 12:00:00 AM,18778,8368,10410
11/7/2015 12:00:00 AM,11/25/2015 12:00:00 AM,15363,6558,8805
11/7/2015 12:00:00 AM,11/26/2015 12:00:00 AM,14492,6558,7934
11/7/2015 12:00:00 AM,11/27/2015 12:00:00 AM,14627,6558,8069
11/7/2015 12:00:00 AM,11/28/2015 12:00:00 AM,12896,6485,6411
11/7/2015 12:00:00 AM,11/29/2015 12:00:00 AM,12706,6144,6562
11/7/2015 12:00:00 AM,11/30/2015 12:00:00 AM,11840,5174,6666
11/7/2015 12:00:00 AM,12/1/2015 12:00:00 AM,9614,4379,5235
11/7/2015 12:00:00 AM,12/2/2015 12:00:00 AM,9029,3794,5235
11/7/2015 12:00:00 AM,12/3/2015 12:00:00 AM,9029,3794,5235
11/7/2015 12:00:00 AM,12/4/2015 12:00:00 AM,9029,3794,5235
11/7/2015 12:00:00 AM,12/5/2015 12:00:00 AM,10100,4199,5901
11/7/2015 12:00:00 AM,12/6/2015 12:00:00 AM,9917,4174,5743
11/7/2015 12:00:00 AM,12/7/2015 12:00:00 AM,10283,4313,5970
11/7/2015 12:00:00 AM,12/8/2015 12:00:00 AM,8388,3013,5375
11/7/2015 12:00:00 AM,12/9/2015 12:00:00 AM,7677,3013,4664
11/7/2015 12:00:00 AM,12/10/2015 12:00:00 AM,7677,3013,4664
11/7/2015 12:00:00 AM,12/11/2015 12:00:00 AM,7076,2412,4664
11/7/2015 12:00:00 AM,12/12/2015 12:00:00 AM,7485,2858,4627
11/7/2015 12:00:00 AM,12/13/2015 12:00:00 AM,7174,2843,4331
11/7/2015 12:00:00 AM,12/14/2015 12:00:00 AM,7018,2843,4175
11/7/2015 12:00:00 AM,12/15/2015 12:00:00 AM,4896,2438,2458
11/7/2015 12:00:00 AM,12/16/2015 12:00:00 AM,4896,2438,2458
11/7/2015 12:00:00 AM,12/17/2015 12:00:00 AM,4896,2438,2458
11/7/2015 12:00:00 AM,12/18/2015 12:00:00 AM,4154,1696,2458
11/7/2015 12:00:00 AM,12/19/2015 12:00:00 AM,4141,1696,2445
11/7/2015 12:00:00 AM,12/20/2015 12:00:00 AM,4032,1696,2336
11/7/2015 12:00:00 AM,12/21/2015 12:00:00 AM,4032,1696,2336
11/7/2015 12:00:00 AM,12/22/2015 12:00:00 AM,3152,816,2336
11/7/2015 12:00:00 AM,12/23/2015 12:00:00 AM,2310,816,1494
11/7/2015 12:00:00 AM,12/24/2015 12:00:00 AM,2239,816,1423
11/7/2015 12:00:00 AM,12/25/2015 12:00:00 AM,2853,816,2037
11/7/2015 12:00:00 AM,12/26/2015 12:00:00 AM,2853,816,2037
11/7/2015 12:00:00 AM,12/27/2015 12:00:00 AM,2853,816,2037
11/7/2015 12:00:00 AM,12/28/2015 12:00:00 AM,2853,816,2037
11/7/2015 12:00:00 AM,12/29/2015 12:00:00 AM,2853,816,2037
11/7/2015 12:00:00 AM,12/30/2015 12:00:00 AM,2067,816,1251
11/7/2015 12:00:00 AM,12/31/2015 12:00:00 AM,2067,816,1251
11/7/2015 12:00:00 AM,1/1/2016 12:00:00 AM,2008,816,1192
11/7/2015 12:00:00 AM,1/2/2016 12:00:00 AM,1356,766,590
11/7/2015 12:00:00 AM,1/3/2016 12:00:00 AM,1356,766,590
11/7/2015 12:00:00 AM,1/4/2016 12:00:00 AM,1356,766,590
11/7/2015 12:00:00 AM,1/5/2016 12:00:00 AM,1356,766,590
11/7/2015 12:00:00 AM,1/6/2016 12:00:00 AM,1356,766,590
11/7/2015 12:00:00 AM,1/7/2016 12:00:00 AM,1356,766,590
11/7/2015 12:00:00 AM,1/8/2016 12:00:00 AM,1356,766,590
11/7/2015 12:00:00 AM,1/9/2016 12:00:00 AM,1356,766,590
11/7/2015 12:00:00 AM,1/10/2016 12:00:00 AM,1356,766,590
11/7/2015 12:00:00 AM,1/11/2016 12:00:00 AM,854,766,88
11/7/2015 12:00:00 AM,1/12/2016 12:00:00 AM,854,766,88
11/7/2015 12:00:00 AM,1/13/2016 12:00:00 AM,854,766,88
11/7/2015 12:00:00 AM,1/14/2016 12:00:00 AM,854,766,88
11/7/2015 12:00:00 AM,1/15/2016 12:00:00 AM,827,766,61
11/7/2015 12:00:00 AM,1/16/2016 12:00:00 AM,815,766,49
11/7/2015 12:00:00 AM,1/17/2016 12:00:00 AM,828,766,62
11/7/2015 12:00:00 AM,1/18/2016 12:00:00 AM,900,766,134
11/7/2015 12:00:00 AM,1/19/2016 12:00:00 AM,900,766,134
11/7/2015 12:00:00 AM,1/20/2016 12:00:00 AM,900,766,134
11/7/2015 12:00:00 AM,1/21/2016 12:00:00 AM,900,766,134
11/7/2015 12:00:00 AM,1/22/2016 12:00:00 AM,900,766,134
11/7/2015 12:00:00 AM,1/23/2016 12:00:00 AM,900,766,134
11/7/2015 12:00:00 AM,1/24/2016 12:00:00 AM,900,766,134
11/7/2015 12:00:00 AM,1/25/2016 12:00:00 AM,887,766,121
11/7/2015 12:00:00 AM,1/26/2016 12:00:00 AM,887,766,121
11/7/2015 12:00:00 AM,1/27/2016 12:00:00 AM,887,766,121
11/7/2015 12:00:00 AM,1/28/2016 12:00:00 AM,887,766,121
11/7/2015 12:00:00 AM,1/29/2016 12:00:00 AM,887,766,121
11/7/2015 12:00:00 AM,1/30/2016 12:00:00 AM,1656,1535,121
11/7/2015 12:00:00 AM,1/31/2016 12:00:00 AM,1607,1535,72
11/7/2015 12:00:00 AM,2/1/2016 12:00:00 AM,1846,1535,311
11/7/2015 12:00:00 AM,2/2/2016 12:00:00 AM,1846,1535,311
11/7/2015 12:00:00 AM,2/3/2016 12:00:00 AM,1846,1535,311
11/7/2015 12:00:00 AM,2/4/2016 12:00:00 AM,1846,1535,311
11/7/2015 12:00:00 AM,2/5/2016 12:00:00 AM,2068,1535,533
11/7/2015 12:00:00 AM,2/6/2016 12:00:00 AM,2359,1535,824
11/6/2015 12:00:00 AM,11/7/2015 12:00:00 AM,35594,16221,19373
11/6/2015 12:00:00 AM,11/8/2015 12:00:00 AM,35419,16297,19122
11/6/2015 12:00:00 AM,11/9/2015 12:00:00 AM,34217,16297,17920
11/6/2015 12:00:00 AM,11/10/2015 12:00:00 AM,32609,15096,17513
11/6/2015 12:00:00 AM,11/11/2015 12:00:00 AM,32832,15319,17513
11/6/2015 12:00:00 AM,11/12/2015 12:00:00 AM,31942,14549,17393
11/6/2015 12:00:00 AM,11/13/2015 12:00:00 AM,29270,12583,16687
11/6/2015 12:00:00 AM,11/14/2015 12:00:00 AM,30422,14159,16263
11/6/2015 12:00:00 AM,11/15/2015 12:00:00 AM,29697,14159,15538
11/6/2015 12:00:00 AM,11/16/2015 12:00:00 AM,28319,13846,14473
11/6/2015 12:00:00 AM,11/17/2015 12:00:00 AM,25979,11956,14023
11/6/2015 12:00:00 AM,11/18/2015 12:00:00 AM,26281,11956,14325
11/6/2015 12:00:00 AM,11/19/2015 12:00:00 AM,24378,11956,12422
11/6/2015 12:00:00 AM,11/20/2015 12:00:00 AM,23919,11806,12113
11/6/2015 12:00:00 AM,11/21/2015 12:00:00 AM,23215,11660,11555
11/6/2015 12:00:00 AM,11/22/2015 12:00:00 AM,22955,11588,11367
11/6/2015 12:00:00 AM,11/23/2015 12:00:00 AM,18863,8660,10203
11/6/2015 12:00:00 AM,11/24/2015 12:00:00 AM,17038,6628,10410
11/6/2015 12:00:00 AM,11/25/2015 12:00:00 AM,13623,4818,8805
11/6/2015 12:00:00 AM,11/26/2015 12:00:00 AM,12752,4818,7934
11/6/2015 12:00:00 AM,11/27/2015 12:00:00 AM,12887,4818,8069
11/6/2015 12:00:00 AM,11/28/2015 12:00:00 AM,11156,4745,6411
11/6/2015 12:00:00 AM,11/29/2015 12:00:00 AM,10966,4404,6562
11/6/2015 12:00:00 AM,11/30/2015 12:00:00 AM,11070,4404,6666
11/6/2015 12:00:00 AM,12/1/2015 12:00:00 AM,9639,4404,5235
11/6/2015 12:00:00 AM,12/2/2015 12:00:00 AM,9054,3819,5235
11/6/2015 12:00:00 AM,12/3/2015 12:00:00 AM,9054,3819,5235
11/6/2015 12:00:00 AM,12/4/2015 12:00:00 AM,9054,3819,5235
11/6/2015 12:00:00 AM,12/5/2015 12:00:00 AM,10125,4224,5901
11/6/2015 12:00:00 AM,12/6/2015 12:00:00 AM,9917,4174,5743
11/6/2015 12:00:00 AM,12/7/2015 12:00:00 AM,10283,4313,5970
11/6/2015 12:00:00 AM,12/8/2015 12:00:00 AM,8388,3013,5375
11/6/2015 12:00:00 AM,12/9/2015 12:00:00 AM,7677,3013,4664
11/6/2015 12:00:00 AM,12/10/2015 12:00:00 AM,7677,3013,4664
11/6/2015 12:00:00 AM,12/11/2015 12:00:00 AM,7076,2412,4664
11/6/2015 12:00:00 AM,12/12/2015 12:00:00 AM,7445,2858,4587
11/6/2015 12:00:00 AM,12/13/2015 12:00:00 AM,7134,2843,4291
11/6/2015 12:00:00 AM,12/14/2015 12:00:00 AM,7018,2843,4175
11/6/2015 12:00:00 AM,12/15/2015 12:00:00 AM,4896,2438,2458
11/6/2015 12:00:00 AM,12/16/2015 12:00:00 AM,4896,2438,2458
11/6/2015 12:00:00 AM,12/17/2015 12:00:00 AM,4896,2438,2458
11/6/2015 12:00:00 AM,12/18/2015 12:00:00 AM,4154,1696,2458
11/6/2015 12:00:00 AM,12/19/2015 12:00:00 AM,4141,1696,2445
11/6/2015 12:00:00 AM,12/20/2015 12:00:00 AM,4032,1696,2336
11/6/2015 12:00:00 AM,12/21/2015 12:00:00 AM,4032,1696,2336
11/6/2015 12:00:00 AM,12/22/2015 12:00:00 AM,3152,816,2336
11/6/2015 12:00:00 AM,12/23/2015 12:00:00 AM,2310,816,1494
11/6/2015 12:00:00 AM,12/24/2015 12:00:00 AM,2239,816,1423
11/6/2015 12:00:00 AM,12/25/2015 12:00:00 AM,2853,816,2037
11/6/2015 12:00:00 AM,12/26/2015 12:00:00 AM,2853,816,2037
11/6/2015 12:00:00 AM,12/27/2015 12:00:00 AM,2853,816,2037
11/6/2015 12:00:00 AM,12/28/2015 12:00:00 AM,2853,816,2037
11/6/2015 12:00:00 AM,12/29/2015 12:00:00 AM,2853,816,2037
11/6/2015 12:00:00 AM,12/30/2015 12:00:00 AM,2067,816,1251
11/6/2015 12:00:00 AM,12/31/2015 12:00:00 AM,2067,816,1251
11/6/2015 12:00:00 AM,1/1/2016 12:00:00 AM,2008,816,1192
11/6/2015 12:00:00 AM,1/2/2016 12:00:00 AM,1356,766,590
11/6/2015 12:00:00 AM,1/3/2016 12:00:00 AM,1356,766,590
11/6/2015 12:00:00 AM,1/4/2016 12:00:00 AM,1356,766,590
11/6/2015 12:00:00 AM,1/5/2016 12:00:00 AM,1356,766,590
11/6/2015 12:00:00 AM,1/6/2016 12:00:00 AM,1356,766,590
11/6/2015 12:00:00 AM,1/7/2016 12:00:00 AM,1356,766,590
11/6/2015 12:00:00 AM,1/8/2016 12:00:00 AM,1356,766,590
11/6/2015 12:00:00 AM,1/9/2016 12:00:00 AM,1356,766,590
11/6/2015 12:00:00 AM,1/10/2016 12:00:00 AM,1356,766,590
11/6/2015 12:00:00 AM,1/11/2016 12:00:00 AM,854,766,88
11/6/2015 12:00:00 AM,1/12/2016 12:00:00 AM,854,766,88
11/6/2015 12:00:00 AM,1/13/2016 12:00:00 AM,854,766,88
11/6/2015 12:00:00 AM,1/14/2016 12:00:00 AM,854,766,88
11/6/2015 12:00:00 AM,1/15/2016 12:00:00 AM,827,766,61
11/6/2015 12:00:00 AM,1/16/2016 12:00:00 AM,815,766,49
11/6/2015 12:00:00 AM,1/17/2016 12:00:00 AM,828,766,62
11/6/2015 12:00:00 AM,1/18/2016 12:00:00 AM,900,766,134
11/6/2015 12:00:00 AM,1/19/2016 12:00:00 AM,900,766,134
11/6/2015 12:00:00 AM,1/20/2016 12:00:00 AM,900,766,134
11/6/2015 12:00:00 AM,1/21/2016 12:00:00 AM,900,766,134
11/6/2015 12:00:00 AM,1/22/2016 12:00:00 AM,900,766,134
11/6/2015 12:00:00 AM,1/23/2016 12:00:00 AM,900,766,134
11/6/2015 12:00:00 AM,1/24/2016 12:00:00 AM,900,766,134
11/6/2015 12:00:00 AM,1/25/2016 12:00:00 AM,887,766,121
11/6/2015 12:00:00 AM,1/26/2016 12:00:00 AM,887,766,121
11/6/2015 12:00:00 AM,1/27/2016 12:00:00 AM,887,766,121
11/6/2015 12:00:00 AM,1/28/2016 12:00:00 AM,887,766,121
11/6/2015 12:00:00 AM,1/29/2016 12:00:00 AM,887,766,121
11/6/2015 12:00:00 AM,1/30/2016 12:00:00 AM,1656,1535,121
11/6/2015 12:00:00 AM,1/31/2016 12:00:00 AM,1607,1535,72
11/6/2015 12:00:00 AM,2/1/2016 12:00:00 AM,1846,1535,311
11/6/2015 12:00:00 AM,2/2/2016 12:00:00 AM,1846,1535,311
11/6/2015 12:00:00 AM,2/3/2016 12:00:00 AM,1846,1535,311
11/6/2015 12:00:00 AM,2/4/2016 12:00:00 AM,1846,1535,311
11/6/2015 12:00:00 AM,2/5/2016 12:00:00 AM,2068,1535,533
11/5/2015 12:00:00 AM,11/6/2015 12:00:00 AM,36305,16268,20037
11/5/2015 12:00:00 AM,11/7/2015 12:00:00 AM,35964,16218,19746
11/5/2015 12:00:00 AM,11/8/2015 12:00:00 AM,35789,16294,19495
11/5/2015 12:00:00 AM,11/9/2015 12:00:00 AM,34674,16252,18422
11/5/2015 12:00:00 AM,11/10/2015 12:00:00 AM,33022,15007,18015
11/5/2015 12:00:00 AM,11/11/2015 12:00:00 AM,33136,15230,17906
11/5/2015 12:00:00 AM,11/12/2015 12:00:00 AM,32246,14460,17786
11/5/2015 12:00:00 AM,11/13/2015 12:00:00 AM,29678,12489,17189
11/5/2015 12:00:00 AM,11/14/2015 12:00:00 AM,31071,14065,17006
11/5/2015 12:00:00 AM,11/15/2015 12:00:00 AM,30346,14065,16281
11/5/2015 12:00:00 AM,11/16/2015 12:00:00 AM,28968,13752,15216
11/5/2015 12:00:00 AM,11/17/2015 12:00:00 AM,26249,11862,14387
11/5/2015 12:00:00 AM,11/18/2015 12:00:00 AM,26551,11862,14689
11/5/2015 12:00:00 AM,11/19/2015 12:00:00 AM,24648,11862,12786
11/5/2015 12:00:00 AM,11/20/2015 12:00:00 AM,24189,11712,12477
11/5/2015 12:00:00 AM,11/21/2015 12:00:00 AM,22983,11566,11417
11/5/2015 12:00:00 AM,11/22/2015 12:00:00 AM,22723,11494,11229
11/5/2015 12:00:00 AM,11/23/2015 12:00:00 AM,18434,8610,9824
11/5/2015 12:00:00 AM,11/24/2015 12:00:00 AM,15944,6578,9366
11/5/2015 12:00:00 AM,11/25/2015 12:00:00 AM,13332,4768,8564
11/5/2015 12:00:00 AM,11/26/2015 12:00:00 AM,12461,4768,7693
11/5/2015 12:00:00 AM,11/27/2015 12:00:00 AM,12596,4768,7828
11/5/2015 12:00:00 AM,11/28/2015 12:00:00 AM,10865,4695,6170
11/5/2015 12:00:00 AM,11/29/2015 12:00:00 AM,10675,4354,6321
11/5/2015 12:00:00 AM,11/30/2015 12:00:00 AM,11020,4354,6666
11/5/2015 12:00:00 AM,12/1/2015 12:00:00 AM,9589,4354,5235
11/5/2015 12:00:00 AM,12/2/2015 12:00:00 AM,9004,3769,5235
11/5/2015 12:00:00 AM,12/3/2015 12:00:00 AM,9004,3769,5235
11/5/2015 12:00:00 AM,12/4/2015 12:00:00 AM,9004,3769,5235
11/5/2015 12:00:00 AM,12/5/2015 12:00:00 AM,9364,4174,5190
11/5/2015 12:00:00 AM,12/6/2015 12:00:00 AM,9206,4174,5032
11/5/2015 12:00:00 AM,12/7/2015 12:00:00 AM,9572,4313,5259
11/5/2015 12:00:00 AM,12/8/2015 12:00:00 AM,7677,3013,4664
11/5/2015 12:00:00 AM,12/9/2015 12:00:00 AM,7677,3013,4664
11/5/2015 12:00:00 AM,12/10/2015 12:00:00 AM,7677,3013,4664
11/5/2015 12:00:00 AM,12/11/2015 12:00:00 AM,7076,2412,4664
11/5/2015 12:00:00 AM,12/12/2015 12:00:00 AM,7445,2858,4587
11/5/2015 12:00:00 AM,12/13/2015 12:00:00 AM,7134,2843,4291
11/5/2015 12:00:00 AM,12/14/2015 12:00:00 AM,7018,2843,4175
11/5/2015 12:00:00 AM,12/15/2015 12:00:00 AM,4896,2438,2458
11/5/2015 12:00:00 AM,12/16/2015 12:00:00 AM,4896,2438,2458
11/5/2015 12:00:00 AM,12/17/2015 12:00:00 AM,4896,2438,2458
11/5/2015 12:00:00 AM,12/18/2015 12:00:00 AM,4154,1696,2458
11/5/2015 12:00:00 AM,12/19/2015 12:00:00 AM,4141,1696,2445
11/5/2015 12:00:00 AM,12/20/2015 12:00:00 AM,4032,1696,2336
11/5/2015 12:00:00 AM,12/21/2015 12:00:00 AM,4032,1696,2336
11/5/2015 12:00:00 AM,12/22/2015 12:00:00 AM,3152,816,2336
11/5/2015 12:00:00 AM,12/23/2015 12:00:00 AM,2310,816,1494
11/5/2015 12:00:00 AM,12/24/2015 12:00:00 AM,2239,816,1423
11/5/2015 12:00:00 AM,12/25/2015 12:00:00 AM,2853,816,2037
11/5/2015 12:00:00 AM,12/26/2015 12:00:00 AM,2853,816,2037
11/5/2015 12:00:00 AM,12/27/2015 12:00:00 AM,2853,816,2037
11/5/2015 12:00:00 AM,12/28/2015 12:00:00 AM,2853,816,2037
11/5/2015 12:00:00 AM,12/29/2015 12:00:00 AM,2853,816,2037
11/5/2015 12:00:00 AM,12/30/2015 12:00:00 AM,2067,816,1251
11/5/2015 12:00:00 AM,12/31/2015 12:00:00 AM,2067,816,1251
11/5/2015 12:00:00 AM,1/1/2016 12:00:00 AM,2008,816,1192
11/5/2015 12:00:00 AM,1/2/2016 12:00:00 AM,1356,766,590
11/5/2015 12:00:00 AM,1/3/2016 12:00:00 AM,1356,766,590
11/5/2015 12:00:00 AM,1/4/2016 12:00:00 AM,1356,766,590
11/5/2015 12:00:00 AM,1/5/2016 12:00:00 AM,1356,766,590
11/5/2015 12:00:00 AM,1/6/2016 12:00:00 AM,1356,766,590
11/5/2015 12:00:00 AM,1/7/2016 12:00:00 AM,1356,766,590
11/5/2015 12:00:00 AM,1/8/2016 12:00:00 AM,1356,766,590
11/5/2015 12:00:00 AM,1/9/2016 12:00:00 AM,1356,766,590
11/5/2015 12:00:00 AM,1/10/2016 12:00:00 AM,1356,766,590
11/5/2015 12:00:00 AM,1/11/2016 12:00:00 AM,854,766,88
11/5/2015 12:00:00 AM,1/12/2016 12:00:00 AM,854,766,88
11/5/2015 12:00:00 AM,1/13/2016 12:00:00 AM,854,766,88
11/5/2015 12:00:00 AM,1/14/2016 12:00:00 AM,854,766,88
11/5/2015 12:00:00 AM,1/15/2016 12:00:00 AM,827,766,61
11/5/2015 12:00:00 AM,1/16/2016 12:00:00 AM,815,766,49
11/5/2015 12:00:00 AM,1/17/2016 12:00:00 AM,828,766,62
11/5/2015 12:00:00 AM,1/18/2016 12:00:00 AM,900,766,134
11/5/2015 12:00:00 AM,1/19/2016 12:00:00 AM,900,766,134
11/5/2015 12:00:00 AM,1/20/2016 12:00:00 AM,900,766,134
11/5/2015 12:00:00 AM,1/21/2016 12:00:00 AM,900,766,134
11/5/2015 12:00:00 AM,1/22/2016 12:00:00 AM,900,766,134
11/5/2015 12:00:00 AM,1/23/2016 12:00:00 AM,900,766,134
11/5/2015 12:00:00 AM,1/24/2016 12:00:00 AM,900,766,134
11/5/2015 12:00:00 AM,1/25/2016 12:00:00 AM,887,766,121
11/5/2015 12:00:00 AM,1/26/2016 12:00:00 AM,887,766,121
11/5/2015 12:00:00 AM,1/27/2016 12:00:00 AM,887,766,121
11/5/2015 12:00:00 AM,1/28/2016 12:00:00 AM,887,766,121
11/5/2015 12:00:00 AM,1/29/2016 12:00:00 AM,887,766,121
11/5/2015 12:00:00 AM,1/30/2016 12:00:00 AM,1656,1535,121
11/5/2015 12:00:00 AM,1/31/2016 12:00:00 AM,1607,1535,72
11/5/2015 12:00:00 AM,2/1/2016 12:00:00 AM,1846,1535,311
11/5/2015 12:00:00 AM,2/2/2016 12:00:00 AM,1846,1535,311
11/5/2015 12:00:00 AM,2/3/2016 12:00:00 AM,1846,1535,311
11/5/2015 12:00:00 AM,2/4/2016 12:00:00 AM,1846,1535,311
11/4/2015 12:00:00 AM,11/5/2015 12:00:00 AM,36603,16268,20335
11/4/2015 12:00:00 AM,11/6/2015 12:00:00 AM,36305,16268,20037
11/4/2015 12:00:00 AM,11/7/2015 12:00:00 AM,35331,16218,19113
11/4/2015 12:00:00 AM,11/8/2015 12:00:00 AM,35156,16294,18862
11/4/2015 12:00:00 AM,11/9/2015 12:00:00 AM,34710,16252,18458
11/4/2015 12:00:00 AM,11/10/2015 12:00:00 AM,33058,15007,18051
11/4/2015 12:00:00 AM,11/11/2015 12:00:00 AM,33172,15230,17942
11/4/2015 12:00:00 AM,11/12/2015 12:00:00 AM,32282,14460,17822
11/4/2015 12:00:00 AM,11/13/2015 12:00:00 AM,29714,12489,17225
11/4/2015 12:00:00 AM,11/14/2015 12:00:00 AM,31071,14065,17006
11/4/2015 12:00:00 AM,11/15/2015 12:00:00 AM,30346,14065,16281
11/4/2015 12:00:00 AM,11/16/2015 12:00:00 AM,28968,13752,15216
11/4/2015 12:00:00 AM,11/17/2015 12:00:00 AM,26249,11862,14387
11/4/2015 12:00:00 AM,11/18/2015 12:00:00 AM,26551,11862,14689
11/4/2015 12:00:00 AM,11/19/2015 12:00:00 AM,24648,11862,12786
11/4/2015 12:00:00 AM,11/20/2015 12:00:00 AM,24189,11712,12477
11/4/2015 12:00:00 AM,11/21/2015 12:00:00 AM,22983,11566,11417
11/4/2015 12:00:00 AM,11/22/2015 12:00:00 AM,22723,11494,11229
11/4/2015 12:00:00 AM,11/23/2015 12:00:00 AM,18434,8610,9824
11/4/2015 12:00:00 AM,11/24/2015 12:00:00 AM,15944,6578,9366
11/4/2015 12:00:00 AM,11/25/2015 12:00:00 AM,13332,4768,8564
11/4/2015 12:00:00 AM,11/26/2015 12:00:00 AM,12461,4768,7693
11/4/2015 12:00:00 AM,11/27/2015 12:00:00 AM,12596,4768,7828
11/4/2015 12:00:00 AM,11/28/2015 12:00:00 AM,10865,4695,6170
11/4/2015 12:00:00 AM,11/29/2015 12:00:00 AM,10675,4354,6321
11/4/2015 12:00:00 AM,11/30/2015 12:00:00 AM,11020,4354,6666
11/4/2015 12:00:00 AM,12/1/2015 12:00:00 AM,9574,4339,5235
11/4/2015 12:00:00 AM,12/2/2015 12:00:00 AM,8989,3754,5235
11/4/2015 12:00:00 AM,12/3/2015 12:00:00 AM,8989,3754,5235
11/4/2015 12:00:00 AM,12/4/2015 12:00:00 AM,8989,3754,5235
11/4/2015 12:00:00 AM,12/5/2015 12:00:00 AM,9349,4159,5190
11/4/2015 12:00:00 AM,12/6/2015 12:00:00 AM,9191,4159,5032
11/4/2015 12:00:00 AM,12/7/2015 12:00:00 AM,9477,4218,5259
11/4/2015 12:00:00 AM,12/8/2015 12:00:00 AM,7582,2918,4664
11/4/2015 12:00:00 AM,12/9/2015 12:00:00 AM,7582,2918,4664
11/4/2015 12:00:00 AM,12/10/2015 12:00:00 AM,7582,2918,4664
11/4/2015 12:00:00 AM,12/11/2015 12:00:00 AM,6981,2317,4664
11/4/2015 12:00:00 AM,12/12/2015 12:00:00 AM,7430,2843,4587
11/4/2015 12:00:00 AM,12/13/2015 12:00:00 AM,7134,2843,4291
11/4/2015 12:00:00 AM,12/14/2015 12:00:00 AM,7018,2843,4175
11/4/2015 12:00:00 AM,12/15/2015 12:00:00 AM,4896,2438,2458
11/4/2015 12:00:00 AM,12/16/2015 12:00:00 AM,4896,2438,2458
11/4/2015 12:00:00 AM,12/17/2015 12:00:00 AM,4896,2438,2458
11/4/2015 12:00:00 AM,12/18/2015 12:00:00 AM,4154,1696,2458
11/4/2015 12:00:00 AM,12/19/2015 12:00:00 AM,4141,1696,2445
11/4/2015 12:00:00 AM,12/20/2015 12:00:00 AM,4032,1696,2336
11/4/2015 12:00:00 AM,12/21/2015 12:00:00 AM,4032,1696,2336
11/4/2015 12:00:00 AM,12/22/2015 12:00:00 AM,3152,816,2336
11/4/2015 12:00:00 AM,12/23/2015 12:00:00 AM,2310,816,1494
11/4/2015 12:00:00 AM,12/24/2015 12:00:00 AM,2239,816,1423
11/4/2015 12:00:00 AM,12/25/2015 12:00:00 AM,2853,816,2037
11/4/2015 12:00:00 AM,12/26/2015 12:00:00 AM,2853,816,2037
11/4/2015 12:00:00 AM,12/27/2015 12:00:00 AM,2853,816,2037
11/4/2015 12:00:00 AM,12/28/2015 12:00:00 AM,2853,816,2037
11/4/2015 12:00:00 AM,12/29/2015 12:00:00 AM,2853,816,2037
11/4/2015 12:00:00 AM,12/30/2015 12:00:00 AM,2067,816,1251
11/4/2015 12:00:00 AM,12/31/2015 12:00:00 AM,2067,816,1251
11/4/2015 12:00:00 AM,1/1/2016 12:00:00 AM,2008,816,1192
11/4/2015 12:00:00 AM,1/2/2016 12:00:00 AM,1356,766,590
11/4/2015 12:00:00 AM,1/3/2016 12:00:00 AM,1356,766,590
11/4/2015 12:00:00 AM,1/4/2016 12:00:00 AM,1356,766,590
11/4/2015 12:00:00 AM,1/5/2016 12:00:00 AM,1356,766,590
11/4/2015 12:00:00 AM,1/6/2016 12:00:00 AM,1356,766,590
11/4/2015 12:00:00 AM,1/7/2016 12:00:00 AM,1356,766,590
11/4/2015 12:00:00 AM,1/8/2016 12:00:00 AM,1356,766,590
11/4/2015 12:00:00 AM,1/9/2016 12:00:00 AM,1356,766,590
11/4/2015 12:00:00 AM,1/10/2016 12:00:00 AM,1356,766,590
11/4/2015 12:00:00 AM,1/11/2016 12:00:00 AM,854,766,88
11/4/2015 12:00:00 AM,1/12/2016 12:00:00 AM,854,766,88
11/4/2015 12:00:00 AM,1/13/2016 12:00:00 AM,854,766,88
11/4/2015 12:00:00 AM,1/14/2016 12:00:00 AM,854,766,88
11/4/2015 12:00:00 AM,1/15/2016 12:00:00 AM,827,766,61
11/4/2015 12:00:00 AM,1/16/2016 12:00:00 AM,815,766,49
11/4/2015 12:00:00 AM,1/17/2016 12:00:00 AM,828,766,62
11/4/2015 12:00:00 AM,1/18/2016 12:00:00 AM,900,766,134
11/4/2015 12:00:00 AM,1/19/2016 12:00:00 AM,900,766,134
11/4/2015 12:00:00 AM,1/20/2016 12:00:00 AM,900,766,134
11/4/2015 12:00:00 AM,1/21/2016 12:00:00 AM,900,766,134
11/4/2015 12:00:00 AM,1/22/2016 12:00:00 AM,900,766,134
11/4/2015 12:00:00 AM,1/23/2016 12:00:00 AM,900,766,134
11/4/2015 12:00:00 AM,1/24/2016 12:00:00 AM,900,766,134
11/4/2015 12:00:00 AM,1/25/2016 12:00:00 AM,887,766,121
11/4/2015 12:00:00 AM,1/26/2016 12:00:00 AM,887,766,121
11/4/2015 12:00:00 AM,1/27/2016 12:00:00 AM,887,766,121
11/4/2015 12:00:00 AM,1/28/2016 12:00:00 AM,887,766,121
11/4/2015 12:00:00 AM,1/29/2016 12:00:00 AM,887,766,121
11/4/2015 12:00:00 AM,1/30/2016 12:00:00 AM,1656,1535,121
11/4/2015 12:00:00 AM,1/31/2016 12:00:00 AM,1607,1535,72
11/4/2015 12:00:00 AM,2/1/2016 12:00:00 AM,1846,1535,311
11/4/2015 12:00:00 AM,2/2/2016 12:00:00 AM,1846,1535,311
11/4/2015 12:00:00 AM,2/3/2016 12:00:00 AM,1846,1535,311
11/3/2015 12:00:00 AM,11/4/2015 12:00:00 AM,36299,15617,20682
11/3/2015 12:00:00 AM,11/5/2015 12:00:00 AM,33670,14948,18722
11/3/2015 12:00:00 AM,11/6/2015 12:00:00 AM,33602,14948,18654
11/3/2015 12:00:00 AM,11/7/2015 12:00:00 AM,33218,14898,18320
11/3/2015 12:00:00 AM,11/8/2015 12:00:00 AM,33136,14274,18862
11/3/2015 12:00:00 AM,11/9/2015 12:00:00 AM,32722,14232,18490
11/3/2015 12:00:00 AM,11/10/2015 12:00:00 AM,31000,12917,18083
11/3/2015 12:00:00 AM,11/11/2015 12:00:00 AM,30836,12862,17974
11/3/2015 12:00:00 AM,11/12/2015 12:00:00 AM,30716,12862,17854
11/3/2015 12:00:00 AM,11/13/2015 12:00:00 AM,29468,12211,17257
11/3/2015 12:00:00 AM,11/14/2015 12:00:00 AM,31103,14065,17038
11/3/2015 12:00:00 AM,11/15/2015 12:00:00 AM,30378,14065,16313
11/3/2015 12:00:00 AM,11/16/2015 12:00:00 AM,29000,13752,15248
11/3/2015 12:00:00 AM,11/17/2015 12:00:00 AM,26281,11862,14419
11/3/2015 12:00:00 AM,11/18/2015 12:00:00 AM,26583,11862,14721
11/3/2015 12:00:00 AM,11/19/2015 12:00:00 AM,24680,11862,12818
11/3/2015 12:00:00 AM,11/20/2015 12:00:00 AM,24221,11712,12509
11/3/2015 12:00:00 AM,11/21/2015 12:00:00 AM,23015,11566,11449
11/3/2015 12:00:00 AM,11/22/2015 12:00:00 AM,22755,11494,11261
11/3/2015 12:00:00 AM,11/23/2015 12:00:00 AM,18466,8610,9856
11/3/2015 12:00:00 AM,11/24/2015 12:00:00 AM,15976,6578,9398
11/3/2015 12:00:00 AM,11/25/2015 12:00:00 AM,13364,4768,8596
11/3/2015 12:00:00 AM,11/26/2015 12:00:00 AM,12493,4768,7725
11/3/2015 12:00:00 AM,11/27/2015 12:00:00 AM,12628,4768,7860
11/3/2015 12:00:00 AM,11/28/2015 12:00:00 AM,10897,4695,6202
11/3/2015 12:00:00 AM,11/29/2015 12:00:00 AM,10707,4354,6353
11/3/2015 12:00:00 AM,11/30/2015 12:00:00 AM,11052,4354,6698
11/3/2015 12:00:00 AM,12/1/2015 12:00:00 AM,9606,4339,5267
11/3/2015 12:00:00 AM,12/2/2015 12:00:00 AM,9021,3754,5267
11/3/2015 12:00:00 AM,12/3/2015 12:00:00 AM,8989,3754,5235
11/3/2015 12:00:00 AM,12/4/2015 12:00:00 AM,8989,3754,5235
11/3/2015 12:00:00 AM,12/5/2015 12:00:00 AM,10669,5479,5190
11/3/2015 12:00:00 AM,12/6/2015 12:00:00 AM,10511,5479,5032
11/3/2015 12:00:00 AM,12/7/2015 12:00:00 AM,10797,5538,5259
11/3/2015 12:00:00 AM,12/8/2015 12:00:00 AM,8902,4238,4664
11/3/2015 12:00:00 AM,12/9/2015 12:00:00 AM,8902,4238,4664
11/3/2015 12:00:00 AM,12/10/2015 12:00:00 AM,8902,4238,4664
11/3/2015 12:00:00 AM,12/11/2015 12:00:00 AM,8301,3637,4664
11/3/2015 12:00:00 AM,12/12/2015 12:00:00 AM,8750,4163,4587
11/3/2015 12:00:00 AM,12/13/2015 12:00:00 AM,8454,4163,4291
11/3/2015 12:00:00 AM,12/14/2015 12:00:00 AM,8338,4163,4175
11/3/2015 12:00:00 AM,12/15/2015 12:00:00 AM,4896,2438,2458
11/3/2015 12:00:00 AM,12/16/2015 12:00:00 AM,4896,2438,2458
11/3/2015 12:00:00 AM,12/17/2015 12:00:00 AM,4896,2438,2458
11/3/2015 12:00:00 AM,12/18/2015 12:00:00 AM,4154,1696,2458
11/3/2015 12:00:00 AM,12/19/2015 12:00:00 AM,4141,1696,2445
11/3/2015 12:00:00 AM,12/20/2015 12:00:00 AM,4032,1696,2336
11/3/2015 12:00:00 AM,12/21/2015 12:00:00 AM,4032,1696,2336
11/3/2015 12:00:00 AM,12/22/2015 12:00:00 AM,3152,816,2336
11/3/2015 12:00:00 AM,12/23/2015 12:00:00 AM,2310,816,1494
11/3/2015 12:00:00 AM,12/24/2015 12:00:00 AM,2239,816,1423
11/3/2015 12:00:00 AM,12/25/2015 12:00:00 AM,2853,816,2037
11/3/2015 12:00:00 AM,12/26/2015 12:00:00 AM,2853,816,2037
11/3/2015 12:00:00 AM,12/27/2015 12:00:00 AM,2853,816,2037
11/3/2015 12:00:00 AM,12/28/2015 12:00:00 AM,2853,816,2037
11/3/2015 12:00:00 AM,12/29/2015 12:00:00 AM,2853,816,2037
11/3/2015 12:00:00 AM,12/30/2015 12:00:00 AM,2067,816,1251
11/3/2015 12:00:00 AM,12/31/2015 12:00:00 AM,2067,816,1251
11/3/2015 12:00:00 AM,1/1/2016 12:00:00 AM,2008,816,1192
11/3/2015 12:00:00 AM,1/2/2016 12:00:00 AM,1356,766,590
11/3/2015 12:00:00 AM,1/3/2016 12:00:00 AM,1356,766,590
11/3/2015 12:00:00 AM,1/4/2016 12:00:00 AM,1356,766,590
11/3/2015 12:00:00 AM,1/5/2016 12:00:00 AM,1356,766,590
11/3/2015 12:00:00 AM,1/6/2016 12:00:00 AM,1356,766,590
11/3/2015 12:00:00 AM,1/7/2016 12:00:00 AM,1356,766,590
11/3/2015 12:00:00 AM,1/8/2016 12:00:00 AM,1356,766,590
11/3/2015 12:00:00 AM,1/9/2016 12:00:00 AM,1356,766,590
11/3/2015 12:00:00 AM,1/10/2016 12:00:00 AM,1356,766,590
11/3/2015 12:00:00 AM,1/11/2016 12:00:00 AM,854,766,88
11/3/2015 12:00:00 AM,1/12/2016 12:00:00 AM,854,766,88
11/3/2015 12:00:00 AM,1/13/2016 12:00:00 AM,854,766,88
11/3/2015 12:00:00 AM,1/14/2016 12:00:00 AM,854,766,88
11/3/2015 12:00:00 AM,1/15/2016 12:00:00 AM,827,766,61
11/3/2015 12:00:00 AM,1/16/2016 12:00:00 AM,815,766,49
11/3/2015 12:00:00 AM,1/17/2016 12:00:00 AM,828,766,62
11/3/2015 12:00:00 AM,1/18/2016 12:00:00 AM,900,766,134
11/3/2015 12:00:00 AM,1/19/2016 12:00:00 AM,900,766,134
11/3/2015 12:00:00 AM,1/20/2016 12:00:00 AM,900,766,134
11/3/2015 12:00:00 AM,1/21/2016 12:00:00 AM,900,766,134
11/3/2015 12:00:00 AM,1/22/2016 12:00:00 AM,900,766,134
11/3/2015 12:00:00 AM,1/23/2016 12:00:00 AM,900,766,134
11/3/2015 12:00:00 AM,1/24/2016 12:00:00 AM,900,766,134
11/3/2015 12:00:00 AM,1/25/2016 12:00:00 AM,887,766,121
11/3/2015 12:00:00 AM,1/26/2016 12:00:00 AM,887,766,121
11/3/2015 12:00:00 AM,1/27/2016 12:00:00 AM,887,766,121
11/3/2015 12:00:00 AM,1/28/2016 12:00:00 AM,887,766,121
11/3/2015 12:00:00 AM,1/29/2016 12:00:00 AM,887,766,121
11/3/2015 12:00:00 AM,1/30/2016 12:00:00 AM,1656,1535,121
11/3/2015 12:00:00 AM,1/31/2016 12:00:00 AM,1607,1535,72
11/3/2015 12:00:00 AM,2/1/2016 12:00:00 AM,1846,1535,311
11/3/2015 12:00:00 AM,2/2/2016 12:00:00 AM,1846,1535,311
11/2/2015 12:00:00 AM,11/3/2015 12:00:00 AM,36123,15587,20536
11/2/2015 12:00:00 AM,11/4/2015 12:00:00 AM,36307,15587,20720
11/2/2015 12:00:00 AM,11/5/2015 12:00:00 AM,33640,14918,18722
11/2/2015 12:00:00 AM,11/6/2015 12:00:00 AM,33601,14918,18683
11/2/2015 12:00:00 AM,11/7/2015 12:00:00 AM,33217,14868,18349
11/2/2015 12:00:00 AM,11/8/2015 12:00:00 AM,33106,14244,18862
11/2/2015 12:00:00 AM,11/9/2015 12:00:00 AM,32716,14202,18514
11/2/2015 12:00:00 AM,11/10/2015 12:00:00 AM,30994,12887,18107
11/2/2015 12:00:00 AM,11/11/2015 12:00:00 AM,30830,12832,17998
11/2/2015 12:00:00 AM,11/12/2015 12:00:00 AM,30710,12832,17878
11/2/2015 12:00:00 AM,11/13/2015 12:00:00 AM,29462,12181,17281
11/2/2015 12:00:00 AM,11/14/2015 12:00:00 AM,31044,14035,17009
11/2/2015 12:00:00 AM,11/15/2015 12:00:00 AM,30348,14035,16313
11/2/2015 12:00:00 AM,11/16/2015 12:00:00 AM,28566,13722,14844
11/2/2015 12:00:00 AM,11/17/2015 12:00:00 AM,25847,11832,14015
11/2/2015 12:00:00 AM,11/18/2015 12:00:00 AM,26149,11832,14317
11/2/2015 12:00:00 AM,11/19/2015 12:00:00 AM,24246,11832,12414
11/2/2015 12:00:00 AM,11/20/2015 12:00:00 AM,23811,11682,12129
11/2/2015 12:00:00 AM,11/21/2015 12:00:00 AM,22605,11536,11069
11/2/2015 12:00:00 AM,11/22/2015 12:00:00 AM,22345,11464,10881
11/2/2015 12:00:00 AM,11/23/2015 12:00:00 AM,18141,8580,9561
11/2/2015 12:00:00 AM,11/24/2015 12:00:00 AM,15651,6548,9103
11/2/2015 12:00:00 AM,11/25/2015 12:00:00 AM,13069,4768,8301
11/2/2015 12:00:00 AM,11/26/2015 12:00:00 AM,12198,4768,7430
11/2/2015 12:00:00 AM,11/27/2015 12:00:00 AM,12333,4768,7565
11/2/2015 12:00:00 AM,11/28/2015 12:00:00 AM,10602,4695,5907
11/2/2015 12:00:00 AM,11/29/2015 12:00:00 AM,10412,4354,6058
11/2/2015 12:00:00 AM,11/30/2015 12:00:00 AM,10757,4354,6403
11/2/2015 12:00:00 AM,12/1/2015 12:00:00 AM,9311,4339,4972
11/2/2015 12:00:00 AM,12/2/2015 12:00:00 AM,8726,3754,4972
11/2/2015 12:00:00 AM,12/3/2015 12:00:00 AM,8694,3754,4940
11/2/2015 12:00:00 AM,12/4/2015 12:00:00 AM,7852,3754,4098
11/2/2015 12:00:00 AM,12/5/2015 12:00:00 AM,9532,5479,4053
11/2/2015 12:00:00 AM,12/6/2015 12:00:00 AM,9374,5479,3895
11/2/2015 12:00:00 AM,12/7/2015 12:00:00 AM,9660,5538,4122
11/2/2015 12:00:00 AM,12/8/2015 12:00:00 AM,8060,4238,3822
11/2/2015 12:00:00 AM,12/9/2015 12:00:00 AM,8060,4238,3822
11/2/2015 12:00:00 AM,12/10/2015 12:00:00 AM,8060,4238,3822
11/2/2015 12:00:00 AM,12/11/2015 12:00:00 AM,7459,3637,3822
11/2/2015 12:00:00 AM,12/12/2015 12:00:00 AM,7908,4163,3745
11/2/2015 12:00:00 AM,12/13/2015 12:00:00 AM,7612,4163,3449
11/2/2015 12:00:00 AM,12/14/2015 12:00:00 AM,7496,4163,3333
11/2/2015 12:00:00 AM,12/15/2015 12:00:00 AM,4054,2438,1616
11/2/2015 12:00:00 AM,12/16/2015 12:00:00 AM,4054,2438,1616
11/2/2015 12:00:00 AM,12/17/2015 12:00:00 AM,4054,2438,1616
11/2/2015 12:00:00 AM,12/18/2015 12:00:00 AM,3312,1696,1616
11/2/2015 12:00:00 AM,12/19/2015 12:00:00 AM,3299,1696,1603
11/2/2015 12:00:00 AM,12/20/2015 12:00:00 AM,3190,1696,1494
11/2/2015 12:00:00 AM,12/21/2015 12:00:00 AM,3190,1696,1494
11/2/2015 12:00:00 AM,12/22/2015 12:00:00 AM,2310,816,1494
11/2/2015 12:00:00 AM,12/23/2015 12:00:00 AM,2310,816,1494
11/2/2015 12:00:00 AM,12/24/2015 12:00:00 AM,2239,816,1423
11/2/2015 12:00:00 AM,12/25/2015 12:00:00 AM,2853,816,2037
11/2/2015 12:00:00 AM,12/26/2015 12:00:00 AM,2853,816,2037
11/2/2015 12:00:00 AM,12/27/2015 12:00:00 AM,2853,816,2037
11/2/2015 12:00:00 AM,12/28/2015 12:00:00 AM,2853,816,2037
11/2/2015 12:00:00 AM,12/29/2015 12:00:00 AM,2853,816,2037
11/2/2015 12:00:00 AM,12/30/2015 12:00:00 AM,2067,816,1251
11/2/2015 12:00:00 AM,12/31/2015 12:00:00 AM,2067,816,1251
11/2/2015 12:00:00 AM,1/1/2016 12:00:00 AM,2008,816,1192
11/2/2015 12:00:00 AM,1/2/2016 12:00:00 AM,1356,766,590
11/2/2015 12:00:00 AM,1/3/2016 12:00:00 AM,1356,766,590
11/2/2015 12:00:00 AM,1/4/2016 12:00:00 AM,1356,766,590
11/2/2015 12:00:00 AM,1/5/2016 12:00:00 AM,1356,766,590
11/2/2015 12:00:00 AM,1/6/2016 12:00:00 AM,1356,766,590
11/2/2015 12:00:00 AM,1/7/2016 12:00:00 AM,1356,766,590
11/2/2015 12:00:00 AM,1/8/2016 12:00:00 AM,1356,766,590
11/2/2015 12:00:00 AM,1/9/2016 12:00:00 AM,1356,766,590
11/2/2015 12:00:00 AM,1/10/2016 12:00:00 AM,1356,766,590
11/2/2015 12:00:00 AM,1/11/2016 12:00:00 AM,854,766,88
11/2/2015 12:00:00 AM,1/12/2016 12:00:00 AM,854,766,88
11/2/2015 12:00:00 AM,1/13/2016 12:00:00 AM,854,766,88
11/2/2015 12:00:00 AM,1/14/2016 12:00:00 AM,854,766,88
11/2/2015 12:00:00 AM,1/15/2016 12:00:00 AM,827,766,61
11/2/2015 12:00:00 AM,1/16/2016 12:00:00 AM,815,766,49
11/2/2015 12:00:00 AM,1/17/2016 12:00:00 AM,828,766,62
11/2/2015 12:00:00 AM,1/18/2016 12:00:00 AM,900,766,134
11/2/2015 12:00:00 AM,1/19/2016 12:00:00 AM,900,766,134
11/2/2015 12:00:00 AM,1/20/2016 12:00:00 AM,900,766,134
11/2/2015 12:00:00 AM,1/21/2016 12:00:00 AM,900,766,134
11/2/2015 12:00:00 AM,1/22/2016 12:00:00 AM,900,766,134
11/2/2015 12:00:00 AM,1/23/2016 12:00:00 AM,900,766,134
11/2/2015 12:00:00 AM,1/24/2016 12:00:00 AM,900,766,134
11/2/2015 12:00:00 AM,1/25/2016 12:00:00 AM,887,766,121
11/2/2015 12:00:00 AM,1/26/2016 12:00:00 AM,887,766,121
11/2/2015 12:00:00 AM,1/27/2016 12:00:00 AM,887,766,121
11/2/2015 12:00:00 AM,1/28/2016 12:00:00 AM,887,766,121
11/2/2015 12:00:00 AM,1/29/2016 12:00:00 AM,887,766,121
11/2/2015 12:00:00 AM,1/30/2016 12:00:00 AM,1656,1535,121
11/2/2015 12:00:00 AM,1/31/2016 12:00:00 AM,1607,1535,72
11/2/2015 12:00:00 AM,2/1/2016 12:00:00 AM,1846,1535,311
11/1/2015 12:00:00 AM,11/2/2015 12:00:00 AM,36814,15537,21277
11/1/2015 12:00:00 AM,11/3/2015 12:00:00 AM,36123,15587,20536
11/1/2015 12:00:00 AM,11/4/2015 12:00:00 AM,36307,15587,20720
11/1/2015 12:00:00 AM,11/5/2015 12:00:00 AM,33640,14918,18722
11/1/2015 12:00:00 AM,11/6/2015 12:00:00 AM,33601,14918,18683
11/1/2015 12:00:00 AM,11/7/2015 12:00:00 AM,33217,14868,18349
11/1/2015 12:00:00 AM,11/8/2015 12:00:00 AM,33106,14244,18862
11/1/2015 12:00:00 AM,11/9/2015 12:00:00 AM,32716,14202,18514
11/1/2015 12:00:00 AM,11/10/2015 12:00:00 AM,30994,12887,18107
11/1/2015 12:00:00 AM,11/11/2015 12:00:00 AM,30830,12832,17998
11/1/2015 12:00:00 AM,11/12/2015 12:00:00 AM,30710,12832,17878
11/1/2015 12:00:00 AM,11/13/2015 12:00:00 AM,29462,12181,17281
11/1/2015 12:00:00 AM,11/14/2015 12:00:00 AM,31044,14035,17009
11/1/2015 12:00:00 AM,11/15/2015 12:00:00 AM,30348,14035,16313
11/1/2015 12:00:00 AM,11/16/2015 12:00:00 AM,28566,13722,14844
11/1/2015 12:00:00 AM,11/17/2015 12:00:00 AM,25847,11832,14015
11/1/2015 12:00:00 AM,11/18/2015 12:00:00 AM,26149,11832,14317
11/1/2015 12:00:00 AM,11/19/2015 12:00:00 AM,24246,11832,12414
11/1/2015 12:00:00 AM,11/20/2015 12:00:00 AM,23811,11682,12129
11/1/2015 12:00:00 AM,11/21/2015 12:00:00 AM,22605,11536,11069
11/1/2015 12:00:00 AM,11/22/2015 12:00:00 AM,22345,11464,10881
11/1/2015 12:00:00 AM,11/23/2015 12:00:00 AM,18141,8580,9561
11/1/2015 12:00:00 AM,11/24/2015 12:00:00 AM,15651,6548,9103
11/1/2015 12:00:00 AM,11/25/2015 12:00:00 AM,13069,4768,8301
11/1/2015 12:00:00 AM,11/26/2015 12:00:00 AM,12198,4768,7430
11/1/2015 12:00:00 AM,11/27/2015 12:00:00 AM,12333,4768,7565
11/1/2015 12:00:00 AM,11/28/2015 12:00:00 AM,10602,4695,5907
11/1/2015 12:00:00 AM,11/29/2015 12:00:00 AM,10412,4354,6058
11/1/2015 12:00:00 AM,11/30/2015 12:00:00 AM,10757,4354,6403
11/1/2015 12:00:00 AM,12/1/2015 12:00:00 AM,9311,4339,4972
11/1/2015 12:00:00 AM,12/2/2015 12:00:00 AM,8726,3754,4972
11/1/2015 12:00:00 AM,12/3/2015 12:00:00 AM,8694,3754,4940
11/1/2015 12:00:00 AM,12/4/2015 12:00:00 AM,7852,3754,4098
11/1/2015 12:00:00 AM,12/5/2015 12:00:00 AM,9532,5479,4053
11/1/2015 12:00:00 AM,12/6/2015 12:00:00 AM,9374,5479,3895
11/1/2015 12:00:00 AM,12/7/2015 12:00:00 AM,9660,5538,4122
11/1/2015 12:00:00 AM,12/8/2015 12:00:00 AM,8060,4238,3822
11/1/2015 12:00:00 AM,12/9/2015 12:00:00 AM,8060,4238,3822
11/1/2015 12:00:00 AM,12/10/2015 12:00:00 AM,8060,4238,3822
11/1/2015 12:00:00 AM,12/11/2015 12:00:00 AM,7459,3637,3822
11/1/2015 12:00:00 AM,12/12/2015 12:00:00 AM,7908,4163,3745
11/1/2015 12:00:00 AM,12/13/2015 12:00:00 AM,7612,4163,3449
11/1/2015 12:00:00 AM,12/14/2015 12:00:00 AM,7496,4163,3333
11/1/2015 12:00:00 AM,12/15/2015 12:00:00 AM,4054,2438,1616
11/1/2015 12:00:00 AM,12/16/2015 12:00:00 AM,4054,2438,1616
11/1/2015 12:00:00 AM,12/17/2015 12:00:00 AM,4054,2438,1616
11/1/2015 12:00:00 AM,12/18/2015 12:00:00 AM,3312,1696,1616
11/1/2015 12:00:00 AM,12/19/2015 12:00:00 AM,3299,1696,1603
11/1/2015 12:00:00 AM,12/20/2015 12:00:00 AM,3190,1696,1494
11/1/2015 12:00:00 AM,12/21/2015 12:00:00 AM,3190,1696,1494
11/1/2015 12:00:00 AM,12/22/2015 12:00:00 AM,2310,816,1494
11/1/2015 12:00:00 AM,12/23/2015 12:00:00 AM,2310,816,1494
11/1/2015 12:00:00 AM,12/24/2015 12:00:00 AM,2239,816,1423
11/1/2015 12:00:00 AM,12/25/2015 12:00:00 AM,2853,816,2037
11/1/2015 12:00:00 AM,12/26/2015 12:00:00 AM,2853,816,2037
11/1/2015 12:00:00 AM,12/27/2015 12:00:00 AM,2853,816,2037
11/1/2015 12:00:00 AM,12/28/2015 12:00:00 AM,2853,816,2037
11/1/2015 12:00:00 AM,12/29/2015 12:00:00 AM,2853,816,2037
11/1/2015 12:00:00 AM,12/30/2015 12:00:00 AM,2067,816,1251
11/1/2015 12:00:00 AM,12/31/2015 12:00:00 AM,2067,816,1251
11/1/2015 12:00:00 AM,1/1/2016 12:00:00 AM,2008,816,1192
11/1/2015 12:00:00 AM,1/2/2016 12:00:00 AM,1356,766,590
11/1/2015 12:00:00 AM,1/3/2016 12:00:00 AM,1356,766,590
11/1/2015 12:00:00 AM,1/4/2016 12:00:00 AM,1356,766,590
11/1/2015 12:00:00 AM,1/5/2016 12:00:00 AM,1356,766,590
11/1/2015 12:00:00 AM,1/6/2016 12:00:00 AM,1356,766,590
11/1/2015 12:00:00 AM,1/7/2016 12:00:00 AM,1356,766,590
11/1/2015 12:00:00 AM,1/8/2016 12:00:00 AM,1356,766,590
11/1/2015 12:00:00 AM,1/9/2016 12:00:00 AM,1356,766,590
11/1/2015 12:00:00 AM,1/10/2016 12:00:00 AM,1356,766,590
11/1/2015 12:00:00 AM,1/11/2016 12:00:00 AM,854,766,88
11/1/2015 12:00:00 AM,1/12/2016 12:00:00 AM,854,766,88
11/1/2015 12:00:00 AM,1/13/2016 12:00:00 AM,854,766,88
11/1/2015 12:00:00 AM,1/14/2016 12:00:00 AM,854,766,88
11/1/2015 12:00:00 AM,1/15/2016 12:00:00 AM,827,766,61
11/1/2015 12:00:00 AM,1/16/2016 12:00:00 AM,815,766,49
11/1/2015 12:00:00 AM,1/17/2016 12:00:00 AM,828,766,62
11/1/2015 12:00:00 AM,1/18/2016 12:00:00 AM,900,766,134
11/1/2015 12:00:00 AM,1/19/2016 12:00:00 AM,900,766,134
11/1/2015 12:00:00 AM,1/20/2016 12:00:00 AM,900,766,134
11/1/2015 12:00:00 AM,1/21/2016 12:00:00 AM,900,766,134
11/1/2015 12:00:00 AM,1/22/2016 12:00:00 AM,900,766,134
11/1/2015 12:00:00 AM,1/23/2016 12:00:00 AM,900,766,134
11/1/2015 12:00:00 AM,1/24/2016 12:00:00 AM,900,766,134
11/1/2015 12:00:00 AM,1/25/2016 12:00:00 AM,887,766,121
11/1/2015 12:00:00 AM,1/26/2016 12:00:00 AM,887,766,121
11/1/2015 12:00:00 AM,1/27/2016 12:00:00 AM,887,766,121
11/1/2015 12:00:00 AM,1/28/2016 12:00:00 AM,887,766,121
11/1/2015 12:00:00 AM,1/29/2016 12:00:00 AM,887,766,121
11/1/2015 12:00:00 AM,1/30/2016 12:00:00 AM,1656,1535,121
11/1/2015 12:00:00 AM,1/31/2016 12:00:00 AM,1607,1535,72
10/31/2015 12:00:00 AM,11/1/2015 12:00:00 AM,36750,14403,22347
10/31/2015 12:00:00 AM,11/2/2015 12:00:00 AM,38273,16575,21698
10/31/2015 12:00:00 AM,11/3/2015 12:00:00 AM,36148,15716,20432
10/31/2015 12:00:00 AM,11/4/2015 12:00:00 AM,35769,14971,20798
10/31/2015 12:00:00 AM,11/5/2015 12:00:00 AM,33024,14302,18722
10/31/2015 12:00:00 AM,11/6/2015 12:00:00 AM,32985,14302,18683
10/31/2015 12:00:00 AM,11/7/2015 12:00:00 AM,32601,14252,18349
10/31/2015 12:00:00 AM,11/8/2015 12:00:00 AM,33190,14328,18862
10/31/2015 12:00:00 AM,11/9/2015 12:00:00 AM,32716,14202,18514
10/31/2015 12:00:00 AM,11/10/2015 12:00:00 AM,30994,12887,18107
10/31/2015 12:00:00 AM,11/11/2015 12:00:00 AM,30830,12832,17998
10/31/2015 12:00:00 AM,11/12/2015 12:00:00 AM,30710,12832,17878
10/31/2015 12:00:00 AM,11/13/2015 12:00:00 AM,29462,12181,17281
10/31/2015 12:00:00 AM,11/14/2015 12:00:00 AM,31044,14035,17009
10/31/2015 12:00:00 AM,11/15/2015 12:00:00 AM,30348,14035,16313
10/31/2015 12:00:00 AM,11/16/2015 12:00:00 AM,28566,13722,14844
10/31/2015 12:00:00 AM,11/17/2015 12:00:00 AM,25847,11832,14015
10/31/2015 12:00:00 AM,11/18/2015 12:00:00 AM,26149,11832,14317
10/31/2015 12:00:00 AM,11/19/2015 12:00:00 AM,24246,11832,12414
10/31/2015 12:00:00 AM,11/20/2015 12:00:00 AM,23811,11682,12129
10/31/2015 12:00:00 AM,11/21/2015 12:00:00 AM,22605,11536,11069
10/31/2015 12:00:00 AM,11/22/2015 12:00:00 AM,22345,11464,10881
10/31/2015 12:00:00 AM,11/23/2015 12:00:00 AM,18141,8580,9561
10/31/2015 12:00:00 AM,11/24/2015 12:00:00 AM,15651,6548,9103
10/31/2015 12:00:00 AM,11/25/2015 12:00:00 AM,13069,4768,8301
10/31/2015 12:00:00 AM,11/26/2015 12:00:00 AM,12198,4768,7430
10/31/2015 12:00:00 AM,11/27/2015 12:00:00 AM,12333,4768,7565
10/31/2015 12:00:00 AM,11/28/2015 12:00:00 AM,10602,4695,5907
10/31/2015 12:00:00 AM,11/29/2015 12:00:00 AM,10412,4354,6058
10/31/2015 12:00:00 AM,11/30/2015 12:00:00 AM,10757,4354,6403
10/31/2015 12:00:00 AM,12/1/2015 12:00:00 AM,9311,4339,4972
10/31/2015 12:00:00 AM,12/2/2015 12:00:00 AM,8726,3754,4972
10/31/2015 12:00:00 AM,12/3/2015 12:00:00 AM,8694,3754,4940
10/31/2015 12:00:00 AM,12/4/2015 12:00:00 AM,7852,3754,4098
10/31/2015 12:00:00 AM,12/5/2015 12:00:00 AM,9532,5479,4053
10/31/2015 12:00:00 AM,12/6/2015 12:00:00 AM,9374,5479,3895
10/31/2015 12:00:00 AM,12/7/2015 12:00:00 AM,9660,5538,4122
10/31/2015 12:00:00 AM,12/8/2015 12:00:00 AM,8060,4238,3822
10/31/2015 12:00:00 AM,12/9/2015 12:00:00 AM,8060,4238,3822
10/31/2015 12:00:00 AM,12/10/2015 12:00:00 AM,8060,4238,3822
10/31/2015 12:00:00 AM,12/11/2015 12:00:00 AM,7459,3637,3822
10/31/2015 12:00:00 AM,12/12/2015 12:00:00 AM,7908,4163,3745
10/31/2015 12:00:00 AM,12/13/2015 12:00:00 AM,7612,4163,3449
10/31/2015 12:00:00 AM,12/14/2015 12:00:00 AM,7496,4163,3333
10/31/2015 12:00:00 AM,12/15/2015 12:00:00 AM,4054,2438,1616
10/31/2015 12:00:00 AM,12/16/2015 12:00:00 AM,4054,2438,1616
10/31/2015 12:00:00 AM,12/17/2015 12:00:00 AM,4054,2438,1616
10/31/2015 12:00:00 AM,12/18/2015 12:00:00 AM,3312,1696,1616
10/31/2015 12:00:00 AM,12/19/2015 12:00:00 AM,3299,1696,1603
10/31/2015 12:00:00 AM,12/20/2015 12:00:00 AM,3190,1696,1494
10/31/2015 12:00:00 AM,12/21/2015 12:00:00 AM,3190,1696,1494
10/31/2015 12:00:00 AM,12/22/2015 12:00:00 AM,2310,816,1494
10/31/2015 12:00:00 AM,12/23/2015 12:00:00 AM,2310,816,1494
10/31/2015 12:00:00 AM,12/24/2015 12:00:00 AM,2239,816,1423
10/31/2015 12:00:00 AM,12/25/2015 12:00:00 AM,2853,816,2037
10/31/2015 12:00:00 AM,12/26/2015 12:00:00 AM,2853,816,2037
10/31/2015 12:00:00 AM,12/27/2015 12:00:00 AM,2853,816,2037
10/31/2015 12:00:00 AM,12/28/2015 12:00:00 AM,2853,816,2037
10/31/2015 12:00:00 AM,12/29/2015 12:00:00 AM,2853,816,2037
10/31/2015 12:00:00 AM,12/30/2015 12:00:00 AM,2067,816,1251
10/31/2015 12:00:00 AM,12/31/2015 12:00:00 AM,2067,816,1251
10/31/2015 12:00:00 AM,1/1/2016 12:00:00 AM,2008,816,1192
10/31/2015 12:00:00 AM,1/2/2016 12:00:00 AM,1356,766,590
10/31/2015 12:00:00 AM,1/3/2016 12:00:00 AM,1356,766,590
10/31/2015 12:00:00 AM,1/4/2016 12:00:00 AM,1356,766,590
10/31/2015 12:00:00 AM,1/5/2016 12:00:00 AM,1356,766,590
10/31/2015 12:00:00 AM,1/6/2016 12:00:00 AM,1356,766,590
10/31/2015 12:00:00 AM,1/7/2016 12:00:00 AM,1356,766,590
10/31/2015 12:00:00 AM,1/8/2016 12:00:00 AM,1356,766,590
10/31/2015 12:00:00 AM,1/9/2016 12:00:00 AM,1356,766,590
10/31/2015 12:00:00 AM,1/10/2016 12:00:00 AM,1356,766,590
10/31/2015 12:00:00 AM,1/11/2016 12:00:00 AM,854,766,88
10/31/2015 12:00:00 AM,1/12/2016 12:00:00 AM,854,766,88
10/31/2015 12:00:00 AM,1/13/2016 12:00:00 AM,854,766,88
10/31/2015 12:00:00 AM,1/14/2016 12:00:00 AM,854,766,88
10/31/2015 12:00:00 AM,1/15/2016 12:00:00 AM,827,766,61
10/31/2015 12:00:00 AM,1/16/2016 12:00:00 AM,815,766,49
10/31/2015 12:00:00 AM,1/17/2016 12:00:00 AM,828,766,62
10/31/2015 12:00:00 AM,1/18/2016 12:00:00 AM,900,766,134
10/31/2015 12:00:00 AM,1/19/2016 12:00:00 AM,900,766,134
10/31/2015 12:00:00 AM,1/20/2016 12:00:00 AM,900,766,134
10/31/2015 12:00:00 AM,1/21/2016 12:00:00 AM,900,766,134
10/31/2015 12:00:00 AM,1/22/2016 12:00:00 AM,900,766,134
10/31/2015 12:00:00 AM,1/23/2016 12:00:00 AM,900,766,134
10/31/2015 12:00:00 AM,1/24/2016 12:00:00 AM,900,766,134
10/31/2015 12:00:00 AM,1/25/2016 12:00:00 AM,887,766,121
10/31/2015 12:00:00 AM,1/26/2016 12:00:00 AM,887,766,121
10/31/2015 12:00:00 AM,1/27/2016 12:00:00 AM,887,766,121
10/31/2015 12:00:00 AM,1/28/2016 12:00:00 AM,887,766,121
10/31/2015 12:00:00 AM,1/29/2016 12:00:00 AM,887,766,121
10/31/2015 12:00:00 AM,1/30/2016 12:00:00 AM,1656,1535,121
10/30/2015 12:00:00 AM,10/31/2015 12:00:00 AM,35731,13442,22289
10/30/2015 12:00:00 AM,11/1/2015 12:00:00 AM,37348,14445,22903
10/30/2015 12:00:00 AM,11/2/2015 12:00:00 AM,38822,16666,22156
10/30/2015 12:00:00 AM,11/3/2015 12:00:00 AM,36697,15807,20890
10/30/2015 12:00:00 AM,11/4/2015 12:00:00 AM,36331,15062,21269
10/30/2015 12:00:00 AM,11/5/2015 12:00:00 AM,33586,14393,19193
10/30/2015 12:00:00 AM,11/6/2015 12:00:00 AM,33547,14393,19154
10/30/2015 12:00:00 AM,11/7/2015 12:00:00 AM,33163,14343,18820
10/30/2015 12:00:00 AM,11/8/2015 12:00:00 AM,33752,14419,19333
10/30/2015 12:00:00 AM,11/9/2015 12:00:00 AM,32765,14251,18514
10/30/2015 12:00:00 AM,11/10/2015 12:00:00 AM,31043,12936,18107
10/30/2015 12:00:00 AM,11/11/2015 12:00:00 AM,30879,12881,17998
10/30/2015 12:00:00 AM,11/12/2015 12:00:00 AM,30759,12881,17878
10/30/2015 12:00:00 AM,11/13/2015 12:00:00 AM,29511,12230,17281
10/30/2015 12:00:00 AM,11/14/2015 12:00:00 AM,31093,14084,17009
10/30/2015 12:00:00 AM,11/15/2015 12:00:00 AM,30056,13743,16313
10/30/2015 12:00:00 AM,11/16/2015 12:00:00 AM,28274,13430,14844
10/30/2015 12:00:00 AM,11/17/2015 12:00:00 AM,25555,11540,14015
10/30/2015 12:00:00 AM,11/18/2015 12:00:00 AM,25857,11540,14317
10/30/2015 12:00:00 AM,11/19/2015 12:00:00 AM,23954,11540,12414
10/30/2015 12:00:00 AM,11/20/2015 12:00:00 AM,23519,11390,12129
10/30/2015 12:00:00 AM,11/21/2015 12:00:00 AM,22313,11244,11069
10/30/2015 12:00:00 AM,11/22/2015 12:00:00 AM,22004,11123,10881
10/30/2015 12:00:00 AM,11/23/2015 12:00:00 AM,17800,8239,9561
10/30/2015 12:00:00 AM,11/24/2015 12:00:00 AM,15310,6207,9103
10/30/2015 12:00:00 AM,11/25/2015 12:00:00 AM,12728,4427,8301
10/30/2015 12:00:00 AM,11/26/2015 12:00:00 AM,11857,4427,7430
10/30/2015 12:00:00 AM,11/27/2015 12:00:00 AM,11992,4427,7565
10/30/2015 12:00:00 AM,11/28/2015 12:00:00 AM,10261,4354,5907
10/30/2015 12:00:00 AM,11/29/2015 12:00:00 AM,10412,4354,6058
10/30/2015 12:00:00 AM,11/30/2015 12:00:00 AM,10757,4354,6403
10/30/2015 12:00:00 AM,12/1/2015 12:00:00 AM,9311,4339,4972
10/30/2015 12:00:00 AM,12/2/2015 12:00:00 AM,8726,3754,4972
10/30/2015 12:00:00 AM,12/3/2015 12:00:00 AM,8694,3754,4940
10/30/2015 12:00:00 AM,12/4/2015 12:00:00 AM,7852,3754,4098
10/30/2015 12:00:00 AM,12/5/2015 12:00:00 AM,9532,5479,4053
10/30/2015 12:00:00 AM,12/6/2015 12:00:00 AM,9374,5479,3895
10/30/2015 12:00:00 AM,12/7/2015 12:00:00 AM,9660,5538,4122
10/30/2015 12:00:00 AM,12/8/2015 12:00:00 AM,8060,4238,3822
10/30/2015 12:00:00 AM,12/9/2015 12:00:00 AM,8060,4238,3822
10/30/2015 12:00:00 AM,12/10/2015 12:00:00 AM,8060,4238,3822
10/30/2015 12:00:00 AM,12/11/2015 12:00:00 AM,7459,3637,3822
10/30/2015 12:00:00 AM,12/12/2015 12:00:00 AM,7908,4163,3745
10/30/2015 12:00:00 AM,12/13/2015 12:00:00 AM,7612,4163,3449
10/30/2015 12:00:00 AM,12/14/2015 12:00:00 AM,7496,4163,3333
10/30/2015 12:00:00 AM,12/15/2015 12:00:00 AM,4054,2438,1616
10/30/2015 12:00:00 AM,12/16/2015 12:00:00 AM,4054,2438,1616
10/30/2015 12:00:00 AM,12/17/2015 12:00:00 AM,4054,2438,1616
10/30/2015 12:00:00 AM,12/18/2015 12:00:00 AM,3312,1696,1616
10/30/2015 12:00:00 AM,12/19/2015 12:00:00 AM,3299,1696,1603
10/30/2015 12:00:00 AM,12/20/2015 12:00:00 AM,3190,1696,1494
10/30/2015 12:00:00 AM,12/21/2015 12:00:00 AM,3190,1696,1494
10/30/2015 12:00:00 AM,12/22/2015 12:00:00 AM,2310,816,1494
10/30/2015 12:00:00 AM,12/23/2015 12:00:00 AM,2310,816,1494
10/30/2015 12:00:00 AM,12/24/2015 12:00:00 AM,2239,816,1423
10/30/2015 12:00:00 AM,12/25/2015 12:00:00 AM,2853,816,2037
10/30/2015 12:00:00 AM,12/26/2015 12:00:00 AM,2853,816,2037
10/30/2015 12:00:00 AM,12/27/2015 12:00:00 AM,2853,816,2037
10/30/2015 12:00:00 AM,12/28/2015 12:00:00 AM,2853,816,2037
10/30/2015 12:00:00 AM,12/29/2015 12:00:00 AM,2853,816,2037
10/30/2015 12:00:00 AM,12/30/2015 12:00:00 AM,2067,816,1251
10/30/2015 12:00:00 AM,12/31/2015 12:00:00 AM,2067,816,1251
10/30/2015 12:00:00 AM,1/1/2016 12:00:00 AM,2008,816,1192
10/30/2015 12:00:00 AM,1/2/2016 12:00:00 AM,1356,766,590
10/30/2015 12:00:00 AM,1/3/2016 12:00:00 AM,1356,766,590
10/30/2015 12:00:00 AM,1/4/2016 12:00:00 AM,1356,766,590
10/30/2015 12:00:00 AM,1/5/2016 12:00:00 AM,1356,766,590
10/30/2015 12:00:00 AM,1/6/2016 12:00:00 AM,1356,766,590
10/30/2015 12:00:00 AM,1/7/2016 12:00:00 AM,1356,766,590
10/30/2015 12:00:00 AM,1/8/2016 12:00:00 AM,1356,766,590
10/30/2015 12:00:00 AM,1/9/2016 12:00:00 AM,1356,766,590
10/30/2015 12:00:00 AM,1/10/2016 12:00:00 AM,1356,766,590
10/30/2015 12:00:00 AM,1/11/2016 12:00:00 AM,854,766,88
10/30/2015 12:00:00 AM,1/12/2016 12:00:00 AM,854,766,88
10/30/2015 12:00:00 AM,1/13/2016 12:00:00 AM,854,766,88
10/30/2015 12:00:00 AM,1/14/2016 12:00:00 AM,854,766,88
10/30/2015 12:00:00 AM,1/15/2016 12:00:00 AM,827,766,61
10/30/2015 12:00:00 AM,1/16/2016 12:00:00 AM,815,766,49
10/30/2015 12:00:00 AM,1/17/2016 12:00:00 AM,828,766,62
10/30/2015 12:00:00 AM,1/18/2016 12:00:00 AM,900,766,134
10/30/2015 12:00:00 AM,1/19/2016 12:00:00 AM,900,766,134
10/30/2015 12:00:00 AM,1/20/2016 12:00:00 AM,900,766,134
10/30/2015 12:00:00 AM,1/21/2016 12:00:00 AM,900,766,134
10/30/2015 12:00:00 AM,1/22/2016 12:00:00 AM,900,766,134
10/30/2015 12:00:00 AM,1/23/2016 12:00:00 AM,900,766,134
10/30/2015 12:00:00 AM,1/24/2016 12:00:00 AM,900,766,134
10/30/2015 12:00:00 AM,1/25/2016 12:00:00 AM,887,766,121
10/30/2015 12:00:00 AM,1/26/2016 12:00:00 AM,887,766,121
10/30/2015 12:00:00 AM,1/27/2016 12:00:00 AM,887,766,121
10/30/2015 12:00:00 AM,1/28/2016 12:00:00 AM,887,766,121
10/30/2015 12:00:00 AM,1/29/2016 12:00:00 AM,887,766,121
10/29/2015 12:00:00 AM,10/30/2015 12:00:00 AM,34641,14323,20318
10/29/2015 12:00:00 AM,10/31/2015 12:00:00 AM,36650,14307,22343
10/29/2015 12:00:00 AM,11/1/2015 12:00:00 AM,37742,15310,22432
10/29/2015 12:00:00 AM,11/2/2015 12:00:00 AM,39216,17531,21685
10/29/2015 12:00:00 AM,11/3/2015 12:00:00 AM,36316,15372,20944
10/29/2015 12:00:00 AM,11/4/2015 12:00:00 AM,35950,14627,21323
10/29/2015 12:00:00 AM,11/5/2015 12:00:00 AM,33205,13958,19247
10/29/2015 12:00:00 AM,11/6/2015 12:00:00 AM,33166,13958,19208
10/29/2015 12:00:00 AM,11/7/2015 12:00:00 AM,32782,13908,18874
10/29/2015 12:00:00 AM,11/8/2015 12:00:00 AM,33371,13984,19387
10/29/2015 12:00:00 AM,11/9/2015 12:00:00 AM,32384,13816,18568
10/29/2015 12:00:00 AM,11/10/2015 12:00:00 AM,30607,12501,18106
10/29/2015 12:00:00 AM,11/11/2015 12:00:00 AM,30443,12446,17997
10/29/2015 12:00:00 AM,11/12/2015 12:00:00 AM,29107,12572,16535
10/29/2015 12:00:00 AM,11/13/2015 12:00:00 AM,27859,11921,15938
10/29/2015 12:00:00 AM,11/14/2015 12:00:00 AM,29780,14114,15666
10/29/2015 12:00:00 AM,11/15/2015 12:00:00 AM,28743,13773,14970
10/29/2015 12:00:00 AM,11/16/2015 12:00:00 AM,26961,13460,13501
10/29/2015 12:00:00 AM,11/17/2015 12:00:00 AM,24267,11570,12697
10/29/2015 12:00:00 AM,11/18/2015 12:00:00 AM,24569,11570,12999
10/29/2015 12:00:00 AM,11/19/2015 12:00:00 AM,22666,11570,11096
10/29/2015 12:00:00 AM,11/20/2015 12:00:00 AM,22231,11420,10811
10/29/2015 12:00:00 AM,11/21/2015 12:00:00 AM,21025,11274,9751
10/29/2015 12:00:00 AM,11/22/2015 12:00:00 AM,20716,11153,9563
10/29/2015 12:00:00 AM,11/23/2015 12:00:00 AM,16977,8734,8243
10/29/2015 12:00:00 AM,11/24/2015 12:00:00 AM,14487,6702,7785
10/29/2015 12:00:00 AM,11/25/2015 12:00:00 AM,11875,4892,6983
10/29/2015 12:00:00 AM,11/26/2015 12:00:00 AM,11004,4892,6112
10/29/2015 12:00:00 AM,11/27/2015 12:00:00 AM,11139,4892,6247
10/29/2015 12:00:00 AM,11/28/2015 12:00:00 AM,10750,4819,5931
10/29/2015 12:00:00 AM,11/29/2015 12:00:00 AM,10901,4819,6082
10/29/2015 12:00:00 AM,11/30/2015 12:00:00 AM,11222,4819,6403
10/29/2015 12:00:00 AM,12/1/2015 12:00:00 AM,9776,4804,4972
10/29/2015 12:00:00 AM,12/2/2015 12:00:00 AM,9191,4219,4972
10/29/2015 12:00:00 AM,12/3/2015 12:00:00 AM,9159,4219,4940
10/29/2015 12:00:00 AM,12/4/2015 12:00:00 AM,8317,4219,4098
10/29/2015 12:00:00 AM,12/5/2015 12:00:00 AM,9997,5944,4053
10/29/2015 12:00:00 AM,12/6/2015 12:00:00 AM,9839,5944,3895
10/29/2015 12:00:00 AM,12/7/2015 12:00:00 AM,9999,5877,4122
10/29/2015 12:00:00 AM,12/8/2015 12:00:00 AM,8060,4238,3822
10/29/2015 12:00:00 AM,12/9/2015 12:00:00 AM,8060,4238,3822
10/29/2015 12:00:00 AM,12/10/2015 12:00:00 AM,8060,4238,3822
10/29/2015 12:00:00 AM,12/11/2015 12:00:00 AM,7459,3637,3822
10/29/2015 12:00:00 AM,12/12/2015 12:00:00 AM,7908,4163,3745
10/29/2015 12:00:00 AM,12/13/2015 12:00:00 AM,7612,4163,3449
10/29/2015 12:00:00 AM,12/14/2015 12:00:00 AM,7496,4163,3333
10/29/2015 12:00:00 AM,12/15/2015 12:00:00 AM,4054,2438,1616
10/29/2015 12:00:00 AM,12/16/2015 12:00:00 AM,4054,2438,1616
10/29/2015 12:00:00 AM,12/17/2015 12:00:00 AM,4054,2438,1616
10/29/2015 12:00:00 AM,12/18/2015 12:00:00 AM,3312,1696,1616
10/29/2015 12:00:00 AM,12/19/2015 12:00:00 AM,3299,1696,1603
10/29/2015 12:00:00 AM,12/20/2015 12:00:00 AM,3190,1696,1494
10/29/2015 12:00:00 AM,12/21/2015 12:00:00 AM,3190,1696,1494
10/29/2015 12:00:00 AM,12/22/2015 12:00:00 AM,2310,816,1494
10/29/2015 12:00:00 AM,12/23/2015 12:00:00 AM,2310,816,1494
10/29/2015 12:00:00 AM,12/24/2015 12:00:00 AM,2239,816,1423
10/29/2015 12:00:00 AM,12/25/2015 12:00:00 AM,2853,816,2037
10/29/2015 12:00:00 AM,12/26/2015 12:00:00 AM,2853,816,2037
10/29/2015 12:00:00 AM,12/27/2015 12:00:00 AM,2853,816,2037
10/29/2015 12:00:00 AM,12/28/2015 12:00:00 AM,2853,816,2037
10/29/2015 12:00:00 AM,12/29/2015 12:00:00 AM,2853,816,2037
10/29/2015 12:00:00 AM,12/30/2015 12:00:00 AM,2067,816,1251
10/29/2015 12:00:00 AM,12/31/2015 12:00:00 AM,2067,816,1251
10/29/2015 12:00:00 AM,1/1/2016 12:00:00 AM,2008,816,1192
10/29/2015 12:00:00 AM,1/2/2016 12:00:00 AM,1356,766,590
10/29/2015 12:00:00 AM,1/3/2016 12:00:00 AM,1356,766,590
10/29/2015 12:00:00 AM,1/4/2016 12:00:00 AM,1356,766,590
10/29/2015 12:00:00 AM,1/5/2016 12:00:00 AM,1356,766,590
10/29/2015 12:00:00 AM,1/6/2016 12:00:00 AM,1356,766,590
10/29/2015 12:00:00 AM,1/7/2016 12:00:00 AM,1356,766,590
10/29/2015 12:00:00 AM,1/8/2016 12:00:00 AM,1356,766,590
10/29/2015 12:00:00 AM,1/9/2016 12:00:00 AM,1356,766,590
10/29/2015 12:00:00 AM,1/10/2016 12:00:00 AM,1356,766,590
10/29/2015 12:00:00 AM,1/11/2016 12:00:00 AM,854,766,88
10/29/2015 12:00:00 AM,1/12/2016 12:00:00 AM,854,766,88
10/29/2015 12:00:00 AM,1/13/2016 12:00:00 AM,854,766,88
10/29/2015 12:00:00 AM,1/14/2016 12:00:00 AM,854,766,88
10/29/2015 12:00:00 AM,1/15/2016 12:00:00 AM,827,766,61
10/29/2015 12:00:00 AM,1/16/2016 12:00:00 AM,815,766,49
10/29/2015 12:00:00 AM,1/17/2016 12:00:00 AM,828,766,62
10/29/2015 12:00:00 AM,1/18/2016 12:00:00 AM,900,766,134
10/29/2015 12:00:00 AM,1/19/2016 12:00:00 AM,900,766,134
10/29/2015 12:00:00 AM,1/20/2016 12:00:00 AM,900,766,134
10/29/2015 12:00:00 AM,1/21/2016 12:00:00 AM,900,766,134
10/29/2015 12:00:00 AM,1/22/2016 12:00:00 AM,900,766,134
10/29/2015 12:00:00 AM,1/23/2016 12:00:00 AM,900,766,134
10/29/2015 12:00:00 AM,1/24/2016 12:00:00 AM,900,766,134
10/29/2015 12:00:00 AM,1/25/2016 12:00:00 AM,887,766,121
10/29/2015 12:00:00 AM,1/26/2016 12:00:00 AM,887,766,121
10/29/2015 12:00:00 AM,1/27/2016 12:00:00 AM,887,766,121
10/29/2015 12:00:00 AM,1/28/2016 12:00:00 AM,887,766,121
10/28/2015 12:00:00 AM,10/29/2015 12:00:00 AM,32428,14642,17786
10/28/2015 12:00:00 AM,10/30/2015 12:00:00 AM,34713,14323,20390
10/28/2015 12:00:00 AM,10/31/2015 12:00:00 AM,36853,14255,22598
10/28/2015 12:00:00 AM,11/1/2015 12:00:00 AM,36844,15258,21586
10/28/2015 12:00:00 AM,11/2/2015 12:00:00 AM,37657,17479,20178
10/28/2015 12:00:00 AM,11/3/2015 12:00:00 AM,34757,15320,19437
10/28/2015 12:00:00 AM,11/4/2015 12:00:00 AM,34123,14575,19548
10/28/2015 12:00:00 AM,11/5/2015 12:00:00 AM,32479,13906,18573
10/28/2015 12:00:00 AM,11/6/2015 12:00:00 AM,32440,13906,18534
10/28/2015 12:00:00 AM,11/7/2015 12:00:00 AM,32056,13856,18200
10/28/2015 12:00:00 AM,11/8/2015 12:00:00 AM,32645,13932,18713
10/28/2015 12:00:00 AM,11/9/2015 12:00:00 AM,31626,13764,17862
10/28/2015 12:00:00 AM,11/10/2015 12:00:00 AM,29849,12449,17400
10/28/2015 12:00:00 AM,11/11/2015 12:00:00 AM,29580,12289,17291
10/28/2015 12:00:00 AM,11/12/2015 12:00:00 AM,28244,12415,15829
10/28/2015 12:00:00 AM,11/13/2015 12:00:00 AM,26996,11764,15232
10/28/2015 12:00:00 AM,11/14/2015 12:00:00 AM,28917,13957,14960
10/28/2015 12:00:00 AM,11/15/2015 12:00:00 AM,27880,13616,14264
10/28/2015 12:00:00 AM,11/16/2015 12:00:00 AM,26098,13303,12795
10/28/2015 12:00:00 AM,11/17/2015 12:00:00 AM,23404,11413,11991
10/28/2015 12:00:00 AM,11/18/2015 12:00:00 AM,23706,11413,12293
10/28/2015 12:00:00 AM,11/19/2015 12:00:00 AM,21803,11413,10390
10/28/2015 12:00:00 AM,11/20/2015 12:00:00 AM,21368,11263,10105
10/28/2015 12:00:00 AM,11/21/2015 12:00:00 AM,20162,11117,9045
10/28/2015 12:00:00 AM,11/22/2015 12:00:00 AM,19853,10996,8857
10/28/2015 12:00:00 AM,11/23/2015 12:00:00 AM,16114,8577,7537
10/28/2015 12:00:00 AM,11/24/2015 12:00:00 AM,13624,6545,7079
10/28/2015 12:00:00 AM,11/25/2015 12:00:00 AM,11012,4735,6277
10/28/2015 12:00:00 AM,11/26/2015 12:00:00 AM,10077,4735,5342
10/28/2015 12:00:00 AM,11/27/2015 12:00:00 AM,10212,4735,5477
10/28/2015 12:00:00 AM,11/28/2015 12:00:00 AM,9823,4662,5161
10/28/2015 12:00:00 AM,11/29/2015 12:00:00 AM,9974,4662,5312
10/28/2015 12:00:00 AM,11/30/2015 12:00:00 AM,10295,4662,5633
10/28/2015 12:00:00 AM,12/1/2015 12:00:00 AM,9587,4647,4940
10/28/2015 12:00:00 AM,12/2/2015 12:00:00 AM,9002,4062,4940
10/28/2015 12:00:00 AM,12/3/2015 12:00:00 AM,9002,4062,4940
10/28/2015 12:00:00 AM,12/4/2015 12:00:00 AM,8160,4062,4098
10/28/2015 12:00:00 AM,12/5/2015 12:00:00 AM,9840,5787,4053
10/28/2015 12:00:00 AM,12/6/2015 12:00:00 AM,9682,5787,3895
10/28/2015 12:00:00 AM,12/7/2015 12:00:00 AM,9842,5720,4122
10/28/2015 12:00:00 AM,12/8/2015 12:00:00 AM,7903,4081,3822
10/28/2015 12:00:00 AM,12/9/2015 12:00:00 AM,7903,4081,3822
10/28/2015 12:00:00 AM,12/10/2015 12:00:00 AM,7903,4081,3822
10/28/2015 12:00:00 AM,12/11/2015 12:00:00 AM,7302,3480,3822
10/28/2015 12:00:00 AM,12/12/2015 12:00:00 AM,7751,4006,3745
10/28/2015 12:00:00 AM,12/13/2015 12:00:00 AM,7455,4006,3449
10/28/2015 12:00:00 AM,12/14/2015 12:00:00 AM,7339,4006,3333
10/28/2015 12:00:00 AM,12/15/2015 12:00:00 AM,3897,2281,1616
10/28/2015 12:00:00 AM,12/16/2015 12:00:00 AM,3897,2281,1616
10/28/2015 12:00:00 AM,12/17/2015 12:00:00 AM,3897,2281,1616
10/28/2015 12:00:00 AM,12/18/2015 12:00:00 AM,3312,1696,1616
10/28/2015 12:00:00 AM,12/19/2015 12:00:00 AM,3299,1696,1603
10/28/2015 12:00:00 AM,12/20/2015 12:00:00 AM,3190,1696,1494
10/28/2015 12:00:00 AM,12/21/2015 12:00:00 AM,3190,1696,1494
10/28/2015 12:00:00 AM,12/22/2015 12:00:00 AM,2310,816,1494
10/28/2015 12:00:00 AM,12/23/2015 12:00:00 AM,2310,816,1494
10/28/2015 12:00:00 AM,12/24/2015 12:00:00 AM,2239,816,1423
10/28/2015 12:00:00 AM,12/25/2015 12:00:00 AM,2853,816,2037
10/28/2015 12:00:00 AM,12/26/2015 12:00:00 AM,2853,816,2037
10/28/2015 12:00:00 AM,12/27/2015 12:00:00 AM,2853,816,2037
10/28/2015 12:00:00 AM,12/28/2015 12:00:00 AM,2853,816,2037
10/28/2015 12:00:00 AM,12/29/2015 12:00:00 AM,2853,816,2037
10/28/2015 12:00:00 AM,12/30/2015 12:00:00 AM,2067,816,1251
10/28/2015 12:00:00 AM,12/31/2015 12:00:00 AM,2067,816,1251
10/28/2015 12:00:00 AM,1/1/2016 12:00:00 AM,2008,816,1192
10/28/2015 12:00:00 AM,1/2/2016 12:00:00 AM,1356,766,590
10/28/2015 12:00:00 AM,1/3/2016 12:00:00 AM,1356,766,590
10/28/2015 12:00:00 AM,1/4/2016 12:00:00 AM,1356,766,590
10/28/2015 12:00:00 AM,1/5/2016 12:00:00 AM,1356,766,590
10/28/2015 12:00:00 AM,1/6/2016 12:00:00 AM,1356,766,590
10/28/2015 12:00:00 AM,1/7/2016 12:00:00 AM,1356,766,590
10/28/2015 12:00:00 AM,1/8/2016 12:00:00 AM,1356,766,590
10/28/2015 12:00:00 AM,1/9/2016 12:00:00 AM,1356,766,590
10/28/2015 12:00:00 AM,1/10/2016 12:00:00 AM,1356,766,590
10/28/2015 12:00:00 AM,1/11/2016 12:00:00 AM,854,766,88
10/28/2015 12:00:00 AM,1/12/2016 12:00:00 AM,854,766,88
10/28/2015 12:00:00 AM,1/13/2016 12:00:00 AM,854,766,88
10/28/2015 12:00:00 AM,1/14/2016 12:00:00 AM,854,766,88
10/28/2015 12:00:00 AM,1/15/2016 12:00:00 AM,827,766,61
10/28/2015 12:00:00 AM,1/16/2016 12:00:00 AM,815,766,49
10/28/2015 12:00:00 AM,1/17/2016 12:00:00 AM,828,766,62
10/28/2015 12:00:00 AM,1/18/2016 12:00:00 AM,828,766,62
10/28/2015 12:00:00 AM,1/19/2016 12:00:00 AM,828,766,62
10/28/2015 12:00:00 AM,1/20/2016 12:00:00 AM,828,766,62
10/28/2015 12:00:00 AM,1/21/2016 12:00:00 AM,828,766,62
10/28/2015 12:00:00 AM,1/22/2016 12:00:00 AM,828,766,62
10/28/2015 12:00:00 AM,1/23/2016 12:00:00 AM,828,766,62
10/28/2015 12:00:00 AM,1/24/2016 12:00:00 AM,828,766,62
10/28/2015 12:00:00 AM,1/25/2016 12:00:00 AM,815,766,49
10/28/2015 12:00:00 AM,1/26/2016 12:00:00 AM,815,766,49
10/28/2015 12:00:00 AM,1/27/2016 12:00:00 AM,815,766,49
10/27/2015 12:00:00 AM,10/28/2015 12:00:00 AM,32401,14568,17833
10/27/2015 12:00:00 AM,10/29/2015 12:00:00 AM,32238,14452,17786
10/27/2015 12:00:00 AM,10/30/2015 12:00:00 AM,34713,14323,20390
10/27/2015 12:00:00 AM,10/31/2015 12:00:00 AM,37331,14765,22566
10/27/2015 12:00:00 AM,11/1/2015 12:00:00 AM,37322,15768,21554
10/27/2015 12:00:00 AM,11/2/2015 12:00:00 AM,38135,17989,20146
10/27/2015 12:00:00 AM,11/3/2015 12:00:00 AM,35235,15830,19405
10/27/2015 12:00:00 AM,11/4/2015 12:00:00 AM,34601,15085,19516
10/27/2015 12:00:00 AM,11/5/2015 12:00:00 AM,32957,14416,18541
10/27/2015 12:00:00 AM,11/6/2015 12:00:00 AM,32918,14416,18502
10/27/2015 12:00:00 AM,11/7/2015 12:00:00 AM,32534,14366,18168
10/27/2015 12:00:00 AM,11/8/2015 12:00:00 AM,33123,14442,18681
10/27/2015 12:00:00 AM,11/9/2015 12:00:00 AM,31809,14274,17535
10/27/2015 12:00:00 AM,11/10/2015 12:00:00 AM,30032,12959,17073
10/27/2015 12:00:00 AM,11/11/2015 12:00:00 AM,29763,12799,16964
10/27/2015 12:00:00 AM,11/12/2015 12:00:00 AM,28427,12925,15502
10/27/2015 12:00:00 AM,11/13/2015 12:00:00 AM,27179,12274,14905
10/27/2015 12:00:00 AM,11/14/2015 12:00:00 AM,29132,14467,14665
10/27/2015 12:00:00 AM,11/15/2015 12:00:00 AM,28095,14126,13969
10/27/2015 12:00:00 AM,11/16/2015 12:00:00 AM,26608,13813,12795
10/27/2015 12:00:00 AM,11/17/2015 12:00:00 AM,23914,11923,11991
10/27/2015 12:00:00 AM,11/18/2015 12:00:00 AM,24216,11923,12293
10/27/2015 12:00:00 AM,11/19/2015 12:00:00 AM,22313,11923,10390
10/27/2015 12:00:00 AM,11/20/2015 12:00:00 AM,21878,11773,10105
10/27/2015 12:00:00 AM,11/21/2015 12:00:00 AM,20672,11627,9045
10/27/2015 12:00:00 AM,11/22/2015 12:00:00 AM,20363,11506,8857
10/27/2015 12:00:00 AM,11/23/2015 12:00:00 AM,16114,8577,7537
10/27/2015 12:00:00 AM,11/24/2015 12:00:00 AM,13624,6545,7079
10/27/2015 12:00:00 AM,11/25/2015 12:00:00 AM,11012,4735,6277
10/27/2015 12:00:00 AM,11/26/2015 12:00:00 AM,10077,4735,5342
10/27/2015 12:00:00 AM,11/27/2015 12:00:00 AM,10212,4735,5477
10/27/2015 12:00:00 AM,11/28/2015 12:00:00 AM,9823,4662,5161
10/27/2015 12:00:00 AM,11/29/2015 12:00:00 AM,9974,4662,5312
10/27/2015 12:00:00 AM,11/30/2015 12:00:00 AM,10295,4662,5633
10/27/2015 12:00:00 AM,12/1/2015 12:00:00 AM,9587,4647,4940
10/27/2015 12:00:00 AM,12/2/2015 12:00:00 AM,9002,4062,4940
10/27/2015 12:00:00 AM,12/3/2015 12:00:00 AM,9002,4062,4940
10/27/2015 12:00:00 AM,12/4/2015 12:00:00 AM,8160,4062,4098
10/27/2015 12:00:00 AM,12/5/2015 12:00:00 AM,9840,5787,4053
10/27/2015 12:00:00 AM,12/6/2015 12:00:00 AM,9682,5787,3895
10/27/2015 12:00:00 AM,12/7/2015 12:00:00 AM,9842,5720,4122
10/27/2015 12:00:00 AM,12/8/2015 12:00:00 AM,7903,4081,3822
10/27/2015 12:00:00 AM,12/9/2015 12:00:00 AM,7903,4081,3822
10/27/2015 12:00:00 AM,12/10/2015 12:00:00 AM,7903,4081,3822
10/27/2015 12:00:00 AM,12/11/2015 12:00:00 AM,7302,3480,3822
10/27/2015 12:00:00 AM,12/12/2015 12:00:00 AM,7751,4006,3745
10/27/2015 12:00:00 AM,12/13/2015 12:00:00 AM,7455,4006,3449
10/27/2015 12:00:00 AM,12/14/2015 12:00:00 AM,7339,4006,3333
10/27/2015 12:00:00 AM,12/15/2015 12:00:00 AM,3897,2281,1616
10/27/2015 12:00:00 AM,12/16/2015 12:00:00 AM,3897,2281,1616
10/27/2015 12:00:00 AM,12/17/2015 12:00:00 AM,3897,2281,1616
10/27/2015 12:00:00 AM,12/18/2015 12:00:00 AM,3312,1696,1616
10/27/2015 12:00:00 AM,12/19/2015 12:00:00 AM,3299,1696,1603
10/27/2015 12:00:00 AM,12/20/2015 12:00:00 AM,3190,1696,1494
10/27/2015 12:00:00 AM,12/21/2015 12:00:00 AM,3190,1696,1494
10/27/2015 12:00:00 AM,12/22/2015 12:00:00 AM,2310,816,1494
10/27/2015 12:00:00 AM,12/23/2015 12:00:00 AM,2310,816,1494
10/27/2015 12:00:00 AM,12/24/2015 12:00:00 AM,2239,816,1423
10/27/2015 12:00:00 AM,12/25/2015 12:00:00 AM,2853,816,2037
10/27/2015 12:00:00 AM,12/26/2015 12:00:00 AM,2853,816,2037
10/27/2015 12:00:00 AM,12/27/2015 12:00:00 AM,2853,816,2037
10/27/2015 12:00:00 AM,12/28/2015 12:00:00 AM,2853,816,2037
10/27/2015 12:00:00 AM,12/29/2015 12:00:00 AM,2853,816,2037
10/27/2015 12:00:00 AM,12/30/2015 12:00:00 AM,2067,816,1251
10/27/2015 12:00:00 AM,12/31/2015 12:00:00 AM,2067,816,1251
10/27/2015 12:00:00 AM,1/1/2016 12:00:00 AM,2008,816,1192
10/27/2015 12:00:00 AM,1/2/2016 12:00:00 AM,1356,766,590
10/27/2015 12:00:00 AM,1/3/2016 12:00:00 AM,1356,766,590
10/27/2015 12:00:00 AM,1/4/2016 12:00:00 AM,1356,766,590
10/27/2015 12:00:00 AM,1/5/2016 12:00:00 AM,1356,766,590
10/27/2015 12:00:00 AM,1/6/2016 12:00:00 AM,1356,766,590
10/27/2015 12:00:00 AM,1/7/2016 12:00:00 AM,1356,766,590
10/27/2015 12:00:00 AM,1/8/2016 12:00:00 AM,1356,766,590
10/27/2015 12:00:00 AM,1/9/2016 12:00:00 AM,1356,766,590
10/27/2015 12:00:00 AM,1/10/2016 12:00:00 AM,1356,766,590
10/27/2015 12:00:00 AM,1/11/2016 12:00:00 AM,854,766,88
10/27/2015 12:00:00 AM,1/12/2016 12:00:00 AM,854,766,88
10/27/2015 12:00:00 AM,1/13/2016 12:00:00 AM,854,766,88
10/27/2015 12:00:00 AM,1/14/2016 12:00:00 AM,854,766,88
10/27/2015 12:00:00 AM,1/15/2016 12:00:00 AM,827,766,61
10/27/2015 12:00:00 AM,1/16/2016 12:00:00 AM,815,766,49
10/27/2015 12:00:00 AM,1/17/2016 12:00:00 AM,828,766,62
10/27/2015 12:00:00 AM,1/18/2016 12:00:00 AM,828,766,62
10/27/2015 12:00:00 AM,1/19/2016 12:00:00 AM,828,766,62
10/27/2015 12:00:00 AM,1/20/2016 12:00:00 AM,828,766,62
10/27/2015 12:00:00 AM,1/21/2016 12:00:00 AM,828,766,62
10/27/2015 12:00:00 AM,1/22/2016 12:00:00 AM,828,766,62
10/27/2015 12:00:00 AM,1/23/2016 12:00:00 AM,828,766,62
10/27/2015 12:00:00 AM,1/24/2016 12:00:00 AM,828,766,62
10/27/2015 12:00:00 AM,1/25/2016 12:00:00 AM,815,766,49
10/27/2015 12:00:00 AM,1/26/2016 12:00:00 AM,815,766,49
10/26/2015 12:00:00 AM,10/27/2015 12:00:00 AM,33195,14888,18307
10/26/2015 12:00:00 AM,10/28/2015 12:00:00 AM,32257,14568,17689
10/26/2015 12:00:00 AM,10/29/2015 12:00:00 AM,31284,14452,16832
10/26/2015 12:00:00 AM,10/30/2015 12:00:00 AM,33759,14323,19436
10/26/2015 12:00:00 AM,10/31/2015 12:00:00 AM,36857,15245,21612
10/26/2015 12:00:00 AM,11/1/2015 12:00:00 AM,36368,15768,20600
10/26/2015 12:00:00 AM,11/2/2015 12:00:00 AM,37945,17989,19956
10/26/2015 12:00:00 AM,11/3/2015 12:00:00 AM,35045,15830,19215
10/26/2015 12:00:00 AM,11/4/2015 12:00:00 AM,34411,15085,19326
10/26/2015 12:00:00 AM,11/5/2015 12:00:00 AM,32767,14416,18351
10/26/2015 12:00:00 AM,11/6/2015 12:00:00 AM,33734,15422,18312
10/26/2015 12:00:00 AM,11/7/2015 12:00:00 AM,33494,15372,18122
10/26/2015 12:00:00 AM,11/8/2015 12:00:00 AM,34083,15448,18635
10/26/2015 12:00:00 AM,11/9/2015 12:00:00 AM,32769,15280,17489
10/26/2015 12:00:00 AM,11/10/2015 12:00:00 AM,29986,12959,17027
10/26/2015 12:00:00 AM,11/11/2015 12:00:00 AM,29717,12799,16918
10/26/2015 12:00:00 AM,11/12/2015 12:00:00 AM,27784,12925,14859
10/26/2015 12:00:00 AM,11/13/2015 12:00:00 AM,27133,12274,14859
10/26/2015 12:00:00 AM,11/14/2015 12:00:00 AM,29132,14467,14665
10/26/2015 12:00:00 AM,11/15/2015 12:00:00 AM,28095,14126,13969
10/26/2015 12:00:00 AM,11/16/2015 12:00:00 AM,26608,13813,12795
10/26/2015 12:00:00 AM,11/17/2015 12:00:00 AM,23914,11923,11991
10/26/2015 12:00:00 AM,11/18/2015 12:00:00 AM,24216,11923,12293
10/26/2015 12:00:00 AM,11/19/2015 12:00:00 AM,22313,11923,10390
10/26/2015 12:00:00 AM,11/20/2015 12:00:00 AM,21878,11773,10105
10/26/2015 12:00:00 AM,11/21/2015 12:00:00 AM,20672,11627,9045
10/26/2015 12:00:00 AM,11/22/2015 12:00:00 AM,20363,11506,8857
10/26/2015 12:00:00 AM,11/23/2015 12:00:00 AM,16114,8577,7537
10/26/2015 12:00:00 AM,11/24/2015 12:00:00 AM,13624,6545,7079
10/26/2015 12:00:00 AM,11/25/2015 12:00:00 AM,11012,4735,6277
10/26/2015 12:00:00 AM,11/26/2015 12:00:00 AM,10077,4735,5342
10/26/2015 12:00:00 AM,11/27/2015 12:00:00 AM,10212,4735,5477
10/26/2015 12:00:00 AM,11/28/2015 12:00:00 AM,9823,4662,5161
10/26/2015 12:00:00 AM,11/29/2015 12:00:00 AM,9974,4662,5312
10/26/2015 12:00:00 AM,11/30/2015 12:00:00 AM,10295,4662,5633
10/26/2015 12:00:00 AM,12/1/2015 12:00:00 AM,9587,4647,4940
10/26/2015 12:00:00 AM,12/2/2015 12:00:00 AM,9002,4062,4940
10/26/2015 12:00:00 AM,12/3/2015 12:00:00 AM,9002,4062,4940
10/26/2015 12:00:00 AM,12/4/2015 12:00:00 AM,8160,4062,4098
10/26/2015 12:00:00 AM,12/5/2015 12:00:00 AM,9840,5787,4053
10/26/2015 12:00:00 AM,12/6/2015 12:00:00 AM,9682,5787,3895
10/26/2015 12:00:00 AM,12/7/2015 12:00:00 AM,9842,5720,4122
10/26/2015 12:00:00 AM,12/8/2015 12:00:00 AM,7903,4081,3822
10/26/2015 12:00:00 AM,12/9/2015 12:00:00 AM,7903,4081,3822
10/26/2015 12:00:00 AM,12/10/2015 12:00:00 AM,7903,4081,3822
10/26/2015 12:00:00 AM,12/11/2015 12:00:00 AM,7302,3480,3822
10/26/2015 12:00:00 AM,12/12/2015 12:00:00 AM,7751,4006,3745
10/26/2015 12:00:00 AM,12/13/2015 12:00:00 AM,7455,4006,3449
10/26/2015 12:00:00 AM,12/14/2015 12:00:00 AM,7339,4006,3333
10/26/2015 12:00:00 AM,12/15/2015 12:00:00 AM,3897,2281,1616
10/26/2015 12:00:00 AM,12/16/2015 12:00:00 AM,3897,2281,1616
10/26/2015 12:00:00 AM,12/17/2015 12:00:00 AM,3897,2281,1616
10/26/2015 12:00:00 AM,12/18/2015 12:00:00 AM,3312,1696,1616
10/26/2015 12:00:00 AM,12/19/2015 12:00:00 AM,3299,1696,1603
10/26/2015 12:00:00 AM,12/20/2015 12:00:00 AM,3190,1696,1494
10/26/2015 12:00:00 AM,12/21/2015 12:00:00 AM,3190,1696,1494
10/26/2015 12:00:00 AM,12/22/2015 12:00:00 AM,2310,816,1494
10/26/2015 12:00:00 AM,12/23/2015 12:00:00 AM,2310,816,1494
10/26/2015 12:00:00 AM,12/24/2015 12:00:00 AM,2239,816,1423
10/26/2015 12:00:00 AM,12/25/2015 12:00:00 AM,2853,816,2037
10/26/2015 12:00:00 AM,12/26/2015 12:00:00 AM,2853,816,2037
10/26/2015 12:00:00 AM,12/27/2015 12:00:00 AM,2853,816,2037
10/26/2015 12:00:00 AM,12/28/2015 12:00:00 AM,2853,816,2037
10/26/2015 12:00:00 AM,12/29/2015 12:00:00 AM,2853,816,2037
10/26/2015 12:00:00 AM,12/30/2015 12:00:00 AM,2067,816,1251
10/26/2015 12:00:00 AM,12/31/2015 12:00:00 AM,2067,816,1251
10/26/2015 12:00:00 AM,1/1/2016 12:00:00 AM,2008,816,1192
10/26/2015 12:00:00 AM,1/2/2016 12:00:00 AM,1356,766,590
10/26/2015 12:00:00 AM,1/3/2016 12:00:00 AM,1356,766,590
10/26/2015 12:00:00 AM,1/4/2016 12:00:00 AM,1356,766,590
10/26/2015 12:00:00 AM,1/5/2016 12:00:00 AM,1356,766,590
10/26/2015 12:00:00 AM,1/6/2016 12:00:00 AM,1356,766,590
10/26/2015 12:00:00 AM,1/7/2016 12:00:00 AM,1356,766,590
10/26/2015 12:00:00 AM,1/8/2016 12:00:00 AM,1356,766,590
10/26/2015 12:00:00 AM,1/9/2016 12:00:00 AM,1356,766,590
10/26/2015 12:00:00 AM,1/10/2016 12:00:00 AM,1356,766,590
10/26/2015 12:00:00 AM,1/11/2016 12:00:00 AM,854,766,88
10/26/2015 12:00:00 AM,1/12/2016 12:00:00 AM,854,766,88
10/26/2015 12:00:00 AM,1/13/2016 12:00:00 AM,854,766,88
10/26/2015 12:00:00 AM,1/14/2016 12:00:00 AM,854,766,88
10/26/2015 12:00:00 AM,1/15/2016 12:00:00 AM,827,766,61
10/26/2015 12:00:00 AM,1/16/2016 12:00:00 AM,815,766,49
10/26/2015 12:00:00 AM,1/17/2016 12:00:00 AM,828,766,62
10/26/2015 12:00:00 AM,1/18/2016 12:00:00 AM,828,766,62
10/26/2015 12:00:00 AM,1/19/2016 12:00:00 AM,828,766,62
10/26/2015 12:00:00 AM,1/20/2016 12:00:00 AM,828,766,62
10/26/2015 12:00:00 AM,1/21/2016 12:00:00 AM,828,766,62
10/26/2015 12:00:00 AM,1/22/2016 12:00:00 AM,828,766,62
10/26/2015 12:00:00 AM,1/23/2016 12:00:00 AM,828,766,62
10/26/2015 12:00:00 AM,1/24/2016 12:00:00 AM,828,766,62
10/26/2015 12:00:00 AM,1/25/2016 12:00:00 AM,815,766,49
10/25/2015 12:00:00 AM,10/26/2015 12:00:00 AM,37096,16734,20362
10/25/2015 12:00:00 AM,10/27/2015 12:00:00 AM,33341,14972,18369
10/25/2015 12:00:00 AM,10/28/2015 12:00:00 AM,32403,14652,17751
10/25/2015 12:00:00 AM,10/29/2015 12:00:00 AM,30620,13726,16894
10/25/2015 12:00:00 AM,10/30/2015 12:00:00 AM,33905,14407,19498
10/25/2015 12:00:00 AM,10/31/2015 12:00:00 AM,36941,15329,21612
10/25/2015 12:00:00 AM,11/1/2015 12:00:00 AM,36452,15852,20600
10/25/2015 12:00:00 AM,11/2/2015 12:00:00 AM,37945,17989,19956
10/25/2015 12:00:00 AM,11/3/2015 12:00:00 AM,35045,15830,19215
10/25/2015 12:00:00 AM,11/4/2015 12:00:00 AM,34411,15085,19326
10/25/2015 12:00:00 AM,11/5/2015 12:00:00 AM,32767,14416,18351
10/25/2015 12:00:00 AM,11/6/2015 12:00:00 AM,33734,15422,18312
10/25/2015 12:00:00 AM,11/7/2015 12:00:00 AM,33494,15372,18122
10/25/2015 12:00:00 AM,11/8/2015 12:00:00 AM,34083,15448,18635
10/25/2015 12:00:00 AM,11/9/2015 12:00:00 AM,32769,15280,17489
10/25/2015 12:00:00 AM,11/10/2015 12:00:00 AM,29986,12959,17027
10/25/2015 12:00:00 AM,11/11/2015 12:00:00 AM,29717,12799,16918
10/25/2015 12:00:00 AM,11/12/2015 12:00:00 AM,27784,12925,14859
10/25/2015 12:00:00 AM,11/13/2015 12:00:00 AM,27133,12274,14859
10/25/2015 12:00:00 AM,11/14/2015 12:00:00 AM,29132,14467,14665
10/25/2015 12:00:00 AM,11/15/2015 12:00:00 AM,28095,14126,13969
10/25/2015 12:00:00 AM,11/16/2015 12:00:00 AM,26608,13813,12795
10/25/2015 12:00:00 AM,11/17/2015 12:00:00 AM,23914,11923,11991
10/25/2015 12:00:00 AM,11/18/2015 12:00:00 AM,24216,11923,12293
10/25/2015 12:00:00 AM,11/19/2015 12:00:00 AM,22313,11923,10390
10/25/2015 12:00:00 AM,11/20/2015 12:00:00 AM,21878,11773,10105
10/25/2015 12:00:00 AM,11/21/2015 12:00:00 AM,20672,11627,9045
10/25/2015 12:00:00 AM,11/22/2015 12:00:00 AM,20363,11506,8857
10/25/2015 12:00:00 AM,11/23/2015 12:00:00 AM,16114,8577,7537
10/25/2015 12:00:00 AM,11/24/2015 12:00:00 AM,13624,6545,7079
10/25/2015 12:00:00 AM,11/25/2015 12:00:00 AM,11012,4735,6277
10/25/2015 12:00:00 AM,11/26/2015 12:00:00 AM,10077,4735,5342
10/25/2015 12:00:00 AM,11/27/2015 12:00:00 AM,10212,4735,5477
10/25/2015 12:00:00 AM,11/28/2015 12:00:00 AM,9823,4662,5161
10/25/2015 12:00:00 AM,11/29/2015 12:00:00 AM,9974,4662,5312
10/25/2015 12:00:00 AM,11/30/2015 12:00:00 AM,10295,4662,5633
10/25/2015 12:00:00 AM,12/1/2015 12:00:00 AM,9587,4647,4940
10/25/2015 12:00:00 AM,12/2/2015 12:00:00 AM,9002,4062,4940
10/25/2015 12:00:00 AM,12/3/2015 12:00:00 AM,9002,4062,4940
10/25/2015 12:00:00 AM,12/4/2015 12:00:00 AM,8160,4062,4098
10/25/2015 12:00:00 AM,12/5/2015 12:00:00 AM,9840,5787,4053
10/25/2015 12:00:00 AM,12/6/2015 12:00:00 AM,9682,5787,3895
10/25/2015 12:00:00 AM,12/7/2015 12:00:00 AM,9842,5720,4122
10/25/2015 12:00:00 AM,12/8/2015 12:00:00 AM,7903,4081,3822
10/25/2015 12:00:00 AM,12/9/2015 12:00:00 AM,7903,4081,3822
10/25/2015 12:00:00 AM,12/10/2015 12:00:00 AM,7903,4081,3822
10/25/2015 12:00:00 AM,12/11/2015 12:00:00 AM,7302,3480,3822
10/25/2015 12:00:00 AM,12/12/2015 12:00:00 AM,7751,4006,3745
10/25/2015 12:00:00 AM,12/13/2015 12:00:00 AM,7455,4006,3449
10/25/2015 12:00:00 AM,12/14/2015 12:00:00 AM,7339,4006,3333
10/25/2015 12:00:00 AM,12/15/2015 12:00:00 AM,3897,2281,1616
10/25/2015 12:00:00 AM,12/16/2015 12:00:00 AM,3897,2281,1616
10/25/2015 12:00:00 AM,12/17/2015 12:00:00 AM,3897,2281,1616
10/25/2015 12:00:00 AM,12/18/2015 12:00:00 AM,3312,1696,1616
10/25/2015 12:00:00 AM,12/19/2015 12:00:00 AM,3299,1696,1603
10/25/2015 12:00:00 AM,12/20/2015 12:00:00 AM,3190,1696,1494
10/25/2015 12:00:00 AM,12/21/2015 12:00:00 AM,3190,1696,1494
10/25/2015 12:00:00 AM,12/22/2015 12:00:00 AM,2310,816,1494
10/25/2015 12:00:00 AM,12/23/2015 12:00:00 AM,2310,816,1494
10/25/2015 12:00:00 AM,12/24/2015 12:00:00 AM,2239,816,1423
10/25/2015 12:00:00 AM,12/25/2015 12:00:00 AM,2853,816,2037
10/25/2015 12:00:00 AM,12/26/2015 12:00:00 AM,2853,816,2037
10/25/2015 12:00:00 AM,12/27/2015 12:00:00 AM,2853,816,2037
10/25/2015 12:00:00 AM,12/28/2015 12:00:00 AM,2853,816,2037
10/25/2015 12:00:00 AM,12/29/2015 12:00:00 AM,2853,816,2037
10/25/2015 12:00:00 AM,12/30/2015 12:00:00 AM,2067,816,1251
10/25/2015 12:00:00 AM,12/31/2015 12:00:00 AM,2067,816,1251
10/25/2015 12:00:00 AM,1/1/2016 12:00:00 AM,2008,816,1192
10/25/2015 12:00:00 AM,1/2/2016 12:00:00 AM,1356,766,590
10/25/2015 12:00:00 AM,1/3/2016 12:00:00 AM,1356,766,590
10/25/2015 12:00:00 AM,1/4/2016 12:00:00 AM,1356,766,590
10/25/2015 12:00:00 AM,1/5/2016 12:00:00 AM,1356,766,590
10/25/2015 12:00:00 AM,1/6/2016 12:00:00 AM,1356,766,590
10/25/2015 12:00:00 AM,1/7/2016 12:00:00 AM,1356,766,590
10/25/2015 12:00:00 AM,1/8/2016 12:00:00 AM,1356,766,590
10/25/2015 12:00:00 AM,1/9/2016 12:00:00 AM,1356,766,590
10/25/2015 12:00:00 AM,1/10/2016 12:00:00 AM,1356,766,590
10/25/2015 12:00:00 AM,1/11/2016 12:00:00 AM,854,766,88
10/25/2015 12:00:00 AM,1/12/2016 12:00:00 AM,854,766,88
10/25/2015 12:00:00 AM,1/13/2016 12:00:00 AM,854,766,88
10/25/2015 12:00:00 AM,1/14/2016 12:00:00 AM,854,766,88
10/25/2015 12:00:00 AM,1/15/2016 12:00:00 AM,827,766,61
10/25/2015 12:00:00 AM,1/16/2016 12:00:00 AM,815,766,49
10/25/2015 12:00:00 AM,1/17/2016 12:00:00 AM,828,766,62
10/25/2015 12:00:00 AM,1/18/2016 12:00:00 AM,828,766,62
10/25/2015 12:00:00 AM,1/19/2016 12:00:00 AM,828,766,62
10/25/2015 12:00:00 AM,1/20/2016 12:00:00 AM,828,766,62
10/25/2015 12:00:00 AM,1/21/2016 12:00:00 AM,828,766,62
10/25/2015 12:00:00 AM,1/22/2016 12:00:00 AM,828,766,62
10/25/2015 12:00:00 AM,1/23/2016 12:00:00 AM,828,766,62
10/25/2015 12:00:00 AM,1/24/2016 12:00:00 AM,828,766,62
10/24/2015 12:00:00 AM,10/25/2015 12:00:00 AM,37204,16980,20224
10/24/2015 12:00:00 AM,10/26/2015 12:00:00 AM,37830,17468,20362
10/24/2015 12:00:00 AM,10/27/2015 12:00:00 AM,33383,15014,18369
10/24/2015 12:00:00 AM,10/28/2015 12:00:00 AM,32445,14694,17751
10/24/2015 12:00:00 AM,10/29/2015 12:00:00 AM,30662,13768,16894
10/24/2015 12:00:00 AM,10/30/2015 12:00:00 AM,33947,14449,19498
10/24/2015 12:00:00 AM,10/31/2015 12:00:00 AM,36983,15371,21612
10/24/2015 12:00:00 AM,11/1/2015 12:00:00 AM,36494,15894,20600
10/24/2015 12:00:00 AM,11/2/2015 12:00:00 AM,37945,17989,19956
10/24/2015 12:00:00 AM,11/3/2015 12:00:00 AM,35045,15830,19215
10/24/2015 12:00:00 AM,11/4/2015 12:00:00 AM,34411,15085,19326
10/24/2015 12:00:00 AM,11/5/2015 12:00:00 AM,32767,14416,18351
10/24/2015 12:00:00 AM,11/6/2015 12:00:00 AM,33734,15422,18312
10/24/2015 12:00:00 AM,11/7/2015 12:00:00 AM,33494,15372,18122
10/24/2015 12:00:00 AM,11/8/2015 12:00:00 AM,34083,15448,18635
10/24/2015 12:00:00 AM,11/9/2015 12:00:00 AM,32769,15280,17489
10/24/2015 12:00:00 AM,11/10/2015 12:00:00 AM,29986,12959,17027
10/24/2015 12:00:00 AM,11/11/2015 12:00:00 AM,29717,12799,16918
10/24/2015 12:00:00 AM,11/12/2015 12:00:00 AM,27784,12925,14859
10/24/2015 12:00:00 AM,11/13/2015 12:00:00 AM,27133,12274,14859
10/24/2015 12:00:00 AM,11/14/2015 12:00:00 AM,29132,14467,14665
10/24/2015 12:00:00 AM,11/15/2015 12:00:00 AM,28095,14126,13969
10/24/2015 12:00:00 AM,11/16/2015 12:00:00 AM,26608,13813,12795
10/24/2015 12:00:00 AM,11/17/2015 12:00:00 AM,23914,11923,11991
10/24/2015 12:00:00 AM,11/18/2015 12:00:00 AM,24216,11923,12293
10/24/2015 12:00:00 AM,11/19/2015 12:00:00 AM,22313,11923,10390
10/24/2015 12:00:00 AM,11/20/2015 12:00:00 AM,21878,11773,10105
10/24/2015 12:00:00 AM,11/21/2015 12:00:00 AM,20672,11627,9045
10/24/2015 12:00:00 AM,11/22/2015 12:00:00 AM,20363,11506,8857
10/24/2015 12:00:00 AM,11/23/2015 12:00:00 AM,16114,8577,7537
10/24/2015 12:00:00 AM,11/24/2015 12:00:00 AM,13624,6545,7079
10/24/2015 12:00:00 AM,11/25/2015 12:00:00 AM,11012,4735,6277
10/24/2015 12:00:00 AM,11/26/2015 12:00:00 AM,10077,4735,5342
10/24/2015 12:00:00 AM,11/27/2015 12:00:00 AM,10212,4735,5477
10/24/2015 12:00:00 AM,11/28/2015 12:00:00 AM,9823,4662,5161
10/24/2015 12:00:00 AM,11/29/2015 12:00:00 AM,9974,4662,5312
10/24/2015 12:00:00 AM,11/30/2015 12:00:00 AM,10295,4662,5633
10/24/2015 12:00:00 AM,12/1/2015 12:00:00 AM,9587,4647,4940
10/24/2015 12:00:00 AM,12/2/2015 12:00:00 AM,9002,4062,4940
10/24/2015 12:00:00 AM,12/3/2015 12:00:00 AM,9002,4062,4940
10/24/2015 12:00:00 AM,12/4/2015 12:00:00 AM,8160,4062,4098
10/24/2015 12:00:00 AM,12/5/2015 12:00:00 AM,9840,5787,4053
10/24/2015 12:00:00 AM,12/6/2015 12:00:00 AM,9682,5787,3895
10/24/2015 12:00:00 AM,12/7/2015 12:00:00 AM,9842,5720,4122
10/24/2015 12:00:00 AM,12/8/2015 12:00:00 AM,7903,4081,3822
10/24/2015 12:00:00 AM,12/9/2015 12:00:00 AM,7903,4081,3822
10/24/2015 12:00:00 AM,12/10/2015 12:00:00 AM,7903,4081,3822
10/24/2015 12:00:00 AM,12/11/2015 12:00:00 AM,7302,3480,3822
10/24/2015 12:00:00 AM,12/12/2015 12:00:00 AM,7751,4006,3745
10/24/2015 12:00:00 AM,12/13/2015 12:00:00 AM,7455,4006,3449
10/24/2015 12:00:00 AM,12/14/2015 12:00:00 AM,7339,4006,3333
10/24/2015 12:00:00 AM,12/15/2015 12:00:00 AM,3897,2281,1616
10/24/2015 12:00:00 AM,12/16/2015 12:00:00 AM,3897,2281,1616
10/24/2015 12:00:00 AM,12/17/2015 12:00:00 AM,3897,2281,1616
10/24/2015 12:00:00 AM,12/18/2015 12:00:00 AM,3312,1696,1616
10/24/2015 12:00:00 AM,12/19/2015 12:00:00 AM,3299,1696,1603
10/24/2015 12:00:00 AM,12/20/2015 12:00:00 AM,3190,1696,1494
10/24/2015 12:00:00 AM,12/21/2015 12:00:00 AM,3190,1696,1494
10/24/2015 12:00:00 AM,12/22/2015 12:00:00 AM,2310,816,1494
10/24/2015 12:00:00 AM,12/23/2015 12:00:00 AM,2310,816,1494
10/24/2015 12:00:00 AM,12/24/2015 12:00:00 AM,2239,816,1423
10/24/2015 12:00:00 AM,12/25/2015 12:00:00 AM,2853,816,2037
10/24/2015 12:00:00 AM,12/26/2015 12:00:00 AM,2853,816,2037
10/24/2015 12:00:00 AM,12/27/2015 12:00:00 AM,2853,816,2037
10/24/2015 12:00:00 AM,12/28/2015 12:00:00 AM,2853,816,2037
10/24/2015 12:00:00 AM,12/29/2015 12:00:00 AM,2853,816,2037
10/24/2015 12:00:00 AM,12/30/2015 12:00:00 AM,2067,816,1251
10/24/2015 12:00:00 AM,12/31/2015 12:00:00 AM,2067,816,1251
10/24/2015 12:00:00 AM,1/1/2016 12:00:00 AM,2008,816,1192
10/24/2015 12:00:00 AM,1/2/2016 12:00:00 AM,1356,766,590
10/24/2015 12:00:00 AM,1/3/2016 12:00:00 AM,1356,766,590
10/24/2015 12:00:00 AM,1/4/2016 12:00:00 AM,1356,766,590
10/24/2015 12:00:00 AM,1/5/2016 12:00:00 AM,1356,766,590
10/24/2015 12:00:00 AM,1/6/2016 12:00:00 AM,1356,766,590
10/24/2015 12:00:00 AM,1/7/2016 12:00:00 AM,1356,766,590
10/24/2015 12:00:00 AM,1/8/2016 12:00:00 AM,1356,766,590
10/24/2015 12:00:00 AM,1/9/2016 12:00:00 AM,1356,766,590
10/24/2015 12:00:00 AM,1/10/2016 12:00:00 AM,1356,766,590
10/24/2015 12:00:00 AM,1/11/2016 12:00:00 AM,854,766,88
10/24/2015 12:00:00 AM,1/12/2016 12:00:00 AM,854,766,88
10/24/2015 12:00:00 AM,1/13/2016 12:00:00 AM,854,766,88
10/24/2015 12:00:00 AM,1/14/2016 12:00:00 AM,854,766,88
10/24/2015 12:00:00 AM,1/15/2016 12:00:00 AM,827,766,61
10/24/2015 12:00:00 AM,1/16/2016 12:00:00 AM,815,766,49
10/24/2015 12:00:00 AM,1/17/2016 12:00:00 AM,828,766,62
10/24/2015 12:00:00 AM,1/18/2016 12:00:00 AM,828,766,62
10/24/2015 12:00:00 AM,1/19/2016 12:00:00 AM,828,766,62
10/24/2015 12:00:00 AM,1/20/2016 12:00:00 AM,828,766,62
10/24/2015 12:00:00 AM,1/21/2016 12:00:00 AM,828,766,62
10/24/2015 12:00:00 AM,1/22/2016 12:00:00 AM,828,766,62
10/24/2015 12:00:00 AM,1/23/2016 12:00:00 AM,828,766,62
10/23/2015 12:00:00 AM,10/24/2015 12:00:00 AM,37040,18023,19017
10/23/2015 12:00:00 AM,10/25/2015 12:00:00 AM,36552,17513,19039
10/23/2015 12:00:00 AM,10/26/2015 12:00:00 AM,36666,17952,18714
10/23/2015 12:00:00 AM,10/27/2015 12:00:00 AM,30982,15211,15771
10/23/2015 12:00:00 AM,10/28/2015 12:00:00 AM,30665,14891,15774
10/23/2015 12:00:00 AM,10/29/2015 12:00:00 AM,28882,13965,14917
10/23/2015 12:00:00 AM,10/30/2015 12:00:00 AM,32167,14646,17521
10/23/2015 12:00:00 AM,10/31/2015 12:00:00 AM,35203,15568,19635
10/23/2015 12:00:00 AM,11/1/2015 12:00:00 AM,34638,16015,18623
10/23/2015 12:00:00 AM,11/2/2015 12:00:00 AM,35438,17459,17979
10/23/2015 12:00:00 AM,11/3/2015 12:00:00 AM,33388,15300,18088
10/23/2015 12:00:00 AM,11/4/2015 12:00:00 AM,33405,15206,18199
10/23/2015 12:00:00 AM,11/5/2015 12:00:00 AM,31761,14537,17224
10/23/2015 12:00:00 AM,11/6/2015 12:00:00 AM,32728,15543,17185
10/23/2015 12:00:00 AM,11/7/2015 12:00:00 AM,32367,15372,16995
10/23/2015 12:00:00 AM,11/8/2015 12:00:00 AM,32956,15448,17508
10/23/2015 12:00:00 AM,11/9/2015 12:00:00 AM,31642,15280,16362
10/23/2015 12:00:00 AM,11/10/2015 12:00:00 AM,28859,12959,15900
10/23/2015 12:00:00 AM,11/11/2015 12:00:00 AM,28590,12799,15791
10/23/2015 12:00:00 AM,11/12/2015 12:00:00 AM,26657,12925,13732
10/23/2015 12:00:00 AM,11/13/2015 12:00:00 AM,26657,12925,13732
10/23/2015 12:00:00 AM,11/14/2015 12:00:00 AM,28656,15118,13538
10/23/2015 12:00:00 AM,11/15/2015 12:00:00 AM,26968,14126,12842
10/23/2015 12:00:00 AM,11/16/2015 12:00:00 AM,25481,13813,11668
10/23/2015 12:00:00 AM,11/17/2015 12:00:00 AM,22787,11923,10864
10/23/2015 12:00:00 AM,11/18/2015 12:00:00 AM,23089,11923,11166
10/23/2015 12:00:00 AM,11/19/2015 12:00:00 AM,22286,11923,10363
10/23/2015 12:00:00 AM,11/20/2015 12:00:00 AM,21851,11773,10078
10/23/2015 12:00:00 AM,11/21/2015 12:00:00 AM,20645,11627,9018
10/23/2015 12:00:00 AM,11/22/2015 12:00:00 AM,20336,11506,8830
10/23/2015 12:00:00 AM,11/23/2015 12:00:00 AM,16087,8577,7510
10/23/2015 12:00:00 AM,11/24/2015 12:00:00 AM,13597,6545,7052
10/23/2015 12:00:00 AM,11/25/2015 12:00:00 AM,10985,4735,6250
10/23/2015 12:00:00 AM,11/26/2015 12:00:00 AM,10050,4735,5315
10/23/2015 12:00:00 AM,11/27/2015 12:00:00 AM,10185,4735,5450
10/23/2015 12:00:00 AM,11/28/2015 12:00:00 AM,9796,4662,5134
10/23/2015 12:00:00 AM,11/29/2015 12:00:00 AM,9947,4662,5285
10/23/2015 12:00:00 AM,11/30/2015 12:00:00 AM,9968,4662,5306
10/23/2015 12:00:00 AM,12/1/2015 12:00:00 AM,9260,4647,4613
10/23/2015 12:00:00 AM,12/2/2015 12:00:00 AM,8675,4062,4613
10/23/2015 12:00:00 AM,12/3/2015 12:00:00 AM,8675,4062,4613
10/23/2015 12:00:00 AM,12/4/2015 12:00:00 AM,7833,4062,3771
10/23/2015 12:00:00 AM,12/5/2015 12:00:00 AM,9513,5787,3726
10/23/2015 12:00:00 AM,12/6/2015 12:00:00 AM,9355,5787,3568
10/23/2015 12:00:00 AM,12/7/2015 12:00:00 AM,9365,5720,3645
10/23/2015 12:00:00 AM,12/8/2015 12:00:00 AM,7726,4081,3645
10/23/2015 12:00:00 AM,12/9/2015 12:00:00 AM,7726,4081,3645
10/23/2015 12:00:00 AM,12/10/2015 12:00:00 AM,7726,4081,3645
10/23/2015 12:00:00 AM,12/11/2015 12:00:00 AM,7125,3480,3645
10/23/2015 12:00:00 AM,12/12/2015 12:00:00 AM,7574,4006,3568
10/23/2015 12:00:00 AM,12/13/2015 12:00:00 AM,7278,4006,3272
10/23/2015 12:00:00 AM,12/14/2015 12:00:00 AM,7162,4006,3156
10/23/2015 12:00:00 AM,12/15/2015 12:00:00 AM,3870,2281,1589
10/23/2015 12:00:00 AM,12/16/2015 12:00:00 AM,3870,2281,1589
10/23/2015 12:00:00 AM,12/17/2015 12:00:00 AM,3870,2281,1589
10/23/2015 12:00:00 AM,12/18/2015 12:00:00 AM,3285,1696,1589
10/23/2015 12:00:00 AM,12/19/2015 12:00:00 AM,3272,1696,1576
10/23/2015 12:00:00 AM,12/20/2015 12:00:00 AM,3163,1696,1467
10/23/2015 12:00:00 AM,12/21/2015 12:00:00 AM,3163,1696,1467
10/23/2015 12:00:00 AM,12/22/2015 12:00:00 AM,2283,816,1467
10/23/2015 12:00:00 AM,12/23/2015 12:00:00 AM,2283,816,1467
10/23/2015 12:00:00 AM,12/24/2015 12:00:00 AM,2212,816,1396
10/23/2015 12:00:00 AM,12/25/2015 12:00:00 AM,2826,816,2010
10/23/2015 12:00:00 AM,12/26/2015 12:00:00 AM,2826,816,2010
10/23/2015 12:00:00 AM,12/27/2015 12:00:00 AM,2826,816,2010
10/23/2015 12:00:00 AM,12/28/2015 12:00:00 AM,2826,816,2010
10/23/2015 12:00:00 AM,12/29/2015 12:00:00 AM,2826,816,2010
10/23/2015 12:00:00 AM,12/30/2015 12:00:00 AM,2040,816,1224
10/23/2015 12:00:00 AM,12/31/2015 12:00:00 AM,2040,816,1224
10/23/2015 12:00:00 AM,1/1/2016 12:00:00 AM,1981,816,1165
10/23/2015 12:00:00 AM,1/2/2016 12:00:00 AM,1329,766,563
10/23/2015 12:00:00 AM,1/3/2016 12:00:00 AM,1329,766,563
10/23/2015 12:00:00 AM,1/4/2016 12:00:00 AM,1329,766,563
10/23/2015 12:00:00 AM,1/5/2016 12:00:00 AM,1329,766,563
10/23/2015 12:00:00 AM,1/6/2016 12:00:00 AM,1329,766,563
10/23/2015 12:00:00 AM,1/7/2016 12:00:00 AM,1329,766,563
10/23/2015 12:00:00 AM,1/8/2016 12:00:00 AM,1329,766,563
10/23/2015 12:00:00 AM,1/9/2016 12:00:00 AM,1329,766,563
10/23/2015 12:00:00 AM,1/10/2016 12:00:00 AM,1329,766,563
10/23/2015 12:00:00 AM,1/11/2016 12:00:00 AM,827,766,61
10/23/2015 12:00:00 AM,1/12/2016 12:00:00 AM,827,766,61
10/23/2015 12:00:00 AM,1/13/2016 12:00:00 AM,827,766,61
10/23/2015 12:00:00 AM,1/14/2016 12:00:00 AM,827,766,61
10/23/2015 12:00:00 AM,1/15/2016 12:00:00 AM,827,766,61
10/23/2015 12:00:00 AM,1/16/2016 12:00:00 AM,815,766,49
10/23/2015 12:00:00 AM,1/17/2016 12:00:00 AM,828,766,62
10/23/2015 12:00:00 AM,1/18/2016 12:00:00 AM,828,766,62
10/23/2015 12:00:00 AM,1/19/2016 12:00:00 AM,828,766,62
10/23/2015 12:00:00 AM,1/20/2016 12:00:00 AM,828,766,62
10/23/2015 12:00:00 AM,1/21/2016 12:00:00 AM,828,766,62
10/23/2015 12:00:00 AM,1/22/2016 12:00:00 AM,828,766,62
10/22/2015 12:00:00 AM,10/23/2015 12:00:00 AM,37159,16023,21136
10/22/2015 12:00:00 AM,10/24/2015 12:00:00 AM,38101,18323,19778
10/22/2015 12:00:00 AM,10/25/2015 12:00:00 AM,37802,17663,20139
10/22/2015 12:00:00 AM,10/26/2015 12:00:00 AM,37916,18102,19814
10/22/2015 12:00:00 AM,10/27/2015 12:00:00 AM,32082,15211,16871
10/22/2015 12:00:00 AM,10/28/2015 12:00:00 AM,31605,14731,16874
10/22/2015 12:00:00 AM,10/29/2015 12:00:00 AM,30785,13965,16820
10/22/2015 12:00:00 AM,10/30/2015 12:00:00 AM,33198,14646,18552
10/22/2015 12:00:00 AM,10/31/2015 12:00:00 AM,36291,15568,20723
10/22/2015 12:00:00 AM,11/1/2015 12:00:00 AM,35726,16015,19711
10/22/2015 12:00:00 AM,11/2/2015 12:00:00 AM,36526,17459,19067
10/22/2015 12:00:00 AM,11/3/2015 12:00:00 AM,34476,15300,19176
10/22/2015 12:00:00 AM,11/4/2015 12:00:00 AM,34493,15206,19287
10/22/2015 12:00:00 AM,11/5/2015 12:00:00 AM,32849,14537,18312
10/22/2015 12:00:00 AM,11/6/2015 12:00:00 AM,33816,15543,18273
10/22/2015 12:00:00 AM,11/7/2015 12:00:00 AM,33406,15372,18034
10/22/2015 12:00:00 AM,11/8/2015 12:00:00 AM,33995,15448,18547
10/22/2015 12:00:00 AM,11/9/2015 12:00:00 AM,32681,15280,17401
10/22/2015 12:00:00 AM,11/10/2015 12:00:00 AM,29910,12959,16951
10/22/2015 12:00:00 AM,11/11/2015 12:00:00 AM,29641,12799,16842
10/22/2015 12:00:00 AM,11/12/2015 12:00:00 AM,27708,12925,14783
10/22/2015 12:00:00 AM,11/13/2015 12:00:00 AM,27708,12925,14783
10/22/2015 12:00:00 AM,11/14/2015 12:00:00 AM,29707,15118,14589
10/22/2015 12:00:00 AM,11/15/2015 12:00:00 AM,28019,14126,13893
10/22/2015 12:00:00 AM,11/16/2015 12:00:00 AM,26532,13813,12719
10/22/2015 12:00:00 AM,11/17/2015 12:00:00 AM,23838,11923,11915
10/22/2015 12:00:00 AM,11/18/2015 12:00:00 AM,24140,11923,12217
10/22/2015 12:00:00 AM,11/19/2015 12:00:00 AM,22237,11923,10314
10/22/2015 12:00:00 AM,11/20/2015 12:00:00 AM,21802,11773,10029
10/22/2015 12:00:00 AM,11/21/2015 12:00:00 AM,20596,11627,8969
10/22/2015 12:00:00 AM,11/22/2015 12:00:00 AM,20287,11506,8781
10/22/2015 12:00:00 AM,11/23/2015 12:00:00 AM,16038,8577,7461
10/22/2015 12:00:00 AM,11/24/2015 12:00:00 AM,13548,6545,7003
10/22/2015 12:00:00 AM,11/25/2015 12:00:00 AM,10936,4735,6201
10/22/2015 12:00:00 AM,11/26/2015 12:00:00 AM,10001,4735,5266
10/22/2015 12:00:00 AM,11/27/2015 12:00:00 AM,10136,4735,5401
10/22/2015 12:00:00 AM,11/28/2015 12:00:00 AM,9747,4662,5085
10/22/2015 12:00:00 AM,11/29/2015 12:00:00 AM,9898,4662,5236
10/22/2015 12:00:00 AM,11/30/2015 12:00:00 AM,9919,4662,5257
10/22/2015 12:00:00 AM,12/1/2015 12:00:00 AM,9211,4647,4564
10/22/2015 12:00:00 AM,12/2/2015 12:00:00 AM,8626,4062,4564
10/22/2015 12:00:00 AM,12/3/2015 12:00:00 AM,8626,4062,4564
10/22/2015 12:00:00 AM,12/4/2015 12:00:00 AM,7784,4062,3722
10/22/2015 12:00:00 AM,12/5/2015 12:00:00 AM,9464,5787,3677
10/22/2015 12:00:00 AM,12/6/2015 12:00:00 AM,9306,5787,3519
10/22/2015 12:00:00 AM,12/7/2015 12:00:00 AM,9316,5720,3596
10/22/2015 12:00:00 AM,12/8/2015 12:00:00 AM,7677,4081,3596
10/22/2015 12:00:00 AM,12/9/2015 12:00:00 AM,7677,4081,3596
10/22/2015 12:00:00 AM,12/10/2015 12:00:00 AM,7677,4081,3596
10/22/2015 12:00:00 AM,12/11/2015 12:00:00 AM,7076,3480,3596
10/22/2015 12:00:00 AM,12/12/2015 12:00:00 AM,7525,4006,3519
10/22/2015 12:00:00 AM,12/13/2015 12:00:00 AM,7229,4006,3223
10/22/2015 12:00:00 AM,12/14/2015 12:00:00 AM,7113,4006,3107
10/22/2015 12:00:00 AM,12/15/2015 12:00:00 AM,3821,2281,1540
10/22/2015 12:00:00 AM,12/16/2015 12:00:00 AM,3821,2281,1540
10/22/2015 12:00:00 AM,12/17/2015 12:00:00 AM,3821,2281,1540
10/22/2015 12:00:00 AM,12/18/2015 12:00:00 AM,3236,1696,1540
10/22/2015 12:00:00 AM,12/19/2015 12:00:00 AM,3223,1696,1527
10/22/2015 12:00:00 AM,12/20/2015 12:00:00 AM,3114,1696,1418
10/22/2015 12:00:00 AM,12/21/2015 12:00:00 AM,3114,1696,1418
10/22/2015 12:00:00 AM,12/22/2015 12:00:00 AM,2234,816,1418
10/22/2015 12:00:00 AM,12/23/2015 12:00:00 AM,2234,816,1418
10/22/2015 12:00:00 AM,12/24/2015 12:00:00 AM,2163,816,1347
10/22/2015 12:00:00 AM,12/25/2015 12:00:00 AM,2777,816,1961
10/22/2015 12:00:00 AM,12/26/2015 12:00:00 AM,2777,816,1961
10/22/2015 12:00:00 AM,12/27/2015 12:00:00 AM,2777,816,1961
10/22/2015 12:00:00 AM,12/28/2015 12:00:00 AM,2777,816,1961
10/22/2015 12:00:00 AM,12/29/2015 12:00:00 AM,2777,816,1961
10/22/2015 12:00:00 AM,12/30/2015 12:00:00 AM,1991,816,1175
10/22/2015 12:00:00 AM,12/31/2015 12:00:00 AM,1991,816,1175
10/22/2015 12:00:00 AM,1/1/2016 12:00:00 AM,1932,816,1116
10/22/2015 12:00:00 AM,1/2/2016 12:00:00 AM,1280,766,514
10/22/2015 12:00:00 AM,1/3/2016 12:00:00 AM,1280,766,514
10/22/2015 12:00:00 AM,1/4/2016 12:00:00 AM,1280,766,514
10/22/2015 12:00:00 AM,1/5/2016 12:00:00 AM,1280,766,514
10/22/2015 12:00:00 AM,1/6/2016 12:00:00 AM,1280,766,514
10/22/2015 12:00:00 AM,1/7/2016 12:00:00 AM,1280,766,514
10/22/2015 12:00:00 AM,1/8/2016 12:00:00 AM,1280,766,514
10/22/2015 12:00:00 AM,1/9/2016 12:00:00 AM,1280,766,514
10/22/2015 12:00:00 AM,1/10/2016 12:00:00 AM,1280,766,514
10/22/2015 12:00:00 AM,1/11/2016 12:00:00 AM,778,766,12
10/22/2015 12:00:00 AM,1/12/2016 12:00:00 AM,778,766,12
10/22/2015 12:00:00 AM,1/13/2016 12:00:00 AM,778,766,12
10/22/2015 12:00:00 AM,1/14/2016 12:00:00 AM,778,766,12
10/22/2015 12:00:00 AM,1/15/2016 12:00:00 AM,778,766,12
10/22/2015 12:00:00 AM,1/16/2016 12:00:00 AM,766,766,0
10/22/2015 12:00:00 AM,1/17/2016 12:00:00 AM,779,766,13
10/22/2015 12:00:00 AM,1/18/2016 12:00:00 AM,779,766,13
10/22/2015 12:00:00 AM,1/19/2016 12:00:00 AM,779,766,13
10/22/2015 12:00:00 AM,1/20/2016 12:00:00 AM,779,766,13
10/22/2015 12:00:00 AM,1/21/2016 12:00:00 AM,779,766,13
10/21/2015 12:00:00 AM,10/22/2015 12:00:00 AM,37499,16170,21329
10/21/2015 12:00:00 AM,10/23/2015 12:00:00 AM,37906,16650,21256
10/21/2015 12:00:00 AM,10/24/2015 12:00:00 AM,38242,18376,19866
10/21/2015 12:00:00 AM,10/25/2015 12:00:00 AM,37943,17716,20227
10/21/2015 12:00:00 AM,10/26/2015 12:00:00 AM,37822,17855,19967
10/21/2015 12:00:00 AM,10/27/2015 12:00:00 AM,32562,15538,17024
10/21/2015 12:00:00 AM,10/28/2015 12:00:00 AM,31758,14731,17027
10/21/2015 12:00:00 AM,10/29/2015 12:00:00 AM,30938,13965,16973
10/21/2015 12:00:00 AM,10/30/2015 12:00:00 AM,33351,14646,18705
10/21/2015 12:00:00 AM,10/31/2015 12:00:00 AM,36476,15568,20908
10/21/2015 12:00:00 AM,11/1/2015 12:00:00 AM,35786,16015,19771
10/21/2015 12:00:00 AM,11/2/2015 12:00:00 AM,36586,17459,19127
10/21/2015 12:00:00 AM,11/3/2015 12:00:00 AM,34536,15300,19236
10/21/2015 12:00:00 AM,11/4/2015 12:00:00 AM,34553,15206,19347
10/21/2015 12:00:00 AM,11/5/2015 12:00:00 AM,32909,14537,18372
10/21/2015 12:00:00 AM,11/6/2015 12:00:00 AM,33876,15543,18333
10/21/2015 12:00:00 AM,11/7/2015 12:00:00 AM,33466,15372,18094
10/21/2015 12:00:00 AM,11/8/2015 12:00:00 AM,34055,15448,18607
10/21/2015 12:00:00 AM,11/9/2015 12:00:00 AM,32741,15280,17461
10/21/2015 12:00:00 AM,11/10/2015 12:00:00 AM,29970,12959,17011
10/21/2015 12:00:00 AM,11/11/2015 12:00:00 AM,29701,12799,16902
10/21/2015 12:00:00 AM,11/12/2015 12:00:00 AM,27768,12925,14843
10/21/2015 12:00:00 AM,11/13/2015 12:00:00 AM,27768,12925,14843
10/21/2015 12:00:00 AM,11/14/2015 12:00:00 AM,29767,15118,14649
10/21/2015 12:00:00 AM,11/15/2015 12:00:00 AM,28080,14126,13954
10/21/2015 12:00:00 AM,11/16/2015 12:00:00 AM,26026,13813,12213
10/21/2015 12:00:00 AM,11/17/2015 12:00:00 AM,22114,11923,10191
10/21/2015 12:00:00 AM,11/18/2015 12:00:00 AM,22416,11923,10493
10/21/2015 12:00:00 AM,11/19/2015 12:00:00 AM,22238,11923,10315
10/21/2015 12:00:00 AM,11/20/2015 12:00:00 AM,21803,11773,10030
10/21/2015 12:00:00 AM,11/21/2015 12:00:00 AM,20597,11627,8970
10/21/2015 12:00:00 AM,11/22/2015 12:00:00 AM,20288,11506,8782
10/21/2015 12:00:00 AM,11/23/2015 12:00:00 AM,16039,8577,7462
10/21/2015 12:00:00 AM,11/24/2015 12:00:00 AM,13549,6545,7004
10/21/2015 12:00:00 AM,11/25/2015 12:00:00 AM,10937,4735,6202
10/21/2015 12:00:00 AM,11/26/2015 12:00:00 AM,10002,4735,5267
10/21/2015 12:00:00 AM,11/27/2015 12:00:00 AM,10137,4735,5402
10/21/2015 12:00:00 AM,11/28/2015 12:00:00 AM,9748,4662,5086
10/21/2015 12:00:00 AM,11/29/2015 12:00:00 AM,9899,4662,5237
10/21/2015 12:00:00 AM,11/30/2015 12:00:00 AM,9920,4662,5258
10/21/2015 12:00:00 AM,12/1/2015 12:00:00 AM,9211,4647,4564
10/21/2015 12:00:00 AM,12/2/2015 12:00:00 AM,8626,4062,4564
10/21/2015 12:00:00 AM,12/3/2015 12:00:00 AM,8626,4062,4564
10/21/2015 12:00:00 AM,12/4/2015 12:00:00 AM,7784,4062,3722
10/21/2015 12:00:00 AM,12/5/2015 12:00:00 AM,9464,5787,3677
10/21/2015 12:00:00 AM,12/6/2015 12:00:00 AM,9306,5787,3519
10/21/2015 12:00:00 AM,12/7/2015 12:00:00 AM,9316,5720,3596
10/21/2015 12:00:00 AM,12/8/2015 12:00:00 AM,7677,4081,3596
10/21/2015 12:00:00 AM,12/9/2015 12:00:00 AM,7677,4081,3596
10/21/2015 12:00:00 AM,12/10/2015 12:00:00 AM,7677,4081,3596
10/21/2015 12:00:00 AM,12/11/2015 12:00:00 AM,7076,3480,3596
10/21/2015 12:00:00 AM,12/12/2015 12:00:00 AM,7525,4006,3519
10/21/2015 12:00:00 AM,12/13/2015 12:00:00 AM,7229,4006,3223
10/21/2015 12:00:00 AM,12/14/2015 12:00:00 AM,7113,4006,3107
10/21/2015 12:00:00 AM,12/15/2015 12:00:00 AM,3821,2281,1540
10/21/2015 12:00:00 AM,12/16/2015 12:00:00 AM,3821,2281,1540
10/21/2015 12:00:00 AM,12/17/2015 12:00:00 AM,3821,2281,1540
10/21/2015 12:00:00 AM,12/18/2015 12:00:00 AM,3236,1696,1540
10/21/2015 12:00:00 AM,12/19/2015 12:00:00 AM,3223,1696,1527
10/21/2015 12:00:00 AM,12/20/2015 12:00:00 AM,3114,1696,1418
10/21/2015 12:00:00 AM,12/21/2015 12:00:00 AM,3114,1696,1418
10/21/2015 12:00:00 AM,12/22/2015 12:00:00 AM,2234,816,1418
10/21/2015 12:00:00 AM,12/23/2015 12:00:00 AM,2234,816,1418
10/21/2015 12:00:00 AM,12/24/2015 12:00:00 AM,2163,816,1347
10/21/2015 12:00:00 AM,12/25/2015 12:00:00 AM,2777,816,1961
10/21/2015 12:00:00 AM,12/26/2015 12:00:00 AM,2777,816,1961
10/21/2015 12:00:00 AM,12/27/2015 12:00:00 AM,2777,816,1961
10/21/2015 12:00:00 AM,12/28/2015 12:00:00 AM,2777,816,1961
10/21/2015 12:00:00 AM,12/29/2015 12:00:00 AM,2777,816,1961
10/21/2015 12:00:00 AM,12/30/2015 12:00:00 AM,1991,816,1175
10/21/2015 12:00:00 AM,12/31/2015 12:00:00 AM,1991,816,1175
10/21/2015 12:00:00 AM,1/1/2016 12:00:00 AM,1932,816,1116
10/21/2015 12:00:00 AM,1/2/2016 12:00:00 AM,1280,766,514
10/21/2015 12:00:00 AM,1/3/2016 12:00:00 AM,1280,766,514
10/21/2015 12:00:00 AM,1/4/2016 12:00:00 AM,1280,766,514
10/21/2015 12:00:00 AM,1/5/2016 12:00:00 AM,1280,766,514
10/21/2015 12:00:00 AM,1/6/2016 12:00:00 AM,1280,766,514
10/21/2015 12:00:00 AM,1/7/2016 12:00:00 AM,1280,766,514
10/21/2015 12:00:00 AM,1/8/2016 12:00:00 AM,1280,766,514
10/21/2015 12:00:00 AM,1/9/2016 12:00:00 AM,1280,766,514
10/21/2015 12:00:00 AM,1/10/2016 12:00:00 AM,1280,766,514
10/21/2015 12:00:00 AM,1/11/2016 12:00:00 AM,778,766,12
10/21/2015 12:00:00 AM,1/12/2016 12:00:00 AM,778,766,12
10/21/2015 12:00:00 AM,1/13/2016 12:00:00 AM,778,766,12
10/21/2015 12:00:00 AM,1/14/2016 12:00:00 AM,778,766,12
10/21/2015 12:00:00 AM,1/15/2016 12:00:00 AM,778,766,12
10/21/2015 12:00:00 AM,1/16/2016 12:00:00 AM,766,766,0
10/21/2015 12:00:00 AM,1/17/2016 12:00:00 AM,779,766,13
10/21/2015 12:00:00 AM,1/18/2016 12:00:00 AM,779,766,13
10/21/2015 12:00:00 AM,1/19/2016 12:00:00 AM,779,766,13
10/21/2015 12:00:00 AM,1/20/2016 12:00:00 AM,779,766,13
10/20/2015 12:00:00 AM,10/21/2015 12:00:00 AM,37347,16170,21177
10/20/2015 12:00:00 AM,10/22/2015 12:00:00 AM,37367,15883,21484
10/20/2015 12:00:00 AM,10/23/2015 12:00:00 AM,37634,16363,21271
10/20/2015 12:00:00 AM,10/24/2015 12:00:00 AM,38257,18376,19881
10/20/2015 12:00:00 AM,10/25/2015 12:00:00 AM,37943,17716,20227
10/20/2015 12:00:00 AM,10/26/2015 12:00:00 AM,37327,17810,19517
10/20/2015 12:00:00 AM,10/27/2015 12:00:00 AM,32067,15493,16574
10/20/2015 12:00:00 AM,10/28/2015 12:00:00 AM,31468,14686,16782
10/20/2015 12:00:00 AM,10/29/2015 12:00:00 AM,30443,13920,16523
10/20/2015 12:00:00 AM,10/30/2015 12:00:00 AM,32856,14601,18255
10/20/2015 12:00:00 AM,10/31/2015 12:00:00 AM,35981,15523,20458
10/20/2015 12:00:00 AM,11/1/2015 12:00:00 AM,35450,15970,19480
10/20/2015 12:00:00 AM,11/2/2015 12:00:00 AM,36541,17414,19127
10/20/2015 12:00:00 AM,11/3/2015 12:00:00 AM,34491,15255,19236
10/20/2015 12:00:00 AM,11/4/2015 12:00:00 AM,34553,15206,19347
10/20/2015 12:00:00 AM,11/5/2015 12:00:00 AM,32909,14537,18372
10/20/2015 12:00:00 AM,11/6/2015 12:00:00 AM,33876,15543,18333
10/20/2015 12:00:00 AM,11/7/2015 12:00:00 AM,33466,15372,18094
10/20/2015 12:00:00 AM,11/8/2015 12:00:00 AM,34055,15448,18607
10/20/2015 12:00:00 AM,11/9/2015 12:00:00 AM,32741,15280,17461
10/20/2015 12:00:00 AM,11/10/2015 12:00:00 AM,29970,12959,17011
10/20/2015 12:00:00 AM,11/11/2015 12:00:00 AM,29701,12799,16902
10/20/2015 12:00:00 AM,11/12/2015 12:00:00 AM,27768,12925,14843
10/20/2015 12:00:00 AM,11/13/2015 12:00:00 AM,27768,12925,14843
10/20/2015 12:00:00 AM,11/14/2015 12:00:00 AM,29767,15118,14649
10/20/2015 12:00:00 AM,11/15/2015 12:00:00 AM,28080,14126,13954
10/20/2015 12:00:00 AM,11/16/2015 12:00:00 AM,26026,13813,12213
10/20/2015 12:00:00 AM,11/17/2015 12:00:00 AM,22114,11923,10191
10/20/2015 12:00:00 AM,11/18/2015 12:00:00 AM,22416,11923,10493
10/20/2015 12:00:00 AM,11/19/2015 12:00:00 AM,22238,11923,10315
10/20/2015 12:00:00 AM,11/20/2015 12:00:00 AM,21803,11773,10030
10/20/2015 12:00:00 AM,11/21/2015 12:00:00 AM,20597,11627,8970
10/20/2015 12:00:00 AM,11/22/2015 12:00:00 AM,20288,11506,8782
10/20/2015 12:00:00 AM,11/23/2015 12:00:00 AM,16039,8577,7462
10/20/2015 12:00:00 AM,11/24/2015 12:00:00 AM,13549,6545,7004
10/20/2015 12:00:00 AM,11/25/2015 12:00:00 AM,10937,4735,6202
10/20/2015 12:00:00 AM,11/26/2015 12:00:00 AM,10002,4735,5267
10/20/2015 12:00:00 AM,11/27/2015 12:00:00 AM,10137,4735,5402
10/20/2015 12:00:00 AM,11/28/2015 12:00:00 AM,9748,4662,5086
10/20/2015 12:00:00 AM,11/29/2015 12:00:00 AM,9899,4662,5237
10/20/2015 12:00:00 AM,11/30/2015 12:00:00 AM,9920,4662,5258
10/20/2015 12:00:00 AM,12/1/2015 12:00:00 AM,9211,4647,4564
10/20/2015 12:00:00 AM,12/2/2015 12:00:00 AM,8626,4062,4564
10/20/2015 12:00:00 AM,12/3/2015 12:00:00 AM,8626,4062,4564
10/20/2015 12:00:00 AM,12/4/2015 12:00:00 AM,7784,4062,3722
10/20/2015 12:00:00 AM,12/5/2015 12:00:00 AM,9464,5787,3677
10/20/2015 12:00:00 AM,12/6/2015 12:00:00 AM,9306,5787,3519
10/20/2015 12:00:00 AM,12/7/2015 12:00:00 AM,9316,5720,3596
10/20/2015 12:00:00 AM,12/8/2015 12:00:00 AM,7677,4081,3596
10/20/2015 12:00:00 AM,12/9/2015 12:00:00 AM,7677,4081,3596
10/20/2015 12:00:00 AM,12/10/2015 12:00:00 AM,7677,4081,3596
10/20/2015 12:00:00 AM,12/11/2015 12:00:00 AM,7076,3480,3596
10/20/2015 12:00:00 AM,12/12/2015 12:00:00 AM,7525,4006,3519
10/20/2015 12:00:00 AM,12/13/2015 12:00:00 AM,7229,4006,3223
10/20/2015 12:00:00 AM,12/14/2015 12:00:00 AM,7113,4006,3107
10/20/2015 12:00:00 AM,12/15/2015 12:00:00 AM,3821,2281,1540
10/20/2015 12:00:00 AM,12/16/2015 12:00:00 AM,3821,2281,1540
10/20/2015 12:00:00 AM,12/17/2015 12:00:00 AM,3821,2281,1540
10/20/2015 12:00:00 AM,12/18/2015 12:00:00 AM,3236,1696,1540
10/20/2015 12:00:00 AM,12/19/2015 12:00:00 AM,3223,1696,1527
10/20/2015 12:00:00 AM,12/20/2015 12:00:00 AM,3114,1696,1418
10/20/2015 12:00:00 AM,12/21/2015 12:00:00 AM,3114,1696,1418
10/20/2015 12:00:00 AM,12/22/2015 12:00:00 AM,2234,816,1418
10/20/2015 12:00:00 AM,12/23/2015 12:00:00 AM,2234,816,1418
10/20/2015 12:00:00 AM,12/24/2015 12:00:00 AM,2163,816,1347
10/20/2015 12:00:00 AM,12/25/2015 12:00:00 AM,2777,816,1961
10/20/2015 12:00:00 AM,12/26/2015 12:00:00 AM,2777,816,1961
10/20/2015 12:00:00 AM,12/27/2015 12:00:00 AM,2777,816,1961
10/20/2015 12:00:00 AM,12/28/2015 12:00:00 AM,2777,816,1961
10/20/2015 12:00:00 AM,12/29/2015 12:00:00 AM,2777,816,1961
10/20/2015 12:00:00 AM,12/30/2015 12:00:00 AM,1991,816,1175
10/20/2015 12:00:00 AM,12/31/2015 12:00:00 AM,1991,816,1175
10/20/2015 12:00:00 AM,1/1/2016 12:00:00 AM,1932,816,1116
10/20/2015 12:00:00 AM,1/2/2016 12:00:00 AM,1280,766,514
10/20/2015 12:00:00 AM,1/3/2016 12:00:00 AM,1280,766,514
10/20/2015 12:00:00 AM,1/4/2016 12:00:00 AM,1280,766,514
10/20/2015 12:00:00 AM,1/5/2016 12:00:00 AM,1280,766,514
10/20/2015 12:00:00 AM,1/6/2016 12:00:00 AM,1280,766,514
10/20/2015 12:00:00 AM,1/7/2016 12:00:00 AM,1280,766,514
10/20/2015 12:00:00 AM,1/8/2016 12:00:00 AM,1280,766,514
10/20/2015 12:00:00 AM,1/9/2016 12:00:00 AM,1280,766,514
10/20/2015 12:00:00 AM,1/10/2016 12:00:00 AM,1280,766,514
10/20/2015 12:00:00 AM,1/11/2016 12:00:00 AM,778,766,12
10/20/2015 12:00:00 AM,1/12/2016 12:00:00 AM,778,766,12
10/20/2015 12:00:00 AM,1/13/2016 12:00:00 AM,778,766,12
10/20/2015 12:00:00 AM,1/14/2016 12:00:00 AM,778,766,12
10/20/2015 12:00:00 AM,1/15/2016 12:00:00 AM,778,766,12
10/20/2015 12:00:00 AM,1/16/2016 12:00:00 AM,766,766,0
10/20/2015 12:00:00 AM,1/17/2016 12:00:00 AM,779,766,13
10/20/2015 12:00:00 AM,1/18/2016 12:00:00 AM,779,766,13
10/20/2015 12:00:00 AM,1/19/2016 12:00:00 AM,779,766,13
10/19/2015 12:00:00 AM,10/20/2015 12:00:00 AM,38634,16439,22195
10/19/2015 12:00:00 AM,10/21/2015 12:00:00 AM,37325,16189,21136
10/19/2015 12:00:00 AM,10/22/2015 12:00:00 AM,37325,15902,21423
10/19/2015 12:00:00 AM,10/23/2015 12:00:00 AM,36742,16382,20360
10/19/2015 12:00:00 AM,10/24/2015 12:00:00 AM,37410,18376,19034
10/19/2015 12:00:00 AM,10/25/2015 12:00:00 AM,37096,17716,19380
10/19/2015 12:00:00 AM,10/26/2015 12:00:00 AM,36480,17810,18670
10/19/2015 12:00:00 AM,10/27/2015 12:00:00 AM,33193,15493,17700
10/19/2015 12:00:00 AM,10/28/2015 12:00:00 AM,32594,14686,17908
10/19/2015 12:00:00 AM,10/29/2015 12:00:00 AM,31569,13920,17649
10/19/2015 12:00:00 AM,10/30/2015 12:00:00 AM,33982,14601,19381
10/19/2015 12:00:00 AM,10/31/2015 12:00:00 AM,35984,15523,20461
10/19/2015 12:00:00 AM,11/1/2015 12:00:00 AM,35453,15970,19483
10/19/2015 12:00:00 AM,11/2/2015 12:00:00 AM,36544,17414,19130
10/19/2015 12:00:00 AM,11/3/2015 12:00:00 AM,34494,15255,19239
10/19/2015 12:00:00 AM,11/4/2015 12:00:00 AM,34556,15206,19350
10/19/2015 12:00:00 AM,11/5/2015 12:00:00 AM,32912,14537,18375
10/19/2015 12:00:00 AM,11/6/2015 12:00:00 AM,33879,15543,18336
10/19/2015 12:00:00 AM,11/7/2015 12:00:00 AM,33469,15372,18097
10/19/2015 12:00:00 AM,11/8/2015 12:00:00 AM,34058,15448,18610
10/19/2015 12:00:00 AM,11/9/2015 12:00:00 AM,32744,15280,17464
10/19/2015 12:00:00 AM,11/10/2015 12:00:00 AM,29973,12959,17014
10/19/2015 12:00:00 AM,11/11/2015 12:00:00 AM,29704,12799,16905
10/19/2015 12:00:00 AM,11/12/2015 12:00:00 AM,27771,12925,14846
10/19/2015 12:00:00 AM,11/13/2015 12:00:00 AM,27771,12925,14846
10/19/2015 12:00:00 AM,11/14/2015 12:00:00 AM,29770,15118,14652
10/19/2015 12:00:00 AM,11/15/2015 12:00:00 AM,28083,14126,13957
10/19/2015 12:00:00 AM,11/16/2015 12:00:00 AM,26029,13813,12216
10/19/2015 12:00:00 AM,11/17/2015 12:00:00 AM,22117,11923,10194
10/19/2015 12:00:00 AM,11/18/2015 12:00:00 AM,22419,11923,10496
10/19/2015 12:00:00 AM,11/19/2015 12:00:00 AM,22241,11923,10318
10/19/2015 12:00:00 AM,11/20/2015 12:00:00 AM,21806,11773,10033
10/19/2015 12:00:00 AM,11/21/2015 12:00:00 AM,20600,11627,8973
10/19/2015 12:00:00 AM,11/22/2015 12:00:00 AM,20291,11506,8785
10/19/2015 12:00:00 AM,11/23/2015 12:00:00 AM,16042,8577,7465
10/19/2015 12:00:00 AM,11/24/2015 12:00:00 AM,13552,6545,7007
10/19/2015 12:00:00 AM,11/25/2015 12:00:00 AM,10940,4735,6205
10/19/2015 12:00:00 AM,11/26/2015 12:00:00 AM,10005,4735,5270
10/19/2015 12:00:00 AM,11/27/2015 12:00:00 AM,10140,4735,5405
10/19/2015 12:00:00 AM,11/28/2015 12:00:00 AM,9751,4662,5089
10/19/2015 12:00:00 AM,11/29/2015 12:00:00 AM,9902,4662,5240
10/19/2015 12:00:00 AM,11/30/2015 12:00:00 AM,9923,4662,5261
10/19/2015 12:00:00 AM,12/1/2015 12:00:00 AM,9214,4647,4567
10/19/2015 12:00:00 AM,12/2/2015 12:00:00 AM,8629,4062,4567
10/19/2015 12:00:00 AM,12/3/2015 12:00:00 AM,8629,4062,4567
10/19/2015 12:00:00 AM,12/4/2015 12:00:00 AM,7784,4062,3722
10/19/2015 12:00:00 AM,12/5/2015 12:00:00 AM,9464,5787,3677
10/19/2015 12:00:00 AM,12/6/2015 12:00:00 AM,9306,5787,3519
10/19/2015 12:00:00 AM,12/7/2015 12:00:00 AM,9316,5720,3596
10/19/2015 12:00:00 AM,12/8/2015 12:00:00 AM,7677,4081,3596
10/19/2015 12:00:00 AM,12/9/2015 12:00:00 AM,7677,4081,3596
10/19/2015 12:00:00 AM,12/10/2015 12:00:00 AM,7677,4081,3596
10/19/2015 12:00:00 AM,12/11/2015 12:00:00 AM,7076,3480,3596
10/19/2015 12:00:00 AM,12/12/2015 12:00:00 AM,7525,4006,3519
10/19/2015 12:00:00 AM,12/13/2015 12:00:00 AM,7229,4006,3223
10/19/2015 12:00:00 AM,12/14/2015 12:00:00 AM,7113,4006,3107
10/19/2015 12:00:00 AM,12/15/2015 12:00:00 AM,3821,2281,1540
10/19/2015 12:00:00 AM,12/16/2015 12:00:00 AM,3821,2281,1540
10/19/2015 12:00:00 AM,12/17/2015 12:00:00 AM,3821,2281,1540
10/19/2015 12:00:00 AM,12/18/2015 12:00:00 AM,3236,1696,1540
10/19/2015 12:00:00 AM,12/19/2015 12:00:00 AM,3223,1696,1527
10/19/2015 12:00:00 AM,12/20/2015 12:00:00 AM,3114,1696,1418
10/19/2015 12:00:00 AM,12/21/2015 12:00:00 AM,3114,1696,1418
10/19/2015 12:00:00 AM,12/22/2015 12:00:00 AM,2234,816,1418
10/19/2015 12:00:00 AM,12/23/2015 12:00:00 AM,2234,816,1418
10/19/2015 12:00:00 AM,12/24/2015 12:00:00 AM,2163,816,1347
10/19/2015 12:00:00 AM,12/25/2015 12:00:00 AM,2777,816,1961
10/19/2015 12:00:00 AM,12/26/2015 12:00:00 AM,2777,816,1961
10/19/2015 12:00:00 AM,12/27/2015 12:00:00 AM,2777,816,1961
10/19/2015 12:00:00 AM,12/28/2015 12:00:00 AM,2777,816,1961
10/19/2015 12:00:00 AM,12/29/2015 12:00:00 AM,2777,816,1961
10/19/2015 12:00:00 AM,12/30/2015 12:00:00 AM,1991,816,1175
10/19/2015 12:00:00 AM,12/31/2015 12:00:00 AM,1991,816,1175
10/19/2015 12:00:00 AM,1/1/2016 12:00:00 AM,1932,816,1116
10/19/2015 12:00:00 AM,1/2/2016 12:00:00 AM,1280,766,514
10/19/2015 12:00:00 AM,1/3/2016 12:00:00 AM,1280,766,514
10/19/2015 12:00:00 AM,1/4/2016 12:00:00 AM,1280,766,514
10/19/2015 12:00:00 AM,1/5/2016 12:00:00 AM,1280,766,514
10/19/2015 12:00:00 AM,1/6/2016 12:00:00 AM,1280,766,514
10/19/2015 12:00:00 AM,1/7/2016 12:00:00 AM,1280,766,514
10/19/2015 12:00:00 AM,1/8/2016 12:00:00 AM,1280,766,514
10/19/2015 12:00:00 AM,1/9/2016 12:00:00 AM,1280,766,514
10/19/2015 12:00:00 AM,1/10/2016 12:00:00 AM,1280,766,514
10/19/2015 12:00:00 AM,1/11/2016 12:00:00 AM,778,766,12
10/19/2015 12:00:00 AM,1/12/2016 12:00:00 AM,778,766,12
10/19/2015 12:00:00 AM,1/13/2016 12:00:00 AM,778,766,12
10/19/2015 12:00:00 AM,1/14/2016 12:00:00 AM,778,766,12
10/19/2015 12:00:00 AM,1/15/2016 12:00:00 AM,778,766,12
10/19/2015 12:00:00 AM,1/16/2016 12:00:00 AM,766,766,0
10/19/2015 12:00:00 AM,1/17/2016 12:00:00 AM,779,766,13
10/19/2015 12:00:00 AM,1/18/2016 12:00:00 AM,779,766,13
10/18/2015 12:00:00 AM,10/19/2015 12:00:00 AM,39020,16339,22681
10/18/2015 12:00:00 AM,10/20/2015 12:00:00 AM,38746,16439,22307
10/18/2015 12:00:00 AM,10/21/2015 12:00:00 AM,37437,16189,21248
10/18/2015 12:00:00 AM,10/22/2015 12:00:00 AM,37387,15902,21485
10/18/2015 12:00:00 AM,10/23/2015 12:00:00 AM,36804,16382,20422
10/18/2015 12:00:00 AM,10/24/2015 12:00:00 AM,37410,18376,19034
10/18/2015 12:00:00 AM,10/25/2015 12:00:00 AM,37096,17716,19380
10/18/2015 12:00:00 AM,10/26/2015 12:00:00 AM,36418,17810,18608
10/18/2015 12:00:00 AM,10/27/2015 12:00:00 AM,33131,15493,17638
10/18/2015 12:00:00 AM,10/28/2015 12:00:00 AM,32532,14686,17846
10/18/2015 12:00:00 AM,10/29/2015 12:00:00 AM,31507,13920,17587
10/18/2015 12:00:00 AM,10/30/2015 12:00:00 AM,33920,14601,19319
10/18/2015 12:00:00 AM,10/31/2015 12:00:00 AM,35984,15523,20461
10/18/2015 12:00:00 AM,11/1/2015 12:00:00 AM,35453,15970,19483
10/18/2015 12:00:00 AM,11/2/2015 12:00:00 AM,36544,17414,19130
10/18/2015 12:00:00 AM,11/3/2015 12:00:00 AM,34494,15255,19239
10/18/2015 12:00:00 AM,11/4/2015 12:00:00 AM,34556,15206,19350
10/18/2015 12:00:00 AM,11/5/2015 12:00:00 AM,32912,14537,18375
10/18/2015 12:00:00 AM,11/6/2015 12:00:00 AM,33879,15543,18336
10/18/2015 12:00:00 AM,11/7/2015 12:00:00 AM,33469,15372,18097
10/18/2015 12:00:00 AM,11/8/2015 12:00:00 AM,34058,15448,18610
10/18/2015 12:00:00 AM,11/9/2015 12:00:00 AM,32744,15280,17464
10/18/2015 12:00:00 AM,11/10/2015 12:00:00 AM,29973,12959,17014
10/18/2015 12:00:00 AM,11/11/2015 12:00:00 AM,29704,12799,16905
10/18/2015 12:00:00 AM,11/12/2015 12:00:00 AM,27771,12925,14846
10/18/2015 12:00:00 AM,11/13/2015 12:00:00 AM,27771,12925,14846
10/18/2015 12:00:00 AM,11/14/2015 12:00:00 AM,29770,15118,14652
10/18/2015 12:00:00 AM,11/15/2015 12:00:00 AM,28083,14126,13957
10/18/2015 12:00:00 AM,11/16/2015 12:00:00 AM,26029,13813,12216
10/18/2015 12:00:00 AM,11/17/2015 12:00:00 AM,22117,11923,10194
10/18/2015 12:00:00 AM,11/18/2015 12:00:00 AM,22419,11923,10496
10/18/2015 12:00:00 AM,11/19/2015 12:00:00 AM,22241,11923,10318
10/18/2015 12:00:00 AM,11/20/2015 12:00:00 AM,21806,11773,10033
10/18/2015 12:00:00 AM,11/21/2015 12:00:00 AM,20600,11627,8973
10/18/2015 12:00:00 AM,11/22/2015 12:00:00 AM,20291,11506,8785
10/18/2015 12:00:00 AM,11/23/2015 12:00:00 AM,16042,8577,7465
10/18/2015 12:00:00 AM,11/24/2015 12:00:00 AM,13552,6545,7007
10/18/2015 12:00:00 AM,11/25/2015 12:00:00 AM,10940,4735,6205
10/18/2015 12:00:00 AM,11/26/2015 12:00:00 AM,10005,4735,5270
10/18/2015 12:00:00 AM,11/27/2015 12:00:00 AM,10140,4735,5405
10/18/2015 12:00:00 AM,11/28/2015 12:00:00 AM,9751,4662,5089
10/18/2015 12:00:00 AM,11/29/2015 12:00:00 AM,9902,4662,5240
10/18/2015 12:00:00 AM,11/30/2015 12:00:00 AM,9923,4662,5261
10/18/2015 12:00:00 AM,12/1/2015 12:00:00 AM,9214,4647,4567
10/18/2015 12:00:00 AM,12/2/2015 12:00:00 AM,8629,4062,4567
10/18/2015 12:00:00 AM,12/3/2015 12:00:00 AM,8629,4062,4567
10/18/2015 12:00:00 AM,12/4/2015 12:00:00 AM,7784,4062,3722
10/18/2015 12:00:00 AM,12/5/2015 12:00:00 AM,9464,5787,3677
10/18/2015 12:00:00 AM,12/6/2015 12:00:00 AM,9306,5787,3519
10/18/2015 12:00:00 AM,12/7/2015 12:00:00 AM,9316,5720,3596
10/18/2015 12:00:00 AM,12/8/2015 12:00:00 AM,7677,4081,3596
10/18/2015 12:00:00 AM,12/9/2015 12:00:00 AM,7677,4081,3596
10/18/2015 12:00:00 AM,12/10/2015 12:00:00 AM,7677,4081,3596
10/18/2015 12:00:00 AM,12/11/2015 12:00:00 AM,7076,3480,3596
10/18/2015 12:00:00 AM,12/12/2015 12:00:00 AM,7525,4006,3519
10/18/2015 12:00:00 AM,12/13/2015 12:00:00 AM,7229,4006,3223
10/18/2015 12:00:00 AM,12/14/2015 12:00:00 AM,7113,4006,3107
10/18/2015 12:00:00 AM,12/15/2015 12:00:00 AM,3821,2281,1540
10/18/2015 12:00:00 AM,12/16/2015 12:00:00 AM,3821,2281,1540
10/18/2015 12:00:00 AM,12/17/2015 12:00:00 AM,3821,2281,1540
10/18/2015 12:00:00 AM,12/18/2015 12:00:00 AM,3236,1696,1540
10/18/2015 12:00:00 AM,12/19/2015 12:00:00 AM,3223,1696,1527
10/18/2015 12:00:00 AM,12/20/2015 12:00:00 AM,3114,1696,1418
10/18/2015 12:00:00 AM,12/21/2015 12:00:00 AM,3114,1696,1418
10/18/2015 12:00:00 AM,12/22/2015 12:00:00 AM,2234,816,1418
10/18/2015 12:00:00 AM,12/23/2015 12:00:00 AM,2234,816,1418
10/18/2015 12:00:00 AM,12/24/2015 12:00:00 AM,2163,816,1347
10/18/2015 12:00:00 AM,12/25/2015 12:00:00 AM,2777,816,1961
10/18/2015 12:00:00 AM,12/26/2015 12:00:00 AM,2777,816,1961
10/18/2015 12:00:00 AM,12/27/2015 12:00:00 AM,2777,816,1961
10/18/2015 12:00:00 AM,12/28/2015 12:00:00 AM,2777,816,1961
10/18/2015 12:00:00 AM,12/29/2015 12:00:00 AM,2777,816,1961
10/18/2015 12:00:00 AM,12/30/2015 12:00:00 AM,1991,816,1175
10/18/2015 12:00:00 AM,12/31/2015 12:00:00 AM,1991,816,1175
10/18/2015 12:00:00 AM,1/1/2016 12:00:00 AM,1932,816,1116
10/18/2015 12:00:00 AM,1/2/2016 12:00:00 AM,1280,766,514
10/18/2015 12:00:00 AM,1/3/2016 12:00:00 AM,1280,766,514
10/18/2015 12:00:00 AM,1/4/2016 12:00:00 AM,1280,766,514
10/18/2015 12:00:00 AM,1/5/2016 12:00:00 AM,1280,766,514
10/18/2015 12:00:00 AM,1/6/2016 12:00:00 AM,1280,766,514
10/18/2015 12:00:00 AM,1/7/2016 12:00:00 AM,1280,766,514
10/18/2015 12:00:00 AM,1/8/2016 12:00:00 AM,1280,766,514
10/18/2015 12:00:00 AM,1/9/2016 12:00:00 AM,1280,766,514
10/18/2015 12:00:00 AM,1/10/2016 12:00:00 AM,1280,766,514
10/18/2015 12:00:00 AM,1/11/2016 12:00:00 AM,778,766,12
10/18/2015 12:00:00 AM,1/12/2016 12:00:00 AM,778,766,12
10/18/2015 12:00:00 AM,1/13/2016 12:00:00 AM,778,766,12
10/18/2015 12:00:00 AM,1/14/2016 12:00:00 AM,778,766,12
10/18/2015 12:00:00 AM,1/15/2016 12:00:00 AM,778,766,12
10/18/2015 12:00:00 AM,1/16/2016 12:00:00 AM,766,766,0
10/18/2015 12:00:00 AM,1/17/2016 12:00:00 AM,779,766,13
10/17/2015 12:00:00 AM,10/18/2015 12:00:00 AM,36651,15903,20748
10/17/2015 12:00:00 AM,10/19/2015 12:00:00 AM,39117,16416,22701
10/17/2015 12:00:00 AM,10/20/2015 12:00:00 AM,38823,16516,22307
10/17/2015 12:00:00 AM,10/21/2015 12:00:00 AM,37514,16266,21248
10/17/2015 12:00:00 AM,10/22/2015 12:00:00 AM,37464,15979,21485
10/17/2015 12:00:00 AM,10/23/2015 12:00:00 AM,36881,16459,20422
10/17/2015 12:00:00 AM,10/24/2015 12:00:00 AM,37487,18453,19034
10/17/2015 12:00:00 AM,10/25/2015 12:00:00 AM,37173,17793,19380
10/17/2015 12:00:00 AM,10/26/2015 12:00:00 AM,36495,17887,18608
10/17/2015 12:00:00 AM,10/27/2015 12:00:00 AM,33208,15570,17638
10/17/2015 12:00:00 AM,10/28/2015 12:00:00 AM,32609,14763,17846
10/17/2015 12:00:00 AM,10/29/2015 12:00:00 AM,31584,13997,17587
10/17/2015 12:00:00 AM,10/30/2015 12:00:00 AM,33997,14678,19319
10/17/2015 12:00:00 AM,10/31/2015 12:00:00 AM,36061,15600,20461
10/17/2015 12:00:00 AM,11/1/2015 12:00:00 AM,35453,15970,19483
10/17/2015 12:00:00 AM,11/2/2015 12:00:00 AM,36544,17414,19130
10/17/2015 12:00:00 AM,11/3/2015 12:00:00 AM,34494,15255,19239
10/17/2015 12:00:00 AM,11/4/2015 12:00:00 AM,34556,15206,19350
10/17/2015 12:00:00 AM,11/5/2015 12:00:00 AM,32912,14537,18375
10/17/2015 12:00:00 AM,11/6/2015 12:00:00 AM,33879,15543,18336
10/17/2015 12:00:00 AM,11/7/2015 12:00:00 AM,33469,15372,18097
10/17/2015 12:00:00 AM,11/8/2015 12:00:00 AM,34058,15448,18610
10/17/2015 12:00:00 AM,11/9/2015 12:00:00 AM,32744,15280,17464
10/17/2015 12:00:00 AM,11/10/2015 12:00:00 AM,29973,12959,17014
10/17/2015 12:00:00 AM,11/11/2015 12:00:00 AM,29704,12799,16905
10/17/2015 12:00:00 AM,11/12/2015 12:00:00 AM,27771,12925,14846
10/17/2015 12:00:00 AM,11/13/2015 12:00:00 AM,27771,12925,14846
10/17/2015 12:00:00 AM,11/14/2015 12:00:00 AM,29770,15118,14652
10/17/2015 12:00:00 AM,11/15/2015 12:00:00 AM,28083,14126,13957
10/17/2015 12:00:00 AM,11/16/2015 12:00:00 AM,26029,13813,12216
10/17/2015 12:00:00 AM,11/17/2015 12:00:00 AM,22117,11923,10194
10/17/2015 12:00:00 AM,11/18/2015 12:00:00 AM,22419,11923,10496
10/17/2015 12:00:00 AM,11/19/2015 12:00:00 AM,22241,11923,10318
10/17/2015 12:00:00 AM,11/20/2015 12:00:00 AM,21806,11773,10033
10/17/2015 12:00:00 AM,11/21/2015 12:00:00 AM,20600,11627,8973
10/17/2015 12:00:00 AM,11/22/2015 12:00:00 AM,20291,11506,8785
10/17/2015 12:00:00 AM,11/23/2015 12:00:00 AM,16042,8577,7465
10/17/2015 12:00:00 AM,11/24/2015 12:00:00 AM,13552,6545,7007
10/17/2015 12:00:00 AM,11/25/2015 12:00:00 AM,10940,4735,6205
10/17/2015 12:00:00 AM,11/26/2015 12:00:00 AM,10005,4735,5270
10/17/2015 12:00:00 AM,11/27/2015 12:00:00 AM,10140,4735,5405
10/17/2015 12:00:00 AM,11/28/2015 12:00:00 AM,9751,4662,5089
10/17/2015 12:00:00 AM,11/29/2015 12:00:00 AM,9902,4662,5240
10/17/2015 12:00:00 AM,11/30/2015 12:00:00 AM,9923,4662,5261
10/17/2015 12:00:00 AM,12/1/2015 12:00:00 AM,9214,4647,4567
10/17/2015 12:00:00 AM,12/2/2015 12:00:00 AM,8629,4062,4567
10/17/2015 12:00:00 AM,12/3/2015 12:00:00 AM,8629,4062,4567
10/17/2015 12:00:00 AM,12/4/2015 12:00:00 AM,7784,4062,3722
10/17/2015 12:00:00 AM,12/5/2015 12:00:00 AM,9464,5787,3677
10/17/2015 12:00:00 AM,12/6/2015 12:00:00 AM,9306,5787,3519
10/17/2015 12:00:00 AM,12/7/2015 12:00:00 AM,9316,5720,3596
10/17/2015 12:00:00 AM,12/8/2015 12:00:00 AM,7677,4081,3596
10/17/2015 12:00:00 AM,12/9/2015 12:00:00 AM,7677,4081,3596
10/17/2015 12:00:00 AM,12/10/2015 12:00:00 AM,7677,4081,3596
10/17/2015 12:00:00 AM,12/11/2015 12:00:00 AM,7076,3480,3596
10/17/2015 12:00:00 AM,12/12/2015 12:00:00 AM,7525,4006,3519
10/17/2015 12:00:00 AM,12/13/2015 12:00:00 AM,7229,4006,3223
10/17/2015 12:00:00 AM,12/14/2015 12:00:00 AM,7113,4006,3107
10/17/2015 12:00:00 AM,12/15/2015 12:00:00 AM,3821,2281,1540
10/17/2015 12:00:00 AM,12/16/2015 12:00:00 AM,3821,2281,1540
10/17/2015 12:00:00 AM,12/17/2015 12:00:00 AM,3821,2281,1540
10/17/2015 12:00:00 AM,12/18/2015 12:00:00 AM,3236,1696,1540
10/17/2015 12:00:00 AM,12/19/2015 12:00:00 AM,3223,1696,1527
10/17/2015 12:00:00 AM,12/20/2015 12:00:00 AM,3114,1696,1418
10/17/2015 12:00:00 AM,12/21/2015 12:00:00 AM,3114,1696,1418
10/17/2015 12:00:00 AM,12/22/2015 12:00:00 AM,2234,816,1418
10/17/2015 12:00:00 AM,12/23/2015 12:00:00 AM,2234,816,1418
10/17/2015 12:00:00 AM,12/24/2015 12:00:00 AM,2163,816,1347
10/17/2015 12:00:00 AM,12/25/2015 12:00:00 AM,2777,816,1961
10/17/2015 12:00:00 AM,12/26/2015 12:00:00 AM,2777,816,1961
10/17/2015 12:00:00 AM,12/27/2015 12:00:00 AM,2777,816,1961
10/17/2015 12:00:00 AM,12/28/2015 12:00:00 AM,2777,816,1961
10/17/2015 12:00:00 AM,12/29/2015 12:00:00 AM,2777,816,1961
10/17/2015 12:00:00 AM,12/30/2015 12:00:00 AM,1991,816,1175
10/17/2015 12:00:00 AM,12/31/2015 12:00:00 AM,1991,816,1175
10/17/2015 12:00:00 AM,1/1/2016 12:00:00 AM,1932,816,1116
10/17/2015 12:00:00 AM,1/2/2016 12:00:00 AM,1280,766,514
10/17/2015 12:00:00 AM,1/3/2016 12:00:00 AM,1280,766,514
10/17/2015 12:00:00 AM,1/4/2016 12:00:00 AM,1280,766,514
10/17/2015 12:00:00 AM,1/5/2016 12:00:00 AM,1280,766,514
10/17/2015 12:00:00 AM,1/6/2016 12:00:00 AM,1280,766,514
10/17/2015 12:00:00 AM,1/7/2016 12:00:00 AM,1280,766,514
10/17/2015 12:00:00 AM,1/8/2016 12:00:00 AM,1280,766,514
10/17/2015 12:00:00 AM,1/9/2016 12:00:00 AM,1280,766,514
10/17/2015 12:00:00 AM,1/10/2016 12:00:00 AM,1280,766,514
10/17/2015 12:00:00 AM,1/11/2016 12:00:00 AM,778,766,12
10/17/2015 12:00:00 AM,1/12/2016 12:00:00 AM,778,766,12
10/17/2015 12:00:00 AM,1/13/2016 12:00:00 AM,778,766,12
10/17/2015 12:00:00 AM,1/14/2016 12:00:00 AM,778,766,12
10/17/2015 12:00:00 AM,1/15/2016 12:00:00 AM,778,766,12
10/17/2015 12:00:00 AM,1/16/2016 12:00:00 AM,766,766,0
10/16/2015 12:00:00 AM,10/17/2015 12:00:00 AM,39418,17340,22078
10/16/2015 12:00:00 AM,10/18/2015 12:00:00 AM,39528,17200,22328
10/16/2015 12:00:00 AM,10/19/2015 12:00:00 AM,39918,17002,22916
10/16/2015 12:00:00 AM,10/20/2015 12:00:00 AM,39038,16602,22436
10/16/2015 12:00:00 AM,10/21/2015 12:00:00 AM,37729,16352,21377
10/16/2015 12:00:00 AM,10/22/2015 12:00:00 AM,37679,16065,21614
10/16/2015 12:00:00 AM,10/23/2015 12:00:00 AM,37096,16545,20551
10/16/2015 12:00:00 AM,10/24/2015 12:00:00 AM,37626,18463,19163
10/16/2015 12:00:00 AM,10/25/2015 12:00:00 AM,37327,17803,19524
10/16/2015 12:00:00 AM,10/26/2015 12:00:00 AM,36638,17886,18752
10/16/2015 12:00:00 AM,10/27/2015 12:00:00 AM,33321,15539,17782
10/16/2015 12:00:00 AM,10/28/2015 12:00:00 AM,32722,14732,17990
10/16/2015 12:00:00 AM,10/29/2015 12:00:00 AM,31653,13922,17731
10/16/2015 12:00:00 AM,10/30/2015 12:00:00 AM,34066,14603,19463
10/16/2015 12:00:00 AM,10/31/2015 12:00:00 AM,36130,15525,20605
10/16/2015 12:00:00 AM,11/1/2015 12:00:00 AM,35598,15971,19627
10/16/2015 12:00:00 AM,11/2/2015 12:00:00 AM,36645,17371,19274
10/16/2015 12:00:00 AM,11/3/2015 12:00:00 AM,34479,15096,19383
10/16/2015 12:00:00 AM,11/4/2015 12:00:00 AM,34541,15047,19494
10/16/2015 12:00:00 AM,11/5/2015 12:00:00 AM,32897,14378,18519
10/16/2015 12:00:00 AM,11/6/2015 12:00:00 AM,33864,15384,18480
10/16/2015 12:00:00 AM,11/7/2015 12:00:00 AM,33310,15213,18097
10/16/2015 12:00:00 AM,11/8/2015 12:00:00 AM,33899,15289,18610
10/16/2015 12:00:00 AM,11/9/2015 12:00:00 AM,32585,15121,17464
10/16/2015 12:00:00 AM,11/10/2015 12:00:00 AM,29814,12800,17014
10/16/2015 12:00:00 AM,11/11/2015 12:00:00 AM,29705,12800,16905
10/16/2015 12:00:00 AM,11/12/2015 12:00:00 AM,27772,12926,14846
10/16/2015 12:00:00 AM,11/13/2015 12:00:00 AM,27772,12926,14846
10/16/2015 12:00:00 AM,11/14/2015 12:00:00 AM,29771,15119,14652
10/16/2015 12:00:00 AM,11/15/2015 12:00:00 AM,28084,14127,13957
10/16/2015 12:00:00 AM,11/16/2015 12:00:00 AM,26030,13814,12216
10/16/2015 12:00:00 AM,11/17/2015 12:00:00 AM,22118,11924,10194
10/16/2015 12:00:00 AM,11/18/2015 12:00:00 AM,22118,11924,10194
10/16/2015 12:00:00 AM,11/19/2015 12:00:00 AM,21940,11924,10016
10/16/2015 12:00:00 AM,11/20/2015 12:00:00 AM,21807,11774,10033
10/16/2015 12:00:00 AM,11/21/2015 12:00:00 AM,20601,11628,8973
10/16/2015 12:00:00 AM,11/22/2015 12:00:00 AM,20292,11507,8785
10/16/2015 12:00:00 AM,11/23/2015 12:00:00 AM,16043,8578,7465
10/16/2015 12:00:00 AM,11/24/2015 12:00:00 AM,13553,6546,7007
10/16/2015 12:00:00 AM,11/25/2015 12:00:00 AM,10941,4736,6205
10/16/2015 12:00:00 AM,11/26/2015 12:00:00 AM,10006,4736,5270
10/16/2015 12:00:00 AM,11/27/2015 12:00:00 AM,10141,4736,5405
10/16/2015 12:00:00 AM,11/28/2015 12:00:00 AM,9752,4663,5089
10/16/2015 12:00:00 AM,11/29/2015 12:00:00 AM,9903,4663,5240
10/16/2015 12:00:00 AM,11/30/2015 12:00:00 AM,9924,4663,5261
10/16/2015 12:00:00 AM,12/1/2015 12:00:00 AM,9215,4648,4567
10/16/2015 12:00:00 AM,12/2/2015 12:00:00 AM,8629,4062,4567
10/16/2015 12:00:00 AM,12/3/2015 12:00:00 AM,7784,4062,3722
10/16/2015 12:00:00 AM,12/4/2015 12:00:00 AM,7784,4062,3722
10/16/2015 12:00:00 AM,12/5/2015 12:00:00 AM,9464,5787,3677
10/16/2015 12:00:00 AM,12/6/2015 12:00:00 AM,9306,5787,3519
10/16/2015 12:00:00 AM,12/7/2015 12:00:00 AM,9316,5720,3596
10/16/2015 12:00:00 AM,12/8/2015 12:00:00 AM,7677,4081,3596
10/16/2015 12:00:00 AM,12/9/2015 12:00:00 AM,7677,4081,3596
10/16/2015 12:00:00 AM,12/10/2015 12:00:00 AM,7677,4081,3596
10/16/2015 12:00:00 AM,12/11/2015 12:00:00 AM,7076,3480,3596
10/16/2015 12:00:00 AM,12/12/2015 12:00:00 AM,7525,4006,3519
10/16/2015 12:00:00 AM,12/13/2015 12:00:00 AM,7229,4006,3223
10/16/2015 12:00:00 AM,12/14/2015 12:00:00 AM,7113,4006,3107
10/16/2015 12:00:00 AM,12/15/2015 12:00:00 AM,3821,2281,1540
10/16/2015 12:00:00 AM,12/16/2015 12:00:00 AM,3821,2281,1540
10/16/2015 12:00:00 AM,12/17/2015 12:00:00 AM,3821,2281,1540
10/16/2015 12:00:00 AM,12/18/2015 12:00:00 AM,3236,1696,1540
10/16/2015 12:00:00 AM,12/19/2015 12:00:00 AM,3223,1696,1527
10/16/2015 12:00:00 AM,12/20/2015 12:00:00 AM,3114,1696,1418
10/16/2015 12:00:00 AM,12/21/2015 12:00:00 AM,3114,1696,1418
10/16/2015 12:00:00 AM,12/22/2015 12:00:00 AM,2234,816,1418
10/16/2015 12:00:00 AM,12/23/2015 12:00:00 AM,2234,816,1418
10/16/2015 12:00:00 AM,12/24/2015 12:00:00 AM,2163,816,1347
10/16/2015 12:00:00 AM,12/25/2015 12:00:00 AM,2777,816,1961
10/16/2015 12:00:00 AM,12/26/2015 12:00:00 AM,2777,816,1961
10/16/2015 12:00:00 AM,12/27/2015 12:00:00 AM,2777,816,1961
10/16/2015 12:00:00 AM,12/28/2015 12:00:00 AM,2777,816,1961
10/16/2015 12:00:00 AM,12/29/2015 12:00:00 AM,2777,816,1961
10/16/2015 12:00:00 AM,12/30/2015 12:00:00 AM,1991,816,1175
10/16/2015 12:00:00 AM,12/31/2015 12:00:00 AM,1991,816,1175
10/16/2015 12:00:00 AM,1/1/2016 12:00:00 AM,1932,816,1116
10/16/2015 12:00:00 AM,1/2/2016 12:00:00 AM,1280,766,514
10/16/2015 12:00:00 AM,1/3/2016 12:00:00 AM,1280,766,514
10/16/2015 12:00:00 AM,1/4/2016 12:00:00 AM,1280,766,514
10/16/2015 12:00:00 AM,1/5/2016 12:00:00 AM,1280,766,514
10/16/2015 12:00:00 AM,1/6/2016 12:00:00 AM,1280,766,514
10/16/2015 12:00:00 AM,1/7/2016 12:00:00 AM,1280,766,514
10/16/2015 12:00:00 AM,1/8/2016 12:00:00 AM,1280,766,514
10/16/2015 12:00:00 AM,1/9/2016 12:00:00 AM,1280,766,514
10/16/2015 12:00:00 AM,1/10/2016 12:00:00 AM,1280,766,514
10/16/2015 12:00:00 AM,1/11/2016 12:00:00 AM,778,766,12
10/16/2015 12:00:00 AM,1/12/2016 12:00:00 AM,778,766,12
10/16/2015 12:00:00 AM,1/13/2016 12:00:00 AM,778,766,12
10/16/2015 12:00:00 AM,1/14/2016 12:00:00 AM,778,766,12
10/16/2015 12:00:00 AM,1/15/2016 12:00:00 AM,778,766,12
10/15/2015 12:00:00 AM,10/16/2015 12:00:00 AM,35034,16264,18770
10/15/2015 12:00:00 AM,10/17/2015 12:00:00 AM,39734,17655,22079
10/15/2015 12:00:00 AM,10/18/2015 12:00:00 AM,39113,16870,22243
10/15/2015 12:00:00 AM,10/19/2015 12:00:00 AM,39502,16731,22771
10/15/2015 12:00:00 AM,10/20/2015 12:00:00 AM,38767,16390,22377
10/15/2015 12:00:00 AM,10/21/2015 12:00:00 AM,37518,16140,21378
10/15/2015 12:00:00 AM,10/22/2015 12:00:00 AM,37468,15853,21615
10/15/2015 12:00:00 AM,10/23/2015 12:00:00 AM,37028,16476,20552
10/15/2015 12:00:00 AM,10/24/2015 12:00:00 AM,37648,18485,19163
10/15/2015 12:00:00 AM,10/25/2015 12:00:00 AM,37349,17825,19524
10/15/2015 12:00:00 AM,10/26/2015 12:00:00 AM,36638,17886,18752
10/15/2015 12:00:00 AM,10/27/2015 12:00:00 AM,33321,15539,17782
10/15/2015 12:00:00 AM,10/28/2015 12:00:00 AM,32722,14732,17990
10/15/2015 12:00:00 AM,10/29/2015 12:00:00 AM,31653,13922,17731
10/15/2015 12:00:00 AM,10/30/2015 12:00:00 AM,34066,14603,19463
10/15/2015 12:00:00 AM,10/31/2015 12:00:00 AM,36130,15525,20605
10/15/2015 12:00:00 AM,11/1/2015 12:00:00 AM,35598,15971,19627
10/15/2015 12:00:00 AM,11/2/2015 12:00:00 AM,36645,17371,19274
10/15/2015 12:00:00 AM,11/3/2015 12:00:00 AM,34479,15096,19383
10/15/2015 12:00:00 AM,11/4/2015 12:00:00 AM,34541,15047,19494
10/15/2015 12:00:00 AM,11/5/2015 12:00:00 AM,32897,14378,18519
10/15/2015 12:00:00 AM,11/6/2015 12:00:00 AM,33864,15384,18480
10/15/2015 12:00:00 AM,11/7/2015 12:00:00 AM,33310,15213,18097
10/15/2015 12:00:00 AM,11/8/2015 12:00:00 AM,33519,15289,18230
10/15/2015 12:00:00 AM,11/9/2015 12:00:00 AM,32585,15121,17464
10/15/2015 12:00:00 AM,11/10/2015 12:00:00 AM,29814,12800,17014
10/15/2015 12:00:00 AM,11/11/2015 12:00:00 AM,29705,12800,16905
10/15/2015 12:00:00 AM,11/12/2015 12:00:00 AM,27772,12926,14846
10/15/2015 12:00:00 AM,11/13/2015 12:00:00 AM,27772,12926,14846
10/15/2015 12:00:00 AM,11/14/2015 12:00:00 AM,29771,15119,14652
10/15/2015 12:00:00 AM,11/15/2015 12:00:00 AM,28083,14127,13956
10/15/2015 12:00:00 AM,11/16/2015 12:00:00 AM,26596,13814,12782
10/15/2015 12:00:00 AM,11/17/2015 12:00:00 AM,22117,11924,10193
10/15/2015 12:00:00 AM,11/18/2015 12:00:00 AM,22117,11924,10193
10/15/2015 12:00:00 AM,11/19/2015 12:00:00 AM,21939,11924,10015
10/15/2015 12:00:00 AM,11/20/2015 12:00:00 AM,21806,11774,10032
10/15/2015 12:00:00 AM,11/21/2015 12:00:00 AM,20600,11628,8972
10/15/2015 12:00:00 AM,11/22/2015 12:00:00 AM,20291,11507,8784
10/15/2015 12:00:00 AM,11/23/2015 12:00:00 AM,16042,8578,7464
10/15/2015 12:00:00 AM,11/24/2015 12:00:00 AM,13552,6546,7006
10/15/2015 12:00:00 AM,11/25/2015 12:00:00 AM,10940,4736,6204
10/15/2015 12:00:00 AM,11/26/2015 12:00:00 AM,10005,4736,5269
10/15/2015 12:00:00 AM,11/27/2015 12:00:00 AM,10140,4736,5404
10/15/2015 12:00:00 AM,11/28/2015 12:00:00 AM,9751,4663,5088
10/15/2015 12:00:00 AM,11/29/2015 12:00:00 AM,9902,4663,5239
10/15/2015 12:00:00 AM,11/30/2015 12:00:00 AM,9923,4663,5260
10/15/2015 12:00:00 AM,12/1/2015 12:00:00 AM,9215,4648,4567
10/15/2015 12:00:00 AM,12/2/2015 12:00:00 AM,8629,4062,4567
10/15/2015 12:00:00 AM,12/3/2015 12:00:00 AM,7784,4062,3722
10/15/2015 12:00:00 AM,12/4/2015 12:00:00 AM,7784,4062,3722
10/15/2015 12:00:00 AM,12/5/2015 12:00:00 AM,9464,5787,3677
10/15/2015 12:00:00 AM,12/6/2015 12:00:00 AM,9306,5787,3519
10/15/2015 12:00:00 AM,12/7/2015 12:00:00 AM,9257,5661,3596
10/15/2015 12:00:00 AM,12/8/2015 12:00:00 AM,7618,4022,3596
10/15/2015 12:00:00 AM,12/9/2015 12:00:00 AM,7618,4022,3596
10/15/2015 12:00:00 AM,12/10/2015 12:00:00 AM,7618,4022,3596
10/15/2015 12:00:00 AM,12/11/2015 12:00:00 AM,7017,3421,3596
10/15/2015 12:00:00 AM,12/12/2015 12:00:00 AM,7525,4006,3519
10/15/2015 12:00:00 AM,12/13/2015 12:00:00 AM,7229,4006,3223
10/15/2015 12:00:00 AM,12/14/2015 12:00:00 AM,7113,4006,3107
10/15/2015 12:00:00 AM,12/15/2015 12:00:00 AM,3821,2281,1540
10/15/2015 12:00:00 AM,12/16/2015 12:00:00 AM,3821,2281,1540
10/15/2015 12:00:00 AM,12/17/2015 12:00:00 AM,3821,2281,1540
10/15/2015 12:00:00 AM,12/18/2015 12:00:00 AM,3236,1696,1540
10/15/2015 12:00:00 AM,12/19/2015 12:00:00 AM,3223,1696,1527
10/15/2015 12:00:00 AM,12/20/2015 12:00:00 AM,3114,1696,1418
10/15/2015 12:00:00 AM,12/21/2015 12:00:00 AM,3114,1696,1418
10/15/2015 12:00:00 AM,12/22/2015 12:00:00 AM,2234,816,1418
10/15/2015 12:00:00 AM,12/23/2015 12:00:00 AM,2234,816,1418
10/15/2015 12:00:00 AM,12/24/2015 12:00:00 AM,2163,816,1347
10/15/2015 12:00:00 AM,12/25/2015 12:00:00 AM,2777,816,1961
10/15/2015 12:00:00 AM,12/26/2015 12:00:00 AM,2777,816,1961
10/15/2015 12:00:00 AM,12/27/2015 12:00:00 AM,2777,816,1961
10/15/2015 12:00:00 AM,12/28/2015 12:00:00 AM,2777,816,1961
10/15/2015 12:00:00 AM,12/29/2015 12:00:00 AM,2777,816,1961
10/15/2015 12:00:00 AM,12/30/2015 12:00:00 AM,1991,816,1175
10/15/2015 12:00:00 AM,12/31/2015 12:00:00 AM,1991,816,1175
10/15/2015 12:00:00 AM,1/1/2016 12:00:00 AM,1932,816,1116
10/15/2015 12:00:00 AM,1/2/2016 12:00:00 AM,1280,766,514
10/15/2015 12:00:00 AM,1/3/2016 12:00:00 AM,1280,766,514
10/15/2015 12:00:00 AM,1/4/2016 12:00:00 AM,1280,766,514
10/15/2015 12:00:00 AM,1/5/2016 12:00:00 AM,1280,766,514
10/15/2015 12:00:00 AM,1/6/2016 12:00:00 AM,1280,766,514
10/15/2015 12:00:00 AM,1/7/2016 12:00:00 AM,1280,766,514
10/15/2015 12:00:00 AM,1/8/2016 12:00:00 AM,1280,766,514
10/15/2015 12:00:00 AM,1/9/2016 12:00:00 AM,1280,766,514
10/15/2015 12:00:00 AM,1/10/2016 12:00:00 AM,1280,766,514
10/15/2015 12:00:00 AM,1/11/2016 12:00:00 AM,778,766,12
10/15/2015 12:00:00 AM,1/12/2016 12:00:00 AM,778,766,12
10/15/2015 12:00:00 AM,1/13/2016 12:00:00 AM,778,766,12
10/15/2015 12:00:00 AM,1/14/2016 12:00:00 AM,778,766,12
10/14/2015 12:00:00 AM,10/15/2015 12:00:00 AM,34345,15995,18350
10/14/2015 12:00:00 AM,10/16/2015 12:00:00 AM,35024,16294,18730
10/14/2015 12:00:00 AM,10/17/2015 12:00:00 AM,39734,17655,22079
10/14/2015 12:00:00 AM,10/18/2015 12:00:00 AM,39113,16870,22243
10/14/2015 12:00:00 AM,10/19/2015 12:00:00 AM,39502,16731,22771
10/14/2015 12:00:00 AM,10/20/2015 12:00:00 AM,38767,16390,22377
10/14/2015 12:00:00 AM,10/21/2015 12:00:00 AM,37518,16140,21378
10/14/2015 12:00:00 AM,10/22/2015 12:00:00 AM,37468,15853,21615
10/14/2015 12:00:00 AM,10/23/2015 12:00:00 AM,37028,16476,20552
10/14/2015 12:00:00 AM,10/24/2015 12:00:00 AM,37648,18485,19163
10/14/2015 12:00:00 AM,10/25/2015 12:00:00 AM,37349,17825,19524
10/14/2015 12:00:00 AM,10/26/2015 12:00:00 AM,36638,17886,18752
10/14/2015 12:00:00 AM,10/27/2015 12:00:00 AM,32511,15539,16972
10/14/2015 12:00:00 AM,10/28/2015 12:00:00 AM,31912,14732,17180
10/14/2015 12:00:00 AM,10/29/2015 12:00:00 AM,31653,13922,17731
10/14/2015 12:00:00 AM,10/30/2015 12:00:00 AM,34066,14603,19463
10/14/2015 12:00:00 AM,10/31/2015 12:00:00 AM,36130,15525,20605
10/14/2015 12:00:00 AM,11/1/2015 12:00:00 AM,35598,15971,19627
10/14/2015 12:00:00 AM,11/2/2015 12:00:00 AM,36645,17371,19274
10/14/2015 12:00:00 AM,11/3/2015 12:00:00 AM,34482,15096,19386
10/14/2015 12:00:00 AM,11/4/2015 12:00:00 AM,34542,15047,19495
10/14/2015 12:00:00 AM,11/5/2015 12:00:00 AM,32877,14378,18499
10/14/2015 12:00:00 AM,11/6/2015 12:00:00 AM,33844,15384,18460
10/14/2015 12:00:00 AM,11/7/2015 12:00:00 AM,33290,15213,18077
10/14/2015 12:00:00 AM,11/8/2015 12:00:00 AM,33499,15289,18210
10/14/2015 12:00:00 AM,11/9/2015 12:00:00 AM,32565,15121,17444
10/14/2015 12:00:00 AM,11/10/2015 12:00:00 AM,29794,12800,16994
10/14/2015 12:00:00 AM,11/11/2015 12:00:00 AM,29685,12800,16885
10/14/2015 12:00:00 AM,11/12/2015 12:00:00 AM,27752,12926,14826
10/14/2015 12:00:00 AM,11/13/2015 12:00:00 AM,27752,12926,14826
10/14/2015 12:00:00 AM,11/14/2015 12:00:00 AM,29431,14799,14632
10/14/2015 12:00:00 AM,11/15/2015 12:00:00 AM,28064,14128,13936
10/14/2015 12:00:00 AM,11/16/2015 12:00:00 AM,26537,13815,12722
10/14/2015 12:00:00 AM,11/17/2015 12:00:00 AM,22118,11925,10193
10/14/2015 12:00:00 AM,11/18/2015 12:00:00 AM,22118,11925,10193
10/14/2015 12:00:00 AM,11/19/2015 12:00:00 AM,21940,11925,10015
10/14/2015 12:00:00 AM,11/20/2015 12:00:00 AM,21486,11454,10032
10/14/2015 12:00:00 AM,11/21/2015 12:00:00 AM,20280,11308,8972
10/14/2015 12:00:00 AM,11/22/2015 12:00:00 AM,19891,11107,8784
10/14/2015 12:00:00 AM,11/23/2015 12:00:00 AM,15962,8498,7464
10/14/2015 12:00:00 AM,11/24/2015 12:00:00 AM,13472,6466,7006
10/14/2015 12:00:00 AM,11/25/2015 12:00:00 AM,10860,4656,6204
10/14/2015 12:00:00 AM,11/26/2015 12:00:00 AM,9925,4656,5269
10/14/2015 12:00:00 AM,11/27/2015 12:00:00 AM,10060,4656,5404
10/14/2015 12:00:00 AM,11/28/2015 12:00:00 AM,9671,4583,5088
10/14/2015 12:00:00 AM,11/29/2015 12:00:00 AM,9902,4663,5239
10/14/2015 12:00:00 AM,11/30/2015 12:00:00 AM,9923,4663,5260
10/14/2015 12:00:00 AM,12/1/2015 12:00:00 AM,9215,4648,4567
10/14/2015 12:00:00 AM,12/2/2015 12:00:00 AM,8629,4062,4567
10/14/2015 12:00:00 AM,12/3/2015 12:00:00 AM,7784,4062,3722
10/14/2015 12:00:00 AM,12/4/2015 12:00:00 AM,7784,4062,3722
10/14/2015 12:00:00 AM,12/5/2015 12:00:00 AM,9464,5787,3677
10/14/2015 12:00:00 AM,12/6/2015 12:00:00 AM,9306,5787,3519
10/14/2015 12:00:00 AM,12/7/2015 12:00:00 AM,9257,5661,3596
10/14/2015 12:00:00 AM,12/8/2015 12:00:00 AM,7618,4022,3596
10/14/2015 12:00:00 AM,12/9/2015 12:00:00 AM,7618,4022,3596
10/14/2015 12:00:00 AM,12/10/2015 12:00:00 AM,7618,4022,3596
10/14/2015 12:00:00 AM,12/11/2015 12:00:00 AM,7017,3421,3596
10/14/2015 12:00:00 AM,12/12/2015 12:00:00 AM,7525,4006,3519
10/14/2015 12:00:00 AM,12/13/2015 12:00:00 AM,7229,4006,3223
10/14/2015 12:00:00 AM,12/14/2015 12:00:00 AM,7113,4006,3107
10/14/2015 12:00:00 AM,12/15/2015 12:00:00 AM,3821,2281,1540
10/14/2015 12:00:00 AM,12/16/2015 12:00:00 AM,3821,2281,1540
10/14/2015 12:00:00 AM,12/17/2015 12:00:00 AM,3821,2281,1540
10/14/2015 12:00:00 AM,12/18/2015 12:00:00 AM,3236,1696,1540
10/14/2015 12:00:00 AM,12/19/2015 12:00:00 AM,3223,1696,1527
10/14/2015 12:00:00 AM,12/20/2015 12:00:00 AM,3114,1696,1418
10/14/2015 12:00:00 AM,12/21/2015 12:00:00 AM,3114,1696,1418
10/14/2015 12:00:00 AM,12/22/2015 12:00:00 AM,2234,816,1418
10/14/2015 12:00:00 AM,12/23/2015 12:00:00 AM,2234,816,1418
10/14/2015 12:00:00 AM,12/24/2015 12:00:00 AM,2163,816,1347
10/14/2015 12:00:00 AM,12/25/2015 12:00:00 AM,2777,816,1961
10/14/2015 12:00:00 AM,12/26/2015 12:00:00 AM,2777,816,1961
10/14/2015 12:00:00 AM,12/27/2015 12:00:00 AM,2777,816,1961
10/14/2015 12:00:00 AM,12/28/2015 12:00:00 AM,2777,816,1961
10/14/2015 12:00:00 AM,12/29/2015 12:00:00 AM,2777,816,1961
10/14/2015 12:00:00 AM,12/30/2015 12:00:00 AM,1991,816,1175
10/14/2015 12:00:00 AM,12/31/2015 12:00:00 AM,1991,816,1175
10/14/2015 12:00:00 AM,1/1/2016 12:00:00 AM,1932,816,1116
10/14/2015 12:00:00 AM,1/2/2016 12:00:00 AM,1280,766,514
10/14/2015 12:00:00 AM,1/3/2016 12:00:00 AM,1280,766,514
10/14/2015 12:00:00 AM,1/4/2016 12:00:00 AM,1280,766,514
10/14/2015 12:00:00 AM,1/5/2016 12:00:00 AM,1280,766,514
10/14/2015 12:00:00 AM,1/6/2016 12:00:00 AM,1280,766,514
10/14/2015 12:00:00 AM,1/7/2016 12:00:00 AM,1280,766,514
10/14/2015 12:00:00 AM,1/8/2016 12:00:00 AM,1280,766,514
10/14/2015 12:00:00 AM,1/9/2016 12:00:00 AM,1280,766,514
10/14/2015 12:00:00 AM,1/10/2016 12:00:00 AM,1280,766,514
10/14/2015 12:00:00 AM,1/11/2016 12:00:00 AM,778,766,12
10/14/2015 12:00:00 AM,1/12/2016 12:00:00 AM,778,766,12
10/14/2015 12:00:00 AM,1/13/2016 12:00:00 AM,778,766,12
10/13/2015 12:00:00 AM,10/14/2015 12:00:00 AM,33801,16036,17765
10/13/2015 12:00:00 AM,10/15/2015 12:00:00 AM,34480,16130,18350
10/13/2015 12:00:00 AM,10/16/2015 12:00:00 AM,35204,16450,18754
10/13/2015 12:00:00 AM,10/17/2015 12:00:00 AM,39894,17791,22103
10/13/2015 12:00:00 AM,10/18/2015 12:00:00 AM,39113,16846,22267
10/13/2015 12:00:00 AM,10/19/2015 12:00:00 AM,39478,16707,22771
10/13/2015 12:00:00 AM,10/20/2015 12:00:00 AM,38743,16366,22377
10/13/2015 12:00:00 AM,10/21/2015 12:00:00 AM,37494,16116,21378
10/13/2015 12:00:00 AM,10/22/2015 12:00:00 AM,37444,15829,21615
10/13/2015 12:00:00 AM,10/23/2015 12:00:00 AM,37028,16452,20576
10/13/2015 12:00:00 AM,10/24/2015 12:00:00 AM,37648,18461,19187
10/13/2015 12:00:00 AM,10/25/2015 12:00:00 AM,37349,17801,19548
10/13/2015 12:00:00 AM,10/26/2015 12:00:00 AM,36614,17862,18752
10/13/2015 12:00:00 AM,10/27/2015 12:00:00 AM,32487,15515,16972
10/13/2015 12:00:00 AM,10/28/2015 12:00:00 AM,31888,14708,17180
10/13/2015 12:00:00 AM,10/29/2015 12:00:00 AM,31629,13898,17731
10/13/2015 12:00:00 AM,10/30/2015 12:00:00 AM,34042,14579,19463
10/13/2015 12:00:00 AM,10/31/2015 12:00:00 AM,36106,15501,20605
10/13/2015 12:00:00 AM,11/1/2015 12:00:00 AM,35574,15947,19627
10/13/2015 12:00:00 AM,11/2/2015 12:00:00 AM,36621,17347,19274
10/13/2015 12:00:00 AM,11/3/2015 12:00:00 AM,34482,15096,19386
10/13/2015 12:00:00 AM,11/4/2015 12:00:00 AM,34542,15047,19495
10/13/2015 12:00:00 AM,11/5/2015 12:00:00 AM,32657,14378,18279
10/13/2015 12:00:00 AM,11/6/2015 12:00:00 AM,33844,15384,18460
10/13/2015 12:00:00 AM,11/7/2015 12:00:00 AM,33290,15213,18077
10/13/2015 12:00:00 AM,11/8/2015 12:00:00 AM,33499,15289,18210
10/13/2015 12:00:00 AM,11/9/2015 12:00:00 AM,32860,15121,17739
10/13/2015 12:00:00 AM,11/10/2015 12:00:00 AM,29794,12800,16994
10/13/2015 12:00:00 AM,11/11/2015 12:00:00 AM,29685,12800,16885
10/13/2015 12:00:00 AM,11/12/2015 12:00:00 AM,27626,12800,14826
10/13/2015 12:00:00 AM,11/13/2015 12:00:00 AM,27752,12926,14826
10/13/2015 12:00:00 AM,11/14/2015 12:00:00 AM,29431,14799,14632
10/13/2015 12:00:00 AM,11/15/2015 12:00:00 AM,28064,14128,13936
10/13/2015 12:00:00 AM,11/16/2015 12:00:00 AM,26537,13815,12722
10/13/2015 12:00:00 AM,11/17/2015 12:00:00 AM,22118,11925,10193
10/13/2015 12:00:00 AM,11/18/2015 12:00:00 AM,22118,11925,10193
10/13/2015 12:00:00 AM,11/19/2015 12:00:00 AM,21940,11925,10015
10/13/2015 12:00:00 AM,11/20/2015 12:00:00 AM,21486,11454,10032
10/13/2015 12:00:00 AM,11/21/2015 12:00:00 AM,20280,11308,8972
10/13/2015 12:00:00 AM,11/22/2015 12:00:00 AM,19891,11107,8784
10/13/2015 12:00:00 AM,11/23/2015 12:00:00 AM,15962,8498,7464
10/13/2015 12:00:00 AM,11/24/2015 12:00:00 AM,13472,6466,7006
10/13/2015 12:00:00 AM,11/25/2015 12:00:00 AM,10860,4656,6204
10/13/2015 12:00:00 AM,11/26/2015 12:00:00 AM,9925,4656,5269
10/13/2015 12:00:00 AM,11/27/2015 12:00:00 AM,10060,4656,5404
10/13/2015 12:00:00 AM,11/28/2015 12:00:00 AM,9671,4583,5088
10/13/2015 12:00:00 AM,11/29/2015 12:00:00 AM,9902,4663,5239
10/13/2015 12:00:00 AM,11/30/2015 12:00:00 AM,9923,4663,5260
10/13/2015 12:00:00 AM,12/1/2015 12:00:00 AM,9215,4648,4567
10/13/2015 12:00:00 AM,12/2/2015 12:00:00 AM,8629,4062,4567
10/13/2015 12:00:00 AM,12/3/2015 12:00:00 AM,7784,4062,3722
10/13/2015 12:00:00 AM,12/4/2015 12:00:00 AM,7784,4062,3722
10/13/2015 12:00:00 AM,12/5/2015 12:00:00 AM,9464,5787,3677
10/13/2015 12:00:00 AM,12/6/2015 12:00:00 AM,9306,5787,3519
10/13/2015 12:00:00 AM,12/7/2015 12:00:00 AM,9257,5661,3596
10/13/2015 12:00:00 AM,12/8/2015 12:00:00 AM,7618,4022,3596
10/13/2015 12:00:00 AM,12/9/2015 12:00:00 AM,7618,4022,3596
10/13/2015 12:00:00 AM,12/10/2015 12:00:00 AM,7618,4022,3596
10/13/2015 12:00:00 AM,12/11/2015 12:00:00 AM,7017,3421,3596
10/13/2015 12:00:00 AM,12/12/2015 12:00:00 AM,7525,4006,3519
10/13/2015 12:00:00 AM,12/13/2015 12:00:00 AM,7229,4006,3223
10/13/2015 12:00:00 AM,12/14/2015 12:00:00 AM,7113,4006,3107
10/13/2015 12:00:00 AM,12/15/2015 12:00:00 AM,3821,2281,1540
10/13/2015 12:00:00 AM,12/16/2015 12:00:00 AM,3821,2281,1540
10/13/2015 12:00:00 AM,12/17/2015 12:00:00 AM,3821,2281,1540
10/13/2015 12:00:00 AM,12/18/2015 12:00:00 AM,3236,1696,1540
10/13/2015 12:00:00 AM,12/19/2015 12:00:00 AM,3223,1696,1527
10/13/2015 12:00:00 AM,12/20/2015 12:00:00 AM,3114,1696,1418
10/13/2015 12:00:00 AM,12/21/2015 12:00:00 AM,3114,1696,1418
10/13/2015 12:00:00 AM,12/22/2015 12:00:00 AM,2234,816,1418
10/13/2015 12:00:00 AM,12/23/2015 12:00:00 AM,2234,816,1418
10/13/2015 12:00:00 AM,12/24/2015 12:00:00 AM,2163,816,1347
10/13/2015 12:00:00 AM,12/25/2015 12:00:00 AM,2777,816,1961
10/13/2015 12:00:00 AM,12/26/2015 12:00:00 AM,2777,816,1961
10/13/2015 12:00:00 AM,12/27/2015 12:00:00 AM,2777,816,1961
10/13/2015 12:00:00 AM,12/28/2015 12:00:00 AM,2777,816,1961
10/13/2015 12:00:00 AM,12/29/2015 12:00:00 AM,2777,816,1961
10/13/2015 12:00:00 AM,12/30/2015 12:00:00 AM,1991,816,1175
10/13/2015 12:00:00 AM,12/31/2015 12:00:00 AM,1991,816,1175
10/13/2015 12:00:00 AM,1/1/2016 12:00:00 AM,1932,816,1116
10/13/2015 12:00:00 AM,1/2/2016 12:00:00 AM,1280,766,514
10/13/2015 12:00:00 AM,1/3/2016 12:00:00 AM,1280,766,514
10/13/2015 12:00:00 AM,1/4/2016 12:00:00 AM,1280,766,514
10/13/2015 12:00:00 AM,1/5/2016 12:00:00 AM,1280,766,514
10/13/2015 12:00:00 AM,1/6/2016 12:00:00 AM,1280,766,514
10/13/2015 12:00:00 AM,1/7/2016 12:00:00 AM,1280,766,514
10/13/2015 12:00:00 AM,1/8/2016 12:00:00 AM,1280,766,514
10/13/2015 12:00:00 AM,1/9/2016 12:00:00 AM,1280,766,514
10/13/2015 12:00:00 AM,1/10/2016 12:00:00 AM,1280,766,514
10/13/2015 12:00:00 AM,1/11/2016 12:00:00 AM,778,766,12
10/13/2015 12:00:00 AM,1/12/2016 12:00:00 AM,778,766,12
10/12/2015 12:00:00 AM,10/13/2015 12:00:00 AM,34107,15886,18221
10/12/2015 12:00:00 AM,10/14/2015 12:00:00 AM,34376,16036,18340
10/12/2015 12:00:00 AM,10/15/2015 12:00:00 AM,35055,16130,18925
10/12/2015 12:00:00 AM,10/16/2015 12:00:00 AM,35120,16286,18834
10/12/2015 12:00:00 AM,10/17/2015 12:00:00 AM,39298,17186,22112
10/12/2015 12:00:00 AM,10/18/2015 12:00:00 AM,38517,16241,22276
10/12/2015 12:00:00 AM,10/19/2015 12:00:00 AM,38368,16102,22266
10/12/2015 12:00:00 AM,10/20/2015 12:00:00 AM,37633,15761,21872
10/12/2015 12:00:00 AM,10/21/2015 12:00:00 AM,36384,15511,20873
10/12/2015 12:00:00 AM,10/22/2015 12:00:00 AM,36334,15224,21110
10/12/2015 12:00:00 AM,10/23/2015 12:00:00 AM,35918,15847,20071
10/12/2015 12:00:00 AM,10/24/2015 12:00:00 AM,36313,17631,18682
10/12/2015 12:00:00 AM,10/25/2015 12:00:00 AM,36014,16971,19043
10/12/2015 12:00:00 AM,10/26/2015 12:00:00 AM,35895,17032,18863
10/12/2015 12:00:00 AM,10/27/2015 12:00:00 AM,31768,14685,17083
10/12/2015 12:00:00 AM,10/28/2015 12:00:00 AM,31169,13878,17291
10/12/2015 12:00:00 AM,10/29/2015 12:00:00 AM,30910,13068,17842
10/12/2015 12:00:00 AM,10/30/2015 12:00:00 AM,33323,13749,19574
10/12/2015 12:00:00 AM,10/31/2015 12:00:00 AM,35387,14671,20716
10/12/2015 12:00:00 AM,11/1/2015 12:00:00 AM,34855,15117,19738
10/12/2015 12:00:00 AM,11/2/2015 12:00:00 AM,35902,16517,19385
10/12/2015 12:00:00 AM,11/3/2015 12:00:00 AM,33763,14266,19497
10/12/2015 12:00:00 AM,11/4/2015 12:00:00 AM,33823,14217,19606
10/12/2015 12:00:00 AM,11/5/2015 12:00:00 AM,31938,13548,18390
10/12/2015 12:00:00 AM,11/6/2015 12:00:00 AM,33125,14554,18571
10/12/2015 12:00:00 AM,11/7/2015 12:00:00 AM,32571,14383,18188
10/12/2015 12:00:00 AM,11/8/2015 12:00:00 AM,32780,14459,18321
10/12/2015 12:00:00 AM,11/9/2015 12:00:00 AM,32141,14291,17850
10/12/2015 12:00:00 AM,11/10/2015 12:00:00 AM,29024,11970,17054
10/12/2015 12:00:00 AM,11/11/2015 12:00:00 AM,28915,11970,16945
10/12/2015 12:00:00 AM,11/12/2015 12:00:00 AM,26856,11970,14886
10/12/2015 12:00:00 AM,11/13/2015 12:00:00 AM,26982,12096,14886
10/12/2015 12:00:00 AM,11/14/2015 12:00:00 AM,27331,12639,14692
10/12/2015 12:00:00 AM,11/15/2015 12:00:00 AM,25964,11968,13996
10/12/2015 12:00:00 AM,11/16/2015 12:00:00 AM,24437,11655,12782
10/12/2015 12:00:00 AM,11/17/2015 12:00:00 AM,19628,9435,10193
10/12/2015 12:00:00 AM,11/18/2015 12:00:00 AM,19628,9435,10193
10/12/2015 12:00:00 AM,11/19/2015 12:00:00 AM,19450,9435,10015
10/12/2015 12:00:00 AM,11/20/2015 12:00:00 AM,18996,8964,10032
10/12/2015 12:00:00 AM,11/21/2015 12:00:00 AM,17790,8818,8972
10/12/2015 12:00:00 AM,11/22/2015 12:00:00 AM,17401,8617,8784
10/12/2015 12:00:00 AM,11/23/2015 12:00:00 AM,14302,6838,7464
10/12/2015 12:00:00 AM,11/24/2015 12:00:00 AM,12142,5136,7006
10/12/2015 12:00:00 AM,11/25/2015 12:00:00 AM,10860,4656,6204
10/12/2015 12:00:00 AM,11/26/2015 12:00:00 AM,9925,4656,5269
10/12/2015 12:00:00 AM,11/27/2015 12:00:00 AM,10060,4656,5404
10/12/2015 12:00:00 AM,11/28/2015 12:00:00 AM,9671,4583,5088
10/12/2015 12:00:00 AM,11/29/2015 12:00:00 AM,9902,4663,5239
10/12/2015 12:00:00 AM,11/30/2015 12:00:00 AM,9923,4663,5260
10/12/2015 12:00:00 AM,12/1/2015 12:00:00 AM,9215,4648,4567
10/12/2015 12:00:00 AM,12/2/2015 12:00:00 AM,8629,4062,4567
10/12/2015 12:00:00 AM,12/3/2015 12:00:00 AM,7784,4062,3722
10/12/2015 12:00:00 AM,12/4/2015 12:00:00 AM,7784,4062,3722
10/12/2015 12:00:00 AM,12/5/2015 12:00:00 AM,9464,5787,3677
10/12/2015 12:00:00 AM,12/6/2015 12:00:00 AM,9306,5787,3519
10/12/2015 12:00:00 AM,12/7/2015 12:00:00 AM,9257,5661,3596
10/12/2015 12:00:00 AM,12/8/2015 12:00:00 AM,7618,4022,3596
10/12/2015 12:00:00 AM,12/9/2015 12:00:00 AM,7618,4022,3596
10/12/2015 12:00:00 AM,12/10/2015 12:00:00 AM,7618,4022,3596
10/12/2015 12:00:00 AM,12/11/2015 12:00:00 AM,7017,3421,3596
10/12/2015 12:00:00 AM,12/12/2015 12:00:00 AM,7525,4006,3519
10/12/2015 12:00:00 AM,12/13/2015 12:00:00 AM,7229,4006,3223
10/12/2015 12:00:00 AM,12/14/2015 12:00:00 AM,7113,4006,3107
10/12/2015 12:00:00 AM,12/15/2015 12:00:00 AM,3821,2281,1540
10/12/2015 12:00:00 AM,12/16/2015 12:00:00 AM,3821,2281,1540
10/12/2015 12:00:00 AM,12/17/2015 12:00:00 AM,3821,2281,1540
10/12/2015 12:00:00 AM,12/18/2015 12:00:00 AM,3236,1696,1540
10/12/2015 12:00:00 AM,12/19/2015 12:00:00 AM,3223,1696,1527
10/12/2015 12:00:00 AM,12/20/2015 12:00:00 AM,3114,1696,1418
10/12/2015 12:00:00 AM,12/21/2015 12:00:00 AM,3114,1696,1418
10/12/2015 12:00:00 AM,12/22/2015 12:00:00 AM,2234,816,1418
10/12/2015 12:00:00 AM,12/23/2015 12:00:00 AM,2234,816,1418
10/12/2015 12:00:00 AM,12/24/2015 12:00:00 AM,2163,816,1347
10/12/2015 12:00:00 AM,12/25/2015 12:00:00 AM,2777,816,1961
10/12/2015 12:00:00 AM,12/26/2015 12:00:00 AM,2777,816,1961
10/12/2015 12:00:00 AM,12/27/2015 12:00:00 AM,2777,816,1961
10/12/2015 12:00:00 AM,12/28/2015 12:00:00 AM,2777,816,1961
10/12/2015 12:00:00 AM,12/29/2015 12:00:00 AM,2777,816,1961
10/12/2015 12:00:00 AM,12/30/2015 12:00:00 AM,1991,816,1175
10/12/2015 12:00:00 AM,12/31/2015 12:00:00 AM,1991,816,1175
10/12/2015 12:00:00 AM,1/1/2016 12:00:00 AM,1932,816,1116
10/12/2015 12:00:00 AM,1/2/2016 12:00:00 AM,1280,766,514
10/12/2015 12:00:00 AM,1/3/2016 12:00:00 AM,1280,766,514
10/12/2015 12:00:00 AM,1/4/2016 12:00:00 AM,1280,766,514
10/12/2015 12:00:00 AM,1/5/2016 12:00:00 AM,1280,766,514
10/12/2015 12:00:00 AM,1/6/2016 12:00:00 AM,1280,766,514
10/12/2015 12:00:00 AM,1/7/2016 12:00:00 AM,1280,766,514
10/12/2015 12:00:00 AM,1/8/2016 12:00:00 AM,1280,766,514
10/12/2015 12:00:00 AM,1/9/2016 12:00:00 AM,1280,766,514
10/12/2015 12:00:00 AM,1/10/2016 12:00:00 AM,1280,766,514
10/12/2015 12:00:00 AM,1/11/2016 12:00:00 AM,778,766,12
10/11/2015 12:00:00 AM,10/12/2015 12:00:00 AM,35298,16216,19082
10/11/2015 12:00:00 AM,10/13/2015 12:00:00 AM,34267,15886,18381
10/11/2015 12:00:00 AM,10/14/2015 12:00:00 AM,34386,16036,18350
10/11/2015 12:00:00 AM,10/15/2015 12:00:00 AM,35065,16130,18935
10/11/2015 12:00:00 AM,10/16/2015 12:00:00 AM,35130,16286,18844
10/11/2015 12:00:00 AM,10/17/2015 12:00:00 AM,39298,17186,22112
10/11/2015 12:00:00 AM,10/18/2015 12:00:00 AM,38517,16241,22276
10/11/2015 12:00:00 AM,10/19/2015 12:00:00 AM,38368,16102,22266
10/11/2015 12:00:00 AM,10/20/2015 12:00:00 AM,37633,15761,21872
10/11/2015 12:00:00 AM,10/21/2015 12:00:00 AM,36384,15511,20873
10/11/2015 12:00:00 AM,10/22/2015 12:00:00 AM,36334,15224,21110
10/11/2015 12:00:00 AM,10/23/2015 12:00:00 AM,35918,15847,20071
10/11/2015 12:00:00 AM,10/24/2015 12:00:00 AM,36313,17631,18682
10/11/2015 12:00:00 AM,10/25/2015 12:00:00 AM,36014,16971,19043
10/11/2015 12:00:00 AM,10/26/2015 12:00:00 AM,35895,17032,18863
10/11/2015 12:00:00 AM,10/27/2015 12:00:00 AM,31768,14685,17083
10/11/2015 12:00:00 AM,10/28/2015 12:00:00 AM,31169,13878,17291
10/11/2015 12:00:00 AM,10/29/2015 12:00:00 AM,30910,13068,17842
10/11/2015 12:00:00 AM,10/30/2015 12:00:00 AM,33323,13749,19574
10/11/2015 12:00:00 AM,10/31/2015 12:00:00 AM,35387,14671,20716
10/11/2015 12:00:00 AM,11/1/2015 12:00:00 AM,34855,15117,19738
10/11/2015 12:00:00 AM,11/2/2015 12:00:00 AM,35902,16517,19385
10/11/2015 12:00:00 AM,11/3/2015 12:00:00 AM,33763,14266,19497
10/11/2015 12:00:00 AM,11/4/2015 12:00:00 AM,33823,14217,19606
10/11/2015 12:00:00 AM,11/5/2015 12:00:00 AM,31938,13548,18390
10/11/2015 12:00:00 AM,11/6/2015 12:00:00 AM,33125,14554,18571
10/11/2015 12:00:00 AM,11/7/2015 12:00:00 AM,32571,14383,18188
10/11/2015 12:00:00 AM,11/8/2015 12:00:00 AM,32780,14459,18321
10/11/2015 12:00:00 AM,11/9/2015 12:00:00 AM,32141,14291,17850
10/11/2015 12:00:00 AM,11/10/2015 12:00:00 AM,29024,11970,17054
10/11/2015 12:00:00 AM,11/11/2015 12:00:00 AM,28915,11970,16945
10/11/2015 12:00:00 AM,11/12/2015 12:00:00 AM,26856,11970,14886
10/11/2015 12:00:00 AM,11/13/2015 12:00:00 AM,26982,12096,14886
10/11/2015 12:00:00 AM,11/14/2015 12:00:00 AM,27331,12639,14692
10/11/2015 12:00:00 AM,11/15/2015 12:00:00 AM,25964,11968,13996
10/11/2015 12:00:00 AM,11/16/2015 12:00:00 AM,24437,11655,12782
10/11/2015 12:00:00 AM,11/17/2015 12:00:00 AM,19628,9435,10193
10/11/2015 12:00:00 AM,11/18/2015 12:00:00 AM,19628,9435,10193
10/11/2015 12:00:00 AM,11/19/2015 12:00:00 AM,19450,9435,10015
10/11/2015 12:00:00 AM,11/20/2015 12:00:00 AM,18996,8964,10032
10/11/2015 12:00:00 AM,11/21/2015 12:00:00 AM,17790,8818,8972
10/11/2015 12:00:00 AM,11/22/2015 12:00:00 AM,17401,8617,8784
10/11/2015 12:00:00 AM,11/23/2015 12:00:00 AM,14302,6838,7464
10/11/2015 12:00:00 AM,11/24/2015 12:00:00 AM,12142,5136,7006
10/11/2015 12:00:00 AM,11/25/2015 12:00:00 AM,10860,4656,6204
10/11/2015 12:00:00 AM,11/26/2015 12:00:00 AM,9925,4656,5269
10/11/2015 12:00:00 AM,11/27/2015 12:00:00 AM,10060,4656,5404
10/11/2015 12:00:00 AM,11/28/2015 12:00:00 AM,9671,4583,5088
10/11/2015 12:00:00 AM,11/29/2015 12:00:00 AM,9902,4663,5239
10/11/2015 12:00:00 AM,11/30/2015 12:00:00 AM,9923,4663,5260
10/11/2015 12:00:00 AM,12/1/2015 12:00:00 AM,9215,4648,4567
10/11/2015 12:00:00 AM,12/2/2015 12:00:00 AM,8629,4062,4567
10/11/2015 12:00:00 AM,12/3/2015 12:00:00 AM,7784,4062,3722
10/11/2015 12:00:00 AM,12/4/2015 12:00:00 AM,7784,4062,3722
10/11/2015 12:00:00 AM,12/5/2015 12:00:00 AM,9464,5787,3677
10/11/2015 12:00:00 AM,12/6/2015 12:00:00 AM,9306,5787,3519
10/11/2015 12:00:00 AM,12/7/2015 12:00:00 AM,9257,5661,3596
10/11/2015 12:00:00 AM,12/8/2015 12:00:00 AM,7618,4022,3596
10/11/2015 12:00:00 AM,12/9/2015 12:00:00 AM,7618,4022,3596
10/11/2015 12:00:00 AM,12/10/2015 12:00:00 AM,7618,4022,3596
10/11/2015 12:00:00 AM,12/11/2015 12:00:00 AM,7017,3421,3596
10/11/2015 12:00:00 AM,12/12/2015 12:00:00 AM,7525,4006,3519
10/11/2015 12:00:00 AM,12/13/2015 12:00:00 AM,7229,4006,3223
10/11/2015 12:00:00 AM,12/14/2015 12:00:00 AM,7113,4006,3107
10/11/2015 12:00:00 AM,12/15/2015 12:00:00 AM,3821,2281,1540
10/11/2015 12:00:00 AM,12/16/2015 12:00:00 AM,3821,2281,1540
10/11/2015 12:00:00 AM,12/17/2015 12:00:00 AM,3821,2281,1540
10/11/2015 12:00:00 AM,12/18/2015 12:00:00 AM,3236,1696,1540
10/11/2015 12:00:00 AM,12/19/2015 12:00:00 AM,3223,1696,1527
10/11/2015 12:00:00 AM,12/20/2015 12:00:00 AM,3114,1696,1418
10/11/2015 12:00:00 AM,12/21/2015 12:00:00 AM,3114,1696,1418
10/11/2015 12:00:00 AM,12/22/2015 12:00:00 AM,2234,816,1418
10/11/2015 12:00:00 AM,12/23/2015 12:00:00 AM,2234,816,1418
10/11/2015 12:00:00 AM,12/24/2015 12:00:00 AM,2163,816,1347
10/11/2015 12:00:00 AM,12/25/2015 12:00:00 AM,2777,816,1961
10/11/2015 12:00:00 AM,12/26/2015 12:00:00 AM,2777,816,1961
10/11/2015 12:00:00 AM,12/27/2015 12:00:00 AM,2777,816,1961
10/11/2015 12:00:00 AM,12/28/2015 12:00:00 AM,2777,816,1961
10/11/2015 12:00:00 AM,12/29/2015 12:00:00 AM,2777,816,1961
10/11/2015 12:00:00 AM,12/30/2015 12:00:00 AM,1991,816,1175
10/11/2015 12:00:00 AM,12/31/2015 12:00:00 AM,1991,816,1175
10/11/2015 12:00:00 AM,1/1/2016 12:00:00 AM,1932,816,1116
10/11/2015 12:00:00 AM,1/2/2016 12:00:00 AM,1280,766,514
10/11/2015 12:00:00 AM,1/3/2016 12:00:00 AM,1280,766,514
10/11/2015 12:00:00 AM,1/4/2016 12:00:00 AM,1280,766,514
10/11/2015 12:00:00 AM,1/5/2016 12:00:00 AM,1280,766,514
10/11/2015 12:00:00 AM,1/6/2016 12:00:00 AM,1280,766,514
10/11/2015 12:00:00 AM,1/7/2016 12:00:00 AM,1280,766,514
10/11/2015 12:00:00 AM,1/8/2016 12:00:00 AM,1280,766,514
10/11/2015 12:00:00 AM,1/9/2016 12:00:00 AM,1280,766,514
10/11/2015 12:00:00 AM,1/10/2016 12:00:00 AM,1280,766,514
10/10/2015 12:00:00 AM,10/11/2015 12:00:00 AM,35407,15746,19661
10/10/2015 12:00:00 AM,10/12/2015 12:00:00 AM,35502,16420,19082
10/10/2015 12:00:00 AM,10/13/2015 12:00:00 AM,34310,15929,18381
10/10/2015 12:00:00 AM,10/14/2015 12:00:00 AM,34429,16079,18350
10/10/2015 12:00:00 AM,10/15/2015 12:00:00 AM,35108,16173,18935
10/10/2015 12:00:00 AM,10/16/2015 12:00:00 AM,35173,16329,18844
10/10/2015 12:00:00 AM,10/17/2015 12:00:00 AM,39322,17210,22112
10/10/2015 12:00:00 AM,10/18/2015 12:00:00 AM,38541,16265,22276
10/10/2015 12:00:00 AM,10/19/2015 12:00:00 AM,38392,16126,22266
10/10/2015 12:00:00 AM,10/20/2015 12:00:00 AM,37657,15785,21872
10/10/2015 12:00:00 AM,10/21/2015 12:00:00 AM,36408,15535,20873
10/10/2015 12:00:00 AM,10/22/2015 12:00:00 AM,36358,15248,21110
10/10/2015 12:00:00 AM,10/23/2015 12:00:00 AM,35942,15871,20071
10/10/2015 12:00:00 AM,10/24/2015 12:00:00 AM,36337,17655,18682
10/10/2015 12:00:00 AM,10/25/2015 12:00:00 AM,36038,16995,19043
10/10/2015 12:00:00 AM,10/26/2015 12:00:00 AM,35919,17056,18863
10/10/2015 12:00:00 AM,10/27/2015 12:00:00 AM,31792,14709,17083
10/10/2015 12:00:00 AM,10/28/2015 12:00:00 AM,31193,13902,17291
10/10/2015 12:00:00 AM,10/29/2015 12:00:00 AM,30934,13092,17842
10/10/2015 12:00:00 AM,10/30/2015 12:00:00 AM,33347,13773,19574
10/10/2015 12:00:00 AM,10/31/2015 12:00:00 AM,35411,14695,20716
10/10/2015 12:00:00 AM,11/1/2015 12:00:00 AM,34879,15141,19738
10/10/2015 12:00:00 AM,11/2/2015 12:00:00 AM,35926,16541,19385
10/10/2015 12:00:00 AM,11/3/2015 12:00:00 AM,33763,14266,19497
10/10/2015 12:00:00 AM,11/4/2015 12:00:00 AM,33823,14217,19606
10/10/2015 12:00:00 AM,11/5/2015 12:00:00 AM,31938,13548,18390
10/10/2015 12:00:00 AM,11/6/2015 12:00:00 AM,33125,14554,18571
10/10/2015 12:00:00 AM,11/7/2015 12:00:00 AM,32571,14383,18188
10/10/2015 12:00:00 AM,11/8/2015 12:00:00 AM,32780,14459,18321
10/10/2015 12:00:00 AM,11/9/2015 12:00:00 AM,32141,14291,17850
10/10/2015 12:00:00 AM,11/10/2015 12:00:00 AM,29024,11970,17054
10/10/2015 12:00:00 AM,11/11/2015 12:00:00 AM,28915,11970,16945
10/10/2015 12:00:00 AM,11/12/2015 12:00:00 AM,26856,11970,14886
10/10/2015 12:00:00 AM,11/13/2015 12:00:00 AM,26982,12096,14886
10/10/2015 12:00:00 AM,11/14/2015 12:00:00 AM,27331,12639,14692
10/10/2015 12:00:00 AM,11/15/2015 12:00:00 AM,25964,11968,13996
10/10/2015 12:00:00 AM,11/16/2015 12:00:00 AM,24437,11655,12782
10/10/2015 12:00:00 AM,11/17/2015 12:00:00 AM,19628,9435,10193
10/10/2015 12:00:00 AM,11/18/2015 12:00:00 AM,19628,9435,10193
10/10/2015 12:00:00 AM,11/19/2015 12:00:00 AM,19450,9435,10015
10/10/2015 12:00:00 AM,11/20/2015 12:00:00 AM,18996,8964,10032
10/10/2015 12:00:00 AM,11/21/2015 12:00:00 AM,17790,8818,8972
10/10/2015 12:00:00 AM,11/22/2015 12:00:00 AM,17401,8617,8784
10/10/2015 12:00:00 AM,11/23/2015 12:00:00 AM,14302,6838,7464
10/10/2015 12:00:00 AM,11/24/2015 12:00:00 AM,12142,5136,7006
10/10/2015 12:00:00 AM,11/25/2015 12:00:00 AM,10860,4656,6204
10/10/2015 12:00:00 AM,11/26/2015 12:00:00 AM,9925,4656,5269
10/10/2015 12:00:00 AM,11/27/2015 12:00:00 AM,10060,4656,5404
10/10/2015 12:00:00 AM,11/28/2015 12:00:00 AM,9671,4583,5088
10/10/2015 12:00:00 AM,11/29/2015 12:00:00 AM,9902,4663,5239
10/10/2015 12:00:00 AM,11/30/2015 12:00:00 AM,9923,4663,5260
10/10/2015 12:00:00 AM,12/1/2015 12:00:00 AM,9215,4648,4567
10/10/2015 12:00:00 AM,12/2/2015 12:00:00 AM,8629,4062,4567
10/10/2015 12:00:00 AM,12/3/2015 12:00:00 AM,7784,4062,3722
10/10/2015 12:00:00 AM,12/4/2015 12:00:00 AM,7784,4062,3722
10/10/2015 12:00:00 AM,12/5/2015 12:00:00 AM,9464,5787,3677
10/10/2015 12:00:00 AM,12/6/2015 12:00:00 AM,9306,5787,3519
10/10/2015 12:00:00 AM,12/7/2015 12:00:00 AM,9257,5661,3596
10/10/2015 12:00:00 AM,12/8/2015 12:00:00 AM,7618,4022,3596
10/10/2015 12:00:00 AM,12/9/2015 12:00:00 AM,7618,4022,3596
10/10/2015 12:00:00 AM,12/10/2015 12:00:00 AM,7618,4022,3596
10/10/2015 12:00:00 AM,12/11/2015 12:00:00 AM,7017,3421,3596
10/10/2015 12:00:00 AM,12/12/2015 12:00:00 AM,7525,4006,3519
10/10/2015 12:00:00 AM,12/13/2015 12:00:00 AM,7229,4006,3223
10/10/2015 12:00:00 AM,12/14/2015 12:00:00 AM,7113,4006,3107
10/10/2015 12:00:00 AM,12/15/2015 12:00:00 AM,3821,2281,1540
10/10/2015 12:00:00 AM,12/16/2015 12:00:00 AM,3821,2281,1540
10/10/2015 12:00:00 AM,12/17/2015 12:00:00 AM,3821,2281,1540
10/10/2015 12:00:00 AM,12/18/2015 12:00:00 AM,3236,1696,1540
10/10/2015 12:00:00 AM,12/19/2015 12:00:00 AM,3223,1696,1527
10/10/2015 12:00:00 AM,12/20/2015 12:00:00 AM,3114,1696,1418
10/10/2015 12:00:00 AM,12/21/2015 12:00:00 AM,3114,1696,1418
10/10/2015 12:00:00 AM,12/22/2015 12:00:00 AM,2234,816,1418
10/10/2015 12:00:00 AM,12/23/2015 12:00:00 AM,2234,816,1418
10/10/2015 12:00:00 AM,12/24/2015 12:00:00 AM,2163,816,1347
10/10/2015 12:00:00 AM,12/25/2015 12:00:00 AM,2777,816,1961
10/10/2015 12:00:00 AM,12/26/2015 12:00:00 AM,2777,816,1961
10/10/2015 12:00:00 AM,12/27/2015 12:00:00 AM,2777,816,1961
10/10/2015 12:00:00 AM,12/28/2015 12:00:00 AM,2777,816,1961
10/10/2015 12:00:00 AM,12/29/2015 12:00:00 AM,2777,816,1961
10/10/2015 12:00:00 AM,12/30/2015 12:00:00 AM,1991,816,1175
10/10/2015 12:00:00 AM,12/31/2015 12:00:00 AM,1991,816,1175
10/10/2015 12:00:00 AM,1/1/2016 12:00:00 AM,1932,816,1116
10/10/2015 12:00:00 AM,1/2/2016 12:00:00 AM,1280,766,514
10/10/2015 12:00:00 AM,1/3/2016 12:00:00 AM,1280,766,514
10/10/2015 12:00:00 AM,1/4/2016 12:00:00 AM,1280,766,514
10/10/2015 12:00:00 AM,1/5/2016 12:00:00 AM,1280,766,514
10/10/2015 12:00:00 AM,1/6/2016 12:00:00 AM,1280,766,514
10/10/2015 12:00:00 AM,1/7/2016 12:00:00 AM,1280,766,514
10/10/2015 12:00:00 AM,1/8/2016 12:00:00 AM,1280,766,514
10/10/2015 12:00:00 AM,1/9/2016 12:00:00 AM,1280,766,514
10/9/2015 12:00:00 AM,10/10/2015 12:00:00 AM,36957,16757,20200
10/9/2015 12:00:00 AM,10/11/2015 12:00:00 AM,37233,17067,20166
10/9/2015 12:00:00 AM,10/12/2015 12:00:00 AM,35953,16844,19109
10/9/2015 12:00:00 AM,10/13/2015 12:00:00 AM,34536,15954,18582
10/9/2015 12:00:00 AM,10/14/2015 12:00:00 AM,34620,16104,18516
10/9/2015 12:00:00 AM,10/15/2015 12:00:00 AM,35427,16198,19229
10/9/2015 12:00:00 AM,10/16/2015 12:00:00 AM,35492,16354,19138
10/9/2015 12:00:00 AM,10/17/2015 12:00:00 AM,39661,17235,22426
10/9/2015 12:00:00 AM,10/18/2015 12:00:00 AM,38880,16290,22590
10/9/2015 12:00:00 AM,10/19/2015 12:00:00 AM,38374,16126,22248
10/9/2015 12:00:00 AM,10/20/2015 12:00:00 AM,37639,15785,21854
10/9/2015 12:00:00 AM,10/21/2015 12:00:00 AM,36390,15535,20855
10/9/2015 12:00:00 AM,10/22/2015 12:00:00 AM,36340,15248,21092
10/9/2015 12:00:00 AM,10/23/2015 12:00:00 AM,35924,15871,20053
10/9/2015 12:00:00 AM,10/24/2015 12:00:00 AM,36351,17655,18696
10/9/2015 12:00:00 AM,10/25/2015 12:00:00 AM,36052,16995,19057
10/9/2015 12:00:00 AM,10/26/2015 12:00:00 AM,35933,17056,18877
10/9/2015 12:00:00 AM,10/27/2015 12:00:00 AM,31806,14709,17097
10/9/2015 12:00:00 AM,10/28/2015 12:00:00 AM,31207,13902,17305
10/9/2015 12:00:00 AM,10/29/2015 12:00:00 AM,30948,13092,17856
10/9/2015 12:00:00 AM,10/30/2015 12:00:00 AM,33361,13773,19588
10/9/2015 12:00:00 AM,10/31/2015 12:00:00 AM,35425,14695,20730
10/9/2015 12:00:00 AM,11/1/2015 12:00:00 AM,34893,15141,19752
10/9/2015 12:00:00 AM,11/2/2015 12:00:00 AM,35940,16541,19399
10/9/2015 12:00:00 AM,11/3/2015 12:00:00 AM,33777,14266,19511
10/9/2015 12:00:00 AM,11/4/2015 12:00:00 AM,33837,14217,19620
10/9/2015 12:00:00 AM,11/5/2015 12:00:00 AM,31952,13548,18404
10/9/2015 12:00:00 AM,11/6/2015 12:00:00 AM,33139,14554,18585
10/9/2015 12:00:00 AM,11/7/2015 12:00:00 AM,32585,14383,18202
10/9/2015 12:00:00 AM,11/8/2015 12:00:00 AM,32794,14459,18335
10/9/2015 12:00:00 AM,11/9/2015 12:00:00 AM,32155,14291,17864
10/9/2015 12:00:00 AM,11/10/2015 12:00:00 AM,29038,11970,17068
10/9/2015 12:00:00 AM,11/11/2015 12:00:00 AM,28929,11970,16959
10/9/2015 12:00:00 AM,11/12/2015 12:00:00 AM,26870,11970,14900
10/9/2015 12:00:00 AM,11/13/2015 12:00:00 AM,26996,12096,14900
10/9/2015 12:00:00 AM,11/14/2015 12:00:00 AM,27345,12639,14706
10/9/2015 12:00:00 AM,11/15/2015 12:00:00 AM,25978,11968,14010
10/9/2015 12:00:00 AM,11/16/2015 12:00:00 AM,24451,11655,12796
10/9/2015 12:00:00 AM,11/17/2015 12:00:00 AM,19642,9435,10207
10/9/2015 12:00:00 AM,11/18/2015 12:00:00 AM,19642,9435,10207
10/9/2015 12:00:00 AM,11/19/2015 12:00:00 AM,19464,9435,10029
10/9/2015 12:00:00 AM,11/20/2015 12:00:00 AM,19010,8964,10046
10/9/2015 12:00:00 AM,11/21/2015 12:00:00 AM,17804,8818,8986
10/9/2015 12:00:00 AM,11/22/2015 12:00:00 AM,17415,8617,8798
10/9/2015 12:00:00 AM,11/23/2015 12:00:00 AM,14316,6838,7478
10/9/2015 12:00:00 AM,11/24/2015 12:00:00 AM,12156,5136,7020
10/9/2015 12:00:00 AM,11/25/2015 12:00:00 AM,10874,4656,6218
10/9/2015 12:00:00 AM,11/26/2015 12:00:00 AM,9939,4656,5283
10/9/2015 12:00:00 AM,11/27/2015 12:00:00 AM,10074,4656,5418
10/9/2015 12:00:00 AM,11/28/2015 12:00:00 AM,9685,4583,5102
10/9/2015 12:00:00 AM,11/29/2015 12:00:00 AM,9916,4663,5253
10/9/2015 12:00:00 AM,11/30/2015 12:00:00 AM,9937,4663,5274
10/9/2015 12:00:00 AM,12/1/2015 12:00:00 AM,9229,4648,4581
10/9/2015 12:00:00 AM,12/2/2015 12:00:00 AM,8643,4062,4581
10/9/2015 12:00:00 AM,12/3/2015 12:00:00 AM,7798,4062,3736
10/9/2015 12:00:00 AM,12/4/2015 12:00:00 AM,7798,4062,3736
10/9/2015 12:00:00 AM,12/5/2015 12:00:00 AM,9478,5787,3691
10/9/2015 12:00:00 AM,12/6/2015 12:00:00 AM,9320,5787,3533
10/9/2015 12:00:00 AM,12/7/2015 12:00:00 AM,9271,5661,3610
10/9/2015 12:00:00 AM,12/8/2015 12:00:00 AM,7632,4022,3610
10/9/2015 12:00:00 AM,12/9/2015 12:00:00 AM,7632,4022,3610
10/9/2015 12:00:00 AM,12/10/2015 12:00:00 AM,7632,4022,3610
10/9/2015 12:00:00 AM,12/11/2015 12:00:00 AM,7031,3421,3610
10/9/2015 12:00:00 AM,12/12/2015 12:00:00 AM,7539,4006,3533
10/9/2015 12:00:00 AM,12/13/2015 12:00:00 AM,7243,4006,3237
10/9/2015 12:00:00 AM,12/14/2015 12:00:00 AM,7127,4006,3121
10/9/2015 12:00:00 AM,12/15/2015 12:00:00 AM,3835,2281,1554
10/9/2015 12:00:00 AM,12/16/2015 12:00:00 AM,3835,2281,1554
10/9/2015 12:00:00 AM,12/17/2015 12:00:00 AM,3835,2281,1554
10/9/2015 12:00:00 AM,12/18/2015 12:00:00 AM,3250,1696,1554
10/9/2015 12:00:00 AM,12/19/2015 12:00:00 AM,3237,1696,1541
10/9/2015 12:00:00 AM,12/20/2015 12:00:00 AM,3128,1696,1432
10/9/2015 12:00:00 AM,12/21/2015 12:00:00 AM,3128,1696,1432
10/9/2015 12:00:00 AM,12/22/2015 12:00:00 AM,2248,816,1432
10/9/2015 12:00:00 AM,12/23/2015 12:00:00 AM,2248,816,1432
10/9/2015 12:00:00 AM,12/24/2015 12:00:00 AM,2177,816,1361
10/9/2015 12:00:00 AM,12/25/2015 12:00:00 AM,2791,816,1975
10/9/2015 12:00:00 AM,12/26/2015 12:00:00 AM,2791,816,1975
10/9/2015 12:00:00 AM,12/27/2015 12:00:00 AM,2791,816,1975
10/9/2015 12:00:00 AM,12/28/2015 12:00:00 AM,2791,816,1975
10/9/2015 12:00:00 AM,12/29/2015 12:00:00 AM,2791,816,1975
10/9/2015 12:00:00 AM,12/30/2015 12:00:00 AM,2005,816,1189
10/9/2015 12:00:00 AM,12/31/2015 12:00:00 AM,2005,816,1189
10/9/2015 12:00:00 AM,1/1/2016 12:00:00 AM,1946,816,1130
10/9/2015 12:00:00 AM,1/2/2016 12:00:00 AM,1294,766,528
10/9/2015 12:00:00 AM,1/3/2016 12:00:00 AM,1280,766,514
10/9/2015 12:00:00 AM,1/4/2016 12:00:00 AM,1280,766,514
10/9/2015 12:00:00 AM,1/5/2016 12:00:00 AM,1280,766,514
10/9/2015 12:00:00 AM,1/6/2016 12:00:00 AM,1280,766,514
10/9/2015 12:00:00 AM,1/7/2016 12:00:00 AM,1280,766,514
10/9/2015 12:00:00 AM,1/8/2016 12:00:00 AM,1280,766,514
10/8/2015 12:00:00 AM,10/9/2015 12:00:00 AM,34336,14925,19411
10/8/2015 12:00:00 AM,10/10/2015 12:00:00 AM,37286,17062,20224
10/8/2015 12:00:00 AM,10/11/2015 12:00:00 AM,37407,17217,20190
10/8/2015 12:00:00 AM,10/12/2015 12:00:00 AM,35953,16844,19109
10/8/2015 12:00:00 AM,10/13/2015 12:00:00 AM,34536,15954,18582
10/8/2015 12:00:00 AM,10/14/2015 12:00:00 AM,34620,16104,18516
10/8/2015 12:00:00 AM,10/15/2015 12:00:00 AM,35427,16198,19229
10/8/2015 12:00:00 AM,10/16/2015 12:00:00 AM,35492,16354,19138
10/8/2015 12:00:00 AM,10/17/2015 12:00:00 AM,39661,17235,22426
10/8/2015 12:00:00 AM,10/18/2015 12:00:00 AM,38856,16290,22566
10/8/2015 12:00:00 AM,10/19/2015 12:00:00 AM,38395,16126,22269
10/8/2015 12:00:00 AM,10/20/2015 12:00:00 AM,37660,15785,21875
10/8/2015 12:00:00 AM,10/21/2015 12:00:00 AM,36435,15535,20900
10/8/2015 12:00:00 AM,10/22/2015 12:00:00 AM,36385,15248,21137
10/8/2015 12:00:00 AM,10/23/2015 12:00:00 AM,35924,15871,20053
10/8/2015 12:00:00 AM,10/24/2015 12:00:00 AM,36351,17655,18696
10/8/2015 12:00:00 AM,10/25/2015 12:00:00 AM,36052,16995,19057
10/8/2015 12:00:00 AM,10/26/2015 12:00:00 AM,35933,17056,18877
10/8/2015 12:00:00 AM,10/27/2015 12:00:00 AM,31806,14709,17097
10/8/2015 12:00:00 AM,10/28/2015 12:00:00 AM,31207,13902,17305
10/8/2015 12:00:00 AM,10/29/2015 12:00:00 AM,30948,13092,17856
10/8/2015 12:00:00 AM,10/30/2015 12:00:00 AM,33361,13773,19588
10/8/2015 12:00:00 AM,10/31/2015 12:00:00 AM,35425,14695,20730
10/8/2015 12:00:00 AM,11/1/2015 12:00:00 AM,34893,15141,19752
10/8/2015 12:00:00 AM,11/2/2015 12:00:00 AM,35940,16541,19399
10/8/2015 12:00:00 AM,11/3/2015 12:00:00 AM,33777,14266,19511
10/8/2015 12:00:00 AM,11/4/2015 12:00:00 AM,33837,14217,19620
10/8/2015 12:00:00 AM,11/5/2015 12:00:00 AM,31952,13548,18404
10/8/2015 12:00:00 AM,11/6/2015 12:00:00 AM,33139,14554,18585
10/8/2015 12:00:00 AM,11/7/2015 12:00:00 AM,32585,14383,18202
10/8/2015 12:00:00 AM,11/8/2015 12:00:00 AM,32794,14459,18335
10/8/2015 12:00:00 AM,11/9/2015 12:00:00 AM,32155,14291,17864
10/8/2015 12:00:00 AM,11/10/2015 12:00:00 AM,29038,11970,17068
10/8/2015 12:00:00 AM,11/11/2015 12:00:00 AM,28929,11970,16959
10/8/2015 12:00:00 AM,11/12/2015 12:00:00 AM,26870,11970,14900
10/8/2015 12:00:00 AM,11/13/2015 12:00:00 AM,27013,12096,14917
10/8/2015 12:00:00 AM,11/14/2015 12:00:00 AM,27362,12639,14723
10/8/2015 12:00:00 AM,11/15/2015 12:00:00 AM,25995,11968,14027
10/8/2015 12:00:00 AM,11/16/2015 12:00:00 AM,24468,11655,12813
10/8/2015 12:00:00 AM,11/17/2015 12:00:00 AM,19659,9435,10224
10/8/2015 12:00:00 AM,11/18/2015 12:00:00 AM,19642,9435,10207
10/8/2015 12:00:00 AM,11/19/2015 12:00:00 AM,19464,9435,10029
10/8/2015 12:00:00 AM,11/20/2015 12:00:00 AM,18993,8964,10029
10/8/2015 12:00:00 AM,11/21/2015 12:00:00 AM,17787,8818,8969
10/8/2015 12:00:00 AM,11/22/2015 12:00:00 AM,17398,8617,8781
10/8/2015 12:00:00 AM,11/23/2015 12:00:00 AM,14299,6838,7461
10/8/2015 12:00:00 AM,11/24/2015 12:00:00 AM,12139,5136,7003
10/8/2015 12:00:00 AM,11/25/2015 12:00:00 AM,10874,4656,6218
10/8/2015 12:00:00 AM,11/26/2015 12:00:00 AM,9939,4656,5283
10/8/2015 12:00:00 AM,11/27/2015 12:00:00 AM,10074,4656,5418
10/8/2015 12:00:00 AM,11/28/2015 12:00:00 AM,9685,4583,5102
10/8/2015 12:00:00 AM,11/29/2015 12:00:00 AM,9916,4663,5253
10/8/2015 12:00:00 AM,11/30/2015 12:00:00 AM,9937,4663,5274
10/8/2015 12:00:00 AM,12/1/2015 12:00:00 AM,9229,4648,4581
10/8/2015 12:00:00 AM,12/2/2015 12:00:00 AM,8643,4062,4581
10/8/2015 12:00:00 AM,12/3/2015 12:00:00 AM,7798,4062,3736
10/8/2015 12:00:00 AM,12/4/2015 12:00:00 AM,7798,4062,3736
10/8/2015 12:00:00 AM,12/5/2015 12:00:00 AM,9478,5787,3691
10/8/2015 12:00:00 AM,12/6/2015 12:00:00 AM,9320,5787,3533
10/8/2015 12:00:00 AM,12/7/2015 12:00:00 AM,9271,5661,3610
10/8/2015 12:00:00 AM,12/8/2015 12:00:00 AM,7632,4022,3610
10/8/2015 12:00:00 AM,12/9/2015 12:00:00 AM,7632,4022,3610
10/8/2015 12:00:00 AM,12/10/2015 12:00:00 AM,7632,4022,3610
10/8/2015 12:00:00 AM,12/11/2015 12:00:00 AM,7031,3421,3610
10/8/2015 12:00:00 AM,12/12/2015 12:00:00 AM,7539,4006,3533
10/8/2015 12:00:00 AM,12/13/2015 12:00:00 AM,7243,4006,3237
10/8/2015 12:00:00 AM,12/14/2015 12:00:00 AM,7127,4006,3121
10/8/2015 12:00:00 AM,12/15/2015 12:00:00 AM,3835,2281,1554
10/8/2015 12:00:00 AM,12/16/2015 12:00:00 AM,3835,2281,1554
10/8/2015 12:00:00 AM,12/17/2015 12:00:00 AM,3835,2281,1554
10/8/2015 12:00:00 AM,12/18/2015 12:00:00 AM,3250,1696,1554
10/8/2015 12:00:00 AM,12/19/2015 12:00:00 AM,3237,1696,1541
10/8/2015 12:00:00 AM,12/20/2015 12:00:00 AM,3128,1696,1432
10/8/2015 12:00:00 AM,12/21/2015 12:00:00 AM,3128,1696,1432
10/8/2015 12:00:00 AM,12/22/2015 12:00:00 AM,2248,816,1432
10/8/2015 12:00:00 AM,12/23/2015 12:00:00 AM,2248,816,1432
10/8/2015 12:00:00 AM,12/24/2015 12:00:00 AM,2177,816,1361
10/8/2015 12:00:00 AM,12/25/2015 12:00:00 AM,2791,816,1975
10/8/2015 12:00:00 AM,12/26/2015 12:00:00 AM,2791,816,1975
10/8/2015 12:00:00 AM,12/27/2015 12:00:00 AM,2791,816,1975
10/8/2015 12:00:00 AM,12/28/2015 12:00:00 AM,2791,816,1975
10/8/2015 12:00:00 AM,12/29/2015 12:00:00 AM,2791,816,1975
10/8/2015 12:00:00 AM,12/30/2015 12:00:00 AM,2005,816,1189
10/8/2015 12:00:00 AM,12/31/2015 12:00:00 AM,2005,816,1189
10/8/2015 12:00:00 AM,1/1/2016 12:00:00 AM,1946,816,1130
10/8/2015 12:00:00 AM,1/2/2016 12:00:00 AM,1294,766,528
10/8/2015 12:00:00 AM,1/3/2016 12:00:00 AM,1280,766,514
10/8/2015 12:00:00 AM,1/4/2016 12:00:00 AM,1280,766,514
10/8/2015 12:00:00 AM,1/5/2016 12:00:00 AM,1280,766,514
10/8/2015 12:00:00 AM,1/6/2016 12:00:00 AM,1280,766,514
10/8/2015 12:00:00 AM,1/7/2016 12:00:00 AM,1280,766,514
10/7/2015 12:00:00 AM,10/8/2015 12:00:00 AM,33460,14490,18970
10/7/2015 12:00:00 AM,10/9/2015 12:00:00 AM,34336,14925,19411
10/7/2015 12:00:00 AM,10/10/2015 12:00:00 AM,36668,16657,20011
10/7/2015 12:00:00 AM,10/11/2015 12:00:00 AM,36852,16812,20040
10/7/2015 12:00:00 AM,10/12/2015 12:00:00 AM,35487,16473,19014
10/7/2015 12:00:00 AM,10/13/2015 12:00:00 AM,34070,15583,18487
10/7/2015 12:00:00 AM,10/14/2015 12:00:00 AM,34294,15733,18561
10/7/2015 12:00:00 AM,10/15/2015 12:00:00 AM,35101,15827,19274
10/7/2015 12:00:00 AM,10/16/2015 12:00:00 AM,35121,15983,19138
10/7/2015 12:00:00 AM,10/17/2015 12:00:00 AM,39690,17264,22426
10/7/2015 12:00:00 AM,10/18/2015 12:00:00 AM,38885,16319,22566
10/7/2015 12:00:00 AM,10/19/2015 12:00:00 AM,38390,16121,22269
10/7/2015 12:00:00 AM,10/20/2015 12:00:00 AM,37655,15780,21875
10/7/2015 12:00:00 AM,10/21/2015 12:00:00 AM,36430,15530,20900
10/7/2015 12:00:00 AM,10/22/2015 12:00:00 AM,36380,15243,21137
10/7/2015 12:00:00 AM,10/23/2015 12:00:00 AM,35919,15866,20053
10/7/2015 12:00:00 AM,10/24/2015 12:00:00 AM,36346,17650,18696
10/7/2015 12:00:00 AM,10/25/2015 12:00:00 AM,36047,16990,19057
10/7/2015 12:00:00 AM,10/26/2015 12:00:00 AM,35973,17051,18922
10/7/2015 12:00:00 AM,10/27/2015 12:00:00 AM,31851,14709,17142
10/7/2015 12:00:00 AM,10/28/2015 12:00:00 AM,31252,13902,17350
10/7/2015 12:00:00 AM,10/29/2015 12:00:00 AM,30993,13092,17901
10/7/2015 12:00:00 AM,10/30/2015 12:00:00 AM,33361,13773,19588
10/7/2015 12:00:00 AM,10/31/2015 12:00:00 AM,35425,14695,20730
10/7/2015 12:00:00 AM,11/1/2015 12:00:00 AM,34893,15141,19752
10/7/2015 12:00:00 AM,11/2/2015 12:00:00 AM,35940,16541,19399
10/7/2015 12:00:00 AM,11/3/2015 12:00:00 AM,33777,14266,19511
10/7/2015 12:00:00 AM,11/4/2015 12:00:00 AM,33837,14217,19620
10/7/2015 12:00:00 AM,11/5/2015 12:00:00 AM,31952,13548,18404
10/7/2015 12:00:00 AM,11/6/2015 12:00:00 AM,33139,14554,18585
10/7/2015 12:00:00 AM,11/7/2015 12:00:00 AM,33145,14383,18762
10/7/2015 12:00:00 AM,11/8/2015 12:00:00 AM,33354,14459,18895
10/7/2015 12:00:00 AM,11/9/2015 12:00:00 AM,32155,14291,17864
10/7/2015 12:00:00 AM,11/10/2015 12:00:00 AM,29038,11970,17068
10/7/2015 12:00:00 AM,11/11/2015 12:00:00 AM,28929,11970,16959
10/7/2015 12:00:00 AM,11/12/2015 12:00:00 AM,26870,11970,14900
10/7/2015 12:00:00 AM,11/13/2015 12:00:00 AM,27013,12096,14917
10/7/2015 12:00:00 AM,11/14/2015 12:00:00 AM,26802,12639,14163
10/7/2015 12:00:00 AM,11/15/2015 12:00:00 AM,25435,11968,13467
10/7/2015 12:00:00 AM,11/16/2015 12:00:00 AM,24468,11655,12813
10/7/2015 12:00:00 AM,11/17/2015 12:00:00 AM,19659,9435,10224
10/7/2015 12:00:00 AM,11/18/2015 12:00:00 AM,19642,9435,10207
10/7/2015 12:00:00 AM,11/19/2015 12:00:00 AM,19464,9435,10029
10/7/2015 12:00:00 AM,11/20/2015 12:00:00 AM,18993,8964,10029
10/7/2015 12:00:00 AM,11/21/2015 12:00:00 AM,17787,8818,8969
10/7/2015 12:00:00 AM,11/22/2015 12:00:00 AM,17398,8617,8781
10/7/2015 12:00:00 AM,11/23/2015 12:00:00 AM,14299,6838,7461
10/7/2015 12:00:00 AM,11/24/2015 12:00:00 AM,12139,5136,7003
10/7/2015 12:00:00 AM,11/25/2015 12:00:00 AM,10874,4656,6218
10/7/2015 12:00:00 AM,11/26/2015 12:00:00 AM,9939,4656,5283
10/7/2015 12:00:00 AM,11/27/2015 12:00:00 AM,10074,4656,5418
10/7/2015 12:00:00 AM,11/28/2015 12:00:00 AM,9685,4583,5102
10/7/2015 12:00:00 AM,11/29/2015 12:00:00 AM,9916,4663,5253
10/7/2015 12:00:00 AM,11/30/2015 12:00:00 AM,9937,4663,5274
10/7/2015 12:00:00 AM,12/1/2015 12:00:00 AM,9229,4648,4581
10/7/2015 12:00:00 AM,12/2/2015 12:00:00 AM,8643,4062,4581
10/7/2015 12:00:00 AM,12/3/2015 12:00:00 AM,7798,4062,3736
10/7/2015 12:00:00 AM,12/4/2015 12:00:00 AM,7798,4062,3736
10/7/2015 12:00:00 AM,12/5/2015 12:00:00 AM,9478,5787,3691
10/7/2015 12:00:00 AM,12/6/2015 12:00:00 AM,9320,5787,3533
10/7/2015 12:00:00 AM,12/7/2015 12:00:00 AM,9271,5661,3610
10/7/2015 12:00:00 AM,12/8/2015 12:00:00 AM,7632,4022,3610
10/7/2015 12:00:00 AM,12/9/2015 12:00:00 AM,7632,4022,3610
10/7/2015 12:00:00 AM,12/10/2015 12:00:00 AM,7632,4022,3610
10/7/2015 12:00:00 AM,12/11/2015 12:00:00 AM,7031,3421,3610
10/7/2015 12:00:00 AM,12/12/2015 12:00:00 AM,7539,4006,3533
10/7/2015 12:00:00 AM,12/13/2015 12:00:00 AM,7243,4006,3237
10/7/2015 12:00:00 AM,12/14/2015 12:00:00 AM,7127,4006,3121
10/7/2015 12:00:00 AM,12/15/2015 12:00:00 AM,3835,2281,1554
10/7/2015 12:00:00 AM,12/16/2015 12:00:00 AM,3835,2281,1554
10/7/2015 12:00:00 AM,12/17/2015 12:00:00 AM,3835,2281,1554
10/7/2015 12:00:00 AM,12/18/2015 12:00:00 AM,3250,1696,1554
10/7/2015 12:00:00 AM,12/19/2015 12:00:00 AM,3237,1696,1541
10/7/2015 12:00:00 AM,12/20/2015 12:00:00 AM,3128,1696,1432
10/7/2015 12:00:00 AM,12/21/2015 12:00:00 AM,3128,1696,1432
10/7/2015 12:00:00 AM,12/22/2015 12:00:00 AM,2248,816,1432
10/7/2015 12:00:00 AM,12/23/2015 12:00:00 AM,2248,816,1432
10/7/2015 12:00:00 AM,12/24/2015 12:00:00 AM,2177,816,1361
10/7/2015 12:00:00 AM,12/25/2015 12:00:00 AM,2791,816,1975
10/7/2015 12:00:00 AM,12/26/2015 12:00:00 AM,2791,816,1975
10/7/2015 12:00:00 AM,12/27/2015 12:00:00 AM,2791,816,1975
10/7/2015 12:00:00 AM,12/28/2015 12:00:00 AM,2791,816,1975
10/7/2015 12:00:00 AM,12/29/2015 12:00:00 AM,2791,816,1975
10/7/2015 12:00:00 AM,12/30/2015 12:00:00 AM,2005,816,1189
10/7/2015 12:00:00 AM,12/31/2015 12:00:00 AM,2005,816,1189
10/7/2015 12:00:00 AM,1/1/2016 12:00:00 AM,1946,816,1130
10/7/2015 12:00:00 AM,1/2/2016 12:00:00 AM,1282,766,516
10/7/2015 12:00:00 AM,1/3/2016 12:00:00 AM,1268,766,502
10/7/2015 12:00:00 AM,1/4/2016 12:00:00 AM,1268,766,502
10/7/2015 12:00:00 AM,1/5/2016 12:00:00 AM,1268,766,502
10/7/2015 12:00:00 AM,1/6/2016 12:00:00 AM,1268,766,502
10/6/2015 12:00:00 AM,10/7/2015 12:00:00 AM,32721,14488,18233
10/6/2015 12:00:00 AM,10/8/2015 12:00:00 AM,33460,14490,18970
10/6/2015 12:00:00 AM,10/9/2015 12:00:00 AM,34246,14835,19411
10/6/2015 12:00:00 AM,10/10/2015 12:00:00 AM,36578,16567,20011
10/6/2015 12:00:00 AM,10/11/2015 12:00:00 AM,36762,16722,20040
10/6/2015 12:00:00 AM,10/12/2015 12:00:00 AM,35487,16473,19014
10/6/2015 12:00:00 AM,10/13/2015 12:00:00 AM,34070,15583,18487
10/6/2015 12:00:00 AM,10/14/2015 12:00:00 AM,34249,15688,18561
10/6/2015 12:00:00 AM,10/15/2015 12:00:00 AM,35056,15782,19274
10/6/2015 12:00:00 AM,10/16/2015 12:00:00 AM,35076,15938,19138
10/6/2015 12:00:00 AM,10/17/2015 12:00:00 AM,39690,17264,22426
10/6/2015 12:00:00 AM,10/18/2015 12:00:00 AM,38885,16319,22566
10/6/2015 12:00:00 AM,10/19/2015 12:00:00 AM,38390,16121,22269
10/6/2015 12:00:00 AM,10/20/2015 12:00:00 AM,37655,15780,21875
10/6/2015 12:00:00 AM,10/21/2015 12:00:00 AM,36430,15530,20900
10/6/2015 12:00:00 AM,10/22/2015 12:00:00 AM,36380,15243,21137
10/6/2015 12:00:00 AM,10/23/2015 12:00:00 AM,35919,15866,20053
10/6/2015 12:00:00 AM,10/24/2015 12:00:00 AM,36346,17650,18696
10/6/2015 12:00:00 AM,10/25/2015 12:00:00 AM,36047,16990,19057
10/6/2015 12:00:00 AM,10/26/2015 12:00:00 AM,35973,17051,18922
10/6/2015 12:00:00 AM,10/27/2015 12:00:00 AM,31851,14709,17142
10/6/2015 12:00:00 AM,10/28/2015 12:00:00 AM,31252,13902,17350
10/6/2015 12:00:00 AM,10/29/2015 12:00:00 AM,30993,13092,17901
10/6/2015 12:00:00 AM,10/30/2015 12:00:00 AM,33361,13773,19588
10/6/2015 12:00:00 AM,10/31/2015 12:00:00 AM,35425,14695,20730
10/6/2015 12:00:00 AM,11/1/2015 12:00:00 AM,34893,15141,19752
10/6/2015 12:00:00 AM,11/2/2015 12:00:00 AM,35940,16541,19399
10/6/2015 12:00:00 AM,11/3/2015 12:00:00 AM,33777,14266,19511
10/6/2015 12:00:00 AM,11/4/2015 12:00:00 AM,33837,14217,19620
10/6/2015 12:00:00 AM,11/5/2015 12:00:00 AM,31952,13548,18404
10/6/2015 12:00:00 AM,11/6/2015 12:00:00 AM,33739,15154,18585
10/6/2015 12:00:00 AM,11/7/2015 12:00:00 AM,33745,14983,18762
10/6/2015 12:00:00 AM,11/8/2015 12:00:00 AM,33869,15059,18810
10/6/2015 12:00:00 AM,11/9/2015 12:00:00 AM,32670,14891,17779
10/6/2015 12:00:00 AM,11/10/2015 12:00:00 AM,29553,12570,16983
10/6/2015 12:00:00 AM,11/11/2015 12:00:00 AM,29444,12570,16874
10/6/2015 12:00:00 AM,11/12/2015 12:00:00 AM,27385,12570,14815
10/6/2015 12:00:00 AM,11/13/2015 12:00:00 AM,27528,12696,14832
10/6/2015 12:00:00 AM,11/14/2015 12:00:00 AM,27317,13239,14078
10/6/2015 12:00:00 AM,11/15/2015 12:00:00 AM,25950,12568,13382
10/6/2015 12:00:00 AM,11/16/2015 12:00:00 AM,25068,12255,12813
10/6/2015 12:00:00 AM,11/17/2015 12:00:00 AM,20259,10035,10224
10/6/2015 12:00:00 AM,11/18/2015 12:00:00 AM,19642,9435,10207
10/6/2015 12:00:00 AM,11/19/2015 12:00:00 AM,19464,9435,10029
10/6/2015 12:00:00 AM,11/20/2015 12:00:00 AM,18993,8964,10029
10/6/2015 12:00:00 AM,11/21/2015 12:00:00 AM,17787,8818,8969
10/6/2015 12:00:00 AM,11/22/2015 12:00:00 AM,17398,8617,8781
10/6/2015 12:00:00 AM,11/23/2015 12:00:00 AM,14299,6838,7461
10/6/2015 12:00:00 AM,11/24/2015 12:00:00 AM,12139,5136,7003
10/6/2015 12:00:00 AM,11/25/2015 12:00:00 AM,10874,4656,6218
10/6/2015 12:00:00 AM,11/26/2015 12:00:00 AM,9939,4656,5283
10/6/2015 12:00:00 AM,11/27/2015 12:00:00 AM,10074,4656,5418
10/6/2015 12:00:00 AM,11/28/2015 12:00:00 AM,9685,4583,5102
10/6/2015 12:00:00 AM,11/29/2015 12:00:00 AM,9916,4663,5253
10/6/2015 12:00:00 AM,11/30/2015 12:00:00 AM,9937,4663,5274
10/6/2015 12:00:00 AM,12/1/2015 12:00:00 AM,9229,4648,4581
10/6/2015 12:00:00 AM,12/2/2015 12:00:00 AM,8643,4062,4581
10/6/2015 12:00:00 AM,12/3/2015 12:00:00 AM,7798,4062,3736
10/6/2015 12:00:00 AM,12/4/2015 12:00:00 AM,7798,4062,3736
10/6/2015 12:00:00 AM,12/5/2015 12:00:00 AM,9478,5787,3691
10/6/2015 12:00:00 AM,12/6/2015 12:00:00 AM,9320,5787,3533
10/6/2015 12:00:00 AM,12/7/2015 12:00:00 AM,9271,5661,3610
10/6/2015 12:00:00 AM,12/8/2015 12:00:00 AM,7632,4022,3610
10/6/2015 12:00:00 AM,12/9/2015 12:00:00 AM,7632,4022,3610
10/6/2015 12:00:00 AM,12/10/2015 12:00:00 AM,7632,4022,3610
10/6/2015 12:00:00 AM,12/11/2015 12:00:00 AM,7031,3421,3610
10/6/2015 12:00:00 AM,12/12/2015 12:00:00 AM,7539,4006,3533
10/6/2015 12:00:00 AM,12/13/2015 12:00:00 AM,7243,4006,3237
10/6/2015 12:00:00 AM,12/14/2015 12:00:00 AM,7127,4006,3121
10/6/2015 12:00:00 AM,12/15/2015 12:00:00 AM,3835,2281,1554
10/6/2015 12:00:00 AM,12/16/2015 12:00:00 AM,3835,2281,1554
10/6/2015 12:00:00 AM,12/17/2015 12:00:00 AM,3835,2281,1554
10/6/2015 12:00:00 AM,12/18/2015 12:00:00 AM,3250,1696,1554
10/6/2015 12:00:00 AM,12/19/2015 12:00:00 AM,3237,1696,1541
10/6/2015 12:00:00 AM,12/20/2015 12:00:00 AM,3128,1696,1432
10/6/2015 12:00:00 AM,12/21/2015 12:00:00 AM,3128,1696,1432
10/6/2015 12:00:00 AM,12/22/2015 12:00:00 AM,2248,816,1432
10/6/2015 12:00:00 AM,12/23/2015 12:00:00 AM,2248,816,1432
10/6/2015 12:00:00 AM,12/24/2015 12:00:00 AM,2177,816,1361
10/6/2015 12:00:00 AM,12/25/2015 12:00:00 AM,2791,816,1975
10/6/2015 12:00:00 AM,12/26/2015 12:00:00 AM,2791,816,1975
10/6/2015 12:00:00 AM,12/27/2015 12:00:00 AM,2791,816,1975
10/6/2015 12:00:00 AM,12/28/2015 12:00:00 AM,2791,816,1975
10/6/2015 12:00:00 AM,12/29/2015 12:00:00 AM,2791,816,1975
10/6/2015 12:00:00 AM,12/30/2015 12:00:00 AM,2005,816,1189
10/6/2015 12:00:00 AM,12/31/2015 12:00:00 AM,2005,816,1189
10/6/2015 12:00:00 AM,1/1/2016 12:00:00 AM,1946,816,1130
10/6/2015 12:00:00 AM,1/2/2016 12:00:00 AM,1282,766,516
10/6/2015 12:00:00 AM,1/3/2016 12:00:00 AM,1268,766,502
10/6/2015 12:00:00 AM,1/4/2016 12:00:00 AM,1268,766,502
10/6/2015 12:00:00 AM,1/5/2016 12:00:00 AM,1268,766,502
10/5/2015 12:00:00 AM,10/6/2015 12:00:00 AM,33207,15037,18170
10/5/2015 12:00:00 AM,10/7/2015 12:00:00 AM,32589,14433,18156
10/5/2015 12:00:00 AM,10/8/2015 12:00:00 AM,33326,14433,18893
10/5/2015 12:00:00 AM,10/9/2015 12:00:00 AM,34216,14882,19334
10/5/2015 12:00:00 AM,10/10/2015 12:00:00 AM,36545,16728,19817
10/5/2015 12:00:00 AM,10/11/2015 12:00:00 AM,36729,16883,19846
10/5/2015 12:00:00 AM,10/12/2015 12:00:00 AM,35457,16634,18823
10/5/2015 12:00:00 AM,10/13/2015 12:00:00 AM,34160,15747,18413
10/5/2015 12:00:00 AM,10/14/2015 12:00:00 AM,34381,15897,18484
10/5/2015 12:00:00 AM,10/15/2015 12:00:00 AM,35188,15991,19197
10/5/2015 12:00:00 AM,10/16/2015 12:00:00 AM,35251,16126,19125
10/5/2015 12:00:00 AM,10/17/2015 12:00:00 AM,39822,17409,22413
10/5/2015 12:00:00 AM,10/18/2015 12:00:00 AM,39017,16464,22553
10/5/2015 12:00:00 AM,10/19/2015 12:00:00 AM,38377,16121,22256
10/5/2015 12:00:00 AM,10/20/2015 12:00:00 AM,37642,15780,21862
10/5/2015 12:00:00 AM,10/21/2015 12:00:00 AM,36417,15530,20887
10/5/2015 12:00:00 AM,10/22/2015 12:00:00 AM,36367,15243,21124
10/5/2015 12:00:00 AM,10/23/2015 12:00:00 AM,35906,15866,20040
10/5/2015 12:00:00 AM,10/24/2015 12:00:00 AM,36188,17505,18683
10/5/2015 12:00:00 AM,10/25/2015 12:00:00 AM,35889,16845,19044
10/5/2015 12:00:00 AM,10/26/2015 12:00:00 AM,35960,17051,18909
10/5/2015 12:00:00 AM,10/27/2015 12:00:00 AM,31838,14709,17129
10/5/2015 12:00:00 AM,10/28/2015 12:00:00 AM,31239,13902,17337
10/5/2015 12:00:00 AM,10/29/2015 12:00:00 AM,30980,13092,17888
10/5/2015 12:00:00 AM,10/30/2015 12:00:00 AM,33348,13773,19575
10/5/2015 12:00:00 AM,10/31/2015 12:00:00 AM,34070,14695,19375
10/5/2015 12:00:00 AM,11/1/2015 12:00:00 AM,33538,15141,18397
10/5/2015 12:00:00 AM,11/2/2015 12:00:00 AM,34456,16396,18060
10/5/2015 12:00:00 AM,11/3/2015 12:00:00 AM,32290,14121,18169
10/5/2015 12:00:00 AM,11/4/2015 12:00:00 AM,32347,14072,18275
10/5/2015 12:00:00 AM,11/5/2015 12:00:00 AM,30465,13403,17062
10/5/2015 12:00:00 AM,11/6/2015 12:00:00 AM,32252,15009,17243
10/5/2015 12:00:00 AM,11/7/2015 12:00:00 AM,32258,14838,17420
10/5/2015 12:00:00 AM,11/8/2015 12:00:00 AM,32382,14914,17468
10/5/2015 12:00:00 AM,11/9/2015 12:00:00 AM,31183,14746,16437
10/5/2015 12:00:00 AM,11/10/2015 12:00:00 AM,28066,12425,15641
10/5/2015 12:00:00 AM,11/11/2015 12:00:00 AM,27957,12425,15532
10/5/2015 12:00:00 AM,11/12/2015 12:00:00 AM,27240,12425,14815
10/5/2015 12:00:00 AM,11/13/2015 12:00:00 AM,27383,12551,14832
10/5/2015 12:00:00 AM,11/14/2015 12:00:00 AM,27172,13094,14078
10/5/2015 12:00:00 AM,11/15/2015 12:00:00 AM,25805,12423,13382
10/5/2015 12:00:00 AM,11/16/2015 12:00:00 AM,24703,11890,12813
10/5/2015 12:00:00 AM,11/17/2015 12:00:00 AM,19894,9670,10224
10/5/2015 12:00:00 AM,11/18/2015 12:00:00 AM,19277,9070,10207
10/5/2015 12:00:00 AM,11/19/2015 12:00:00 AM,19099,9070,10029
10/5/2015 12:00:00 AM,11/20/2015 12:00:00 AM,18628,8599,10029
10/5/2015 12:00:00 AM,11/21/2015 12:00:00 AM,17422,8453,8969
10/5/2015 12:00:00 AM,11/22/2015 12:00:00 AM,17033,8252,8781
10/5/2015 12:00:00 AM,11/23/2015 12:00:00 AM,14299,6838,7461
10/5/2015 12:00:00 AM,11/24/2015 12:00:00 AM,12139,5136,7003
10/5/2015 12:00:00 AM,11/25/2015 12:00:00 AM,10874,4656,6218
10/5/2015 12:00:00 AM,11/26/2015 12:00:00 AM,9939,4656,5283
10/5/2015 12:00:00 AM,11/27/2015 12:00:00 AM,10074,4656,5418
10/5/2015 12:00:00 AM,11/28/2015 12:00:00 AM,9685,4583,5102
10/5/2015 12:00:00 AM,11/29/2015 12:00:00 AM,9916,4663,5253
10/5/2015 12:00:00 AM,11/30/2015 12:00:00 AM,9937,4663,5274
10/5/2015 12:00:00 AM,12/1/2015 12:00:00 AM,9229,4648,4581
10/5/2015 12:00:00 AM,12/2/2015 12:00:00 AM,8643,4062,4581
10/5/2015 12:00:00 AM,12/3/2015 12:00:00 AM,7798,4062,3736
10/5/2015 12:00:00 AM,12/4/2015 12:00:00 AM,7798,4062,3736
10/5/2015 12:00:00 AM,12/5/2015 12:00:00 AM,9478,5787,3691
10/5/2015 12:00:00 AM,12/6/2015 12:00:00 AM,9320,5787,3533
10/5/2015 12:00:00 AM,12/7/2015 12:00:00 AM,9271,5661,3610
10/5/2015 12:00:00 AM,12/8/2015 12:00:00 AM,7632,4022,3610
10/5/2015 12:00:00 AM,12/9/2015 12:00:00 AM,7632,4022,3610
10/5/2015 12:00:00 AM,12/10/2015 12:00:00 AM,7632,4022,3610
10/5/2015 12:00:00 AM,12/11/2015 12:00:00 AM,7031,3421,3610
10/5/2015 12:00:00 AM,12/12/2015 12:00:00 AM,7539,4006,3533
10/5/2015 12:00:00 AM,12/13/2015 12:00:00 AM,7243,4006,3237
10/5/2015 12:00:00 AM,12/14/2015 12:00:00 AM,7127,4006,3121
10/5/2015 12:00:00 AM,12/15/2015 12:00:00 AM,3835,2281,1554
10/5/2015 12:00:00 AM,12/16/2015 12:00:00 AM,3835,2281,1554
10/5/2015 12:00:00 AM,12/17/2015 12:00:00 AM,3835,2281,1554
10/5/2015 12:00:00 AM,12/18/2015 12:00:00 AM,3250,1696,1554
10/5/2015 12:00:00 AM,12/19/2015 12:00:00 AM,3237,1696,1541
10/5/2015 12:00:00 AM,12/20/2015 12:00:00 AM,3128,1696,1432
10/5/2015 12:00:00 AM,12/21/2015 12:00:00 AM,3128,1696,1432
10/5/2015 12:00:00 AM,12/22/2015 12:00:00 AM,2248,816,1432
10/5/2015 12:00:00 AM,12/23/2015 12:00:00 AM,2248,816,1432
10/5/2015 12:00:00 AM,12/24/2015 12:00:00 AM,2177,816,1361
10/5/2015 12:00:00 AM,12/25/2015 12:00:00 AM,2791,816,1975
10/5/2015 12:00:00 AM,12/26/2015 12:00:00 AM,2791,816,1975
10/5/2015 12:00:00 AM,12/27/2015 12:00:00 AM,2791,816,1975
10/5/2015 12:00:00 AM,12/28/2015 12:00:00 AM,2791,816,1975
10/5/2015 12:00:00 AM,12/29/2015 12:00:00 AM,2791,816,1975
10/5/2015 12:00:00 AM,12/30/2015 12:00:00 AM,2005,816,1189
10/5/2015 12:00:00 AM,12/31/2015 12:00:00 AM,2005,816,1189
10/5/2015 12:00:00 AM,1/1/2016 12:00:00 AM,1946,816,1130
10/5/2015 12:00:00 AM,1/2/2016 12:00:00 AM,1282,766,516
10/5/2015 12:00:00 AM,1/3/2016 12:00:00 AM,1268,766,502
10/5/2015 12:00:00 AM,1/4/2016 12:00:00 AM,1268,766,502
10/4/2015 12:00:00 AM,10/5/2015 12:00:00 AM,35375,16970,18405
10/4/2015 12:00:00 AM,10/6/2015 12:00:00 AM,33207,15037,18170
10/4/2015 12:00:00 AM,10/7/2015 12:00:00 AM,32589,14433,18156
10/4/2015 12:00:00 AM,10/8/2015 12:00:00 AM,33326,14433,18893
10/4/2015 12:00:00 AM,10/9/2015 12:00:00 AM,34216,14882,19334
10/4/2015 12:00:00 AM,10/10/2015 12:00:00 AM,36545,16728,19817
10/4/2015 12:00:00 AM,10/11/2015 12:00:00 AM,36729,16883,19846
10/4/2015 12:00:00 AM,10/12/2015 12:00:00 AM,35457,16634,18823
10/4/2015 12:00:00 AM,10/13/2015 12:00:00 AM,34160,15747,18413
10/4/2015 12:00:00 AM,10/14/2015 12:00:00 AM,34381,15897,18484
10/4/2015 12:00:00 AM,10/15/2015 12:00:00 AM,35188,15991,19197
10/4/2015 12:00:00 AM,10/16/2015 12:00:00 AM,35251,16126,19125
10/4/2015 12:00:00 AM,10/17/2015 12:00:00 AM,39822,17409,22413
10/4/2015 12:00:00 AM,10/18/2015 12:00:00 AM,39017,16464,22553
10/4/2015 12:00:00 AM,10/19/2015 12:00:00 AM,38377,16121,22256
10/4/2015 12:00:00 AM,10/20/2015 12:00:00 AM,37642,15780,21862
10/4/2015 12:00:00 AM,10/21/2015 12:00:00 AM,36417,15530,20887
10/4/2015 12:00:00 AM,10/22/2015 12:00:00 AM,36367,15243,21124
10/4/2015 12:00:00 AM,10/23/2015 12:00:00 AM,35906,15866,20040
10/4/2015 12:00:00 AM,10/24/2015 12:00:00 AM,36188,17505,18683
10/4/2015 12:00:00 AM,10/25/2015 12:00:00 AM,35889,16845,19044
10/4/2015 12:00:00 AM,10/26/2015 12:00:00 AM,35960,17051,18909
10/4/2015 12:00:00 AM,10/27/2015 12:00:00 AM,31838,14709,17129
10/4/2015 12:00:00 AM,10/28/2015 12:00:00 AM,31239,13902,17337
10/4/2015 12:00:00 AM,10/29/2015 12:00:00 AM,30980,13092,17888
10/4/2015 12:00:00 AM,10/30/2015 12:00:00 AM,33348,13773,19575
10/4/2015 12:00:00 AM,10/31/2015 12:00:00 AM,34070,14695,19375
10/4/2015 12:00:00 AM,11/1/2015 12:00:00 AM,33538,15141,18397
10/4/2015 12:00:00 AM,11/2/2015 12:00:00 AM,34456,16396,18060
10/4/2015 12:00:00 AM,11/3/2015 12:00:00 AM,32290,14121,18169
10/4/2015 12:00:00 AM,11/4/2015 12:00:00 AM,32347,14072,18275
10/4/2015 12:00:00 AM,11/5/2015 12:00:00 AM,30465,13403,17062
10/4/2015 12:00:00 AM,11/6/2015 12:00:00 AM,32252,15009,17243
10/4/2015 12:00:00 AM,11/7/2015 12:00:00 AM,32258,14838,17420
10/4/2015 12:00:00 AM,11/8/2015 12:00:00 AM,32382,14914,17468
10/4/2015 12:00:00 AM,11/9/2015 12:00:00 AM,31183,14746,16437
10/4/2015 12:00:00 AM,11/10/2015 12:00:00 AM,28066,12425,15641
10/4/2015 12:00:00 AM,11/11/2015 12:00:00 AM,27957,12425,15532
10/4/2015 12:00:00 AM,11/12/2015 12:00:00 AM,27240,12425,14815
10/4/2015 12:00:00 AM,11/13/2015 12:00:00 AM,27383,12551,14832
10/4/2015 12:00:00 AM,11/14/2015 12:00:00 AM,27172,13094,14078
10/4/2015 12:00:00 AM,11/15/2015 12:00:00 AM,25805,12423,13382
10/4/2015 12:00:00 AM,11/16/2015 12:00:00 AM,24703,11890,12813
10/4/2015 12:00:00 AM,11/17/2015 12:00:00 AM,19894,9670,10224
10/4/2015 12:00:00 AM,11/18/2015 12:00:00 AM,19277,9070,10207
10/4/2015 12:00:00 AM,11/19/2015 12:00:00 AM,19099,9070,10029
10/4/2015 12:00:00 AM,11/20/2015 12:00:00 AM,18628,8599,10029
10/4/2015 12:00:00 AM,11/21/2015 12:00:00 AM,17422,8453,8969
10/4/2015 12:00:00 AM,11/22/2015 12:00:00 AM,17033,8252,8781
10/4/2015 12:00:00 AM,11/23/2015 12:00:00 AM,14299,6838,7461
10/4/2015 12:00:00 AM,11/24/2015 12:00:00 AM,12139,5136,7003
10/4/2015 12:00:00 AM,11/25/2015 12:00:00 AM,10874,4656,6218
10/4/2015 12:00:00 AM,11/26/2015 12:00:00 AM,9939,4656,5283
10/4/2015 12:00:00 AM,11/27/2015 12:00:00 AM,10074,4656,5418
10/4/2015 12:00:00 AM,11/28/2015 12:00:00 AM,9685,4583,5102
10/4/2015 12:00:00 AM,11/29/2015 12:00:00 AM,9916,4663,5253
10/4/2015 12:00:00 AM,11/30/2015 12:00:00 AM,9937,4663,5274
10/4/2015 12:00:00 AM,12/1/2015 12:00:00 AM,9229,4648,4581
10/4/2015 12:00:00 AM,12/2/2015 12:00:00 AM,8643,4062,4581
10/4/2015 12:00:00 AM,12/3/2015 12:00:00 AM,7798,4062,3736
10/4/2015 12:00:00 AM,12/4/2015 12:00:00 AM,7798,4062,3736
10/4/2015 12:00:00 AM,12/5/2015 12:00:00 AM,9478,5787,3691
10/4/2015 12:00:00 AM,12/6/2015 12:00:00 AM,9320,5787,3533
10/4/2015 12:00:00 AM,12/7/2015 12:00:00 AM,9271,5661,3610
10/4/2015 12:00:00 AM,12/8/2015 12:00:00 AM,7632,4022,3610
10/4/2015 12:00:00 AM,12/9/2015 12:00:00 AM,7632,4022,3610
10/4/2015 12:00:00 AM,12/10/2015 12:00:00 AM,7632,4022,3610
10/4/2015 12:00:00 AM,12/11/2015 12:00:00 AM,7031,3421,3610
10/4/2015 12:00:00 AM,12/12/2015 12:00:00 AM,7539,4006,3533
10/4/2015 12:00:00 AM,12/13/2015 12:00:00 AM,7243,4006,3237
10/4/2015 12:00:00 AM,12/14/2015 12:00:00 AM,7127,4006,3121
10/4/2015 12:00:00 AM,12/15/2015 12:00:00 AM,3835,2281,1554
10/4/2015 12:00:00 AM,12/16/2015 12:00:00 AM,3835,2281,1554
10/4/2015 12:00:00 AM,12/17/2015 12:00:00 AM,3835,2281,1554
10/4/2015 12:00:00 AM,12/18/2015 12:00:00 AM,3250,1696,1554
10/4/2015 12:00:00 AM,12/19/2015 12:00:00 AM,3237,1696,1541
10/4/2015 12:00:00 AM,12/20/2015 12:00:00 AM,3128,1696,1432
10/4/2015 12:00:00 AM,12/21/2015 12:00:00 AM,3128,1696,1432
10/4/2015 12:00:00 AM,12/22/2015 12:00:00 AM,2248,816,1432
10/4/2015 12:00:00 AM,12/23/2015 12:00:00 AM,2248,816,1432
10/4/2015 12:00:00 AM,12/24/2015 12:00:00 AM,2177,816,1361
10/4/2015 12:00:00 AM,12/25/2015 12:00:00 AM,2791,816,1975
10/4/2015 12:00:00 AM,12/26/2015 12:00:00 AM,2791,816,1975
10/4/2015 12:00:00 AM,12/27/2015 12:00:00 AM,2791,816,1975
10/4/2015 12:00:00 AM,12/28/2015 12:00:00 AM,2791,816,1975
10/4/2015 12:00:00 AM,12/29/2015 12:00:00 AM,2791,816,1975
10/4/2015 12:00:00 AM,12/30/2015 12:00:00 AM,2005,816,1189
10/4/2015 12:00:00 AM,12/31/2015 12:00:00 AM,2005,816,1189
10/4/2015 12:00:00 AM,1/1/2016 12:00:00 AM,1946,816,1130
10/4/2015 12:00:00 AM,1/2/2016 12:00:00 AM,1282,766,516
10/4/2015 12:00:00 AM,1/3/2016 12:00:00 AM,1268,766,502
10/3/2015 12:00:00 AM,10/4/2015 12:00:00 AM,30449,13946,16503
10/3/2015 12:00:00 AM,10/5/2015 12:00:00 AM,35445,16985,18460
10/3/2015 12:00:00 AM,10/6/2015 12:00:00 AM,33277,15052,18225
10/3/2015 12:00:00 AM,10/7/2015 12:00:00 AM,32659,14448,18211
10/3/2015 12:00:00 AM,10/8/2015 12:00:00 AM,33396,14448,18948
10/3/2015 12:00:00 AM,10/9/2015 12:00:00 AM,34271,14882,19389
10/3/2015 12:00:00 AM,10/10/2015 12:00:00 AM,36600,16728,19872
10/3/2015 12:00:00 AM,10/11/2015 12:00:00 AM,36784,16883,19901
10/3/2015 12:00:00 AM,10/12/2015 12:00:00 AM,35512,16634,18878
10/3/2015 12:00:00 AM,10/13/2015 12:00:00 AM,34215,15747,18468
10/3/2015 12:00:00 AM,10/14/2015 12:00:00 AM,34436,15897,18539
10/3/2015 12:00:00 AM,10/15/2015 12:00:00 AM,35243,15991,19252
10/3/2015 12:00:00 AM,10/16/2015 12:00:00 AM,35306,16126,19180
10/3/2015 12:00:00 AM,10/17/2015 12:00:00 AM,39877,17409,22468
10/3/2015 12:00:00 AM,10/18/2015 12:00:00 AM,39072,16464,22608
10/3/2015 12:00:00 AM,10/19/2015 12:00:00 AM,38377,16121,22256
10/3/2015 12:00:00 AM,10/20/2015 12:00:00 AM,37642,15780,21862
10/3/2015 12:00:00 AM,10/21/2015 12:00:00 AM,36417,15530,20887
10/3/2015 12:00:00 AM,10/22/2015 12:00:00 AM,36367,15243,21124
10/3/2015 12:00:00 AM,10/23/2015 12:00:00 AM,35906,15866,20040
10/3/2015 12:00:00 AM,10/24/2015 12:00:00 AM,36188,17505,18683
10/3/2015 12:00:00 AM,10/25/2015 12:00:00 AM,35889,16845,19044
10/3/2015 12:00:00 AM,10/26/2015 12:00:00 AM,35960,17051,18909
10/3/2015 12:00:00 AM,10/27/2015 12:00:00 AM,31838,14709,17129
10/3/2015 12:00:00 AM,10/28/2015 12:00:00 AM,31239,13902,17337
10/3/2015 12:00:00 AM,10/29/2015 12:00:00 AM,30980,13092,17888
10/3/2015 12:00:00 AM,10/30/2015 12:00:00 AM,33348,13773,19575
10/3/2015 12:00:00 AM,10/31/2015 12:00:00 AM,34070,14695,19375
10/3/2015 12:00:00 AM,11/1/2015 12:00:00 AM,33538,15141,18397
10/3/2015 12:00:00 AM,11/2/2015 12:00:00 AM,34456,16396,18060
10/3/2015 12:00:00 AM,11/3/2015 12:00:00 AM,32290,14121,18169
10/3/2015 12:00:00 AM,11/4/2015 12:00:00 AM,32347,14072,18275
10/3/2015 12:00:00 AM,11/5/2015 12:00:00 AM,30465,13403,17062
10/3/2015 12:00:00 AM,11/6/2015 12:00:00 AM,32252,15009,17243
10/3/2015 12:00:00 AM,11/7/2015 12:00:00 AM,32258,14838,17420
10/3/2015 12:00:00 AM,11/8/2015 12:00:00 AM,32382,14914,17468
10/3/2015 12:00:00 AM,11/9/2015 12:00:00 AM,31183,14746,16437
10/3/2015 12:00:00 AM,11/10/2015 12:00:00 AM,28066,12425,15641
10/3/2015 12:00:00 AM,11/11/2015 12:00:00 AM,27957,12425,15532
10/3/2015 12:00:00 AM,11/12/2015 12:00:00 AM,27240,12425,14815
10/3/2015 12:00:00 AM,11/13/2015 12:00:00 AM,27383,12551,14832
10/3/2015 12:00:00 AM,11/14/2015 12:00:00 AM,27172,13094,14078
10/3/2015 12:00:00 AM,11/15/2015 12:00:00 AM,25805,12423,13382
10/3/2015 12:00:00 AM,11/16/2015 12:00:00 AM,24703,11890,12813
10/3/2015 12:00:00 AM,11/17/2015 12:00:00 AM,19894,9670,10224
10/3/2015 12:00:00 AM,11/18/2015 12:00:00 AM,19277,9070,10207
10/3/2015 12:00:00 AM,11/19/2015 12:00:00 AM,19099,9070,10029
10/3/2015 12:00:00 AM,11/20/2015 12:00:00 AM,18628,8599,10029
10/3/2015 12:00:00 AM,11/21/2015 12:00:00 AM,17422,8453,8969
10/3/2015 12:00:00 AM,11/22/2015 12:00:00 AM,17033,8252,8781
10/3/2015 12:00:00 AM,11/23/2015 12:00:00 AM,14299,6838,7461
10/3/2015 12:00:00 AM,11/24/2015 12:00:00 AM,12139,5136,7003
10/3/2015 12:00:00 AM,11/25/2015 12:00:00 AM,10874,4656,6218
10/3/2015 12:00:00 AM,11/26/2015 12:00:00 AM,9939,4656,5283
10/3/2015 12:00:00 AM,11/27/2015 12:00:00 AM,10074,4656,5418
10/3/2015 12:00:00 AM,11/28/2015 12:00:00 AM,9685,4583,5102
10/3/2015 12:00:00 AM,11/29/2015 12:00:00 AM,9916,4663,5253
10/3/2015 12:00:00 AM,11/30/2015 12:00:00 AM,9937,4663,5274
10/3/2015 12:00:00 AM,12/1/2015 12:00:00 AM,9229,4648,4581
10/3/2015 12:00:00 AM,12/2/2015 12:00:00 AM,8643,4062,4581
10/3/2015 12:00:00 AM,12/3/2015 12:00:00 AM,7798,4062,3736
10/3/2015 12:00:00 AM,12/4/2015 12:00:00 AM,7798,4062,3736
10/3/2015 12:00:00 AM,12/5/2015 12:00:00 AM,9478,5787,3691
10/3/2015 12:00:00 AM,12/6/2015 12:00:00 AM,9320,5787,3533
10/3/2015 12:00:00 AM,12/7/2015 12:00:00 AM,9271,5661,3610
10/3/2015 12:00:00 AM,12/8/2015 12:00:00 AM,7632,4022,3610
10/3/2015 12:00:00 AM,12/9/2015 12:00:00 AM,7632,4022,3610
10/3/2015 12:00:00 AM,12/10/2015 12:00:00 AM,7632,4022,3610
10/3/2015 12:00:00 AM,12/11/2015 12:00:00 AM,7031,3421,3610
10/3/2015 12:00:00 AM,12/12/2015 12:00:00 AM,7539,4006,3533
10/3/2015 12:00:00 AM,12/13/2015 12:00:00 AM,7243,4006,3237
10/3/2015 12:00:00 AM,12/14/2015 12:00:00 AM,7127,4006,3121
10/3/2015 12:00:00 AM,12/15/2015 12:00:00 AM,3835,2281,1554
10/3/2015 12:00:00 AM,12/16/2015 12:00:00 AM,3835,2281,1554
10/3/2015 12:00:00 AM,12/17/2015 12:00:00 AM,3835,2281,1554
10/3/2015 12:00:00 AM,12/18/2015 12:00:00 AM,3250,1696,1554
10/3/2015 12:00:00 AM,12/19/2015 12:00:00 AM,3237,1696,1541
10/3/2015 12:00:00 AM,12/20/2015 12:00:00 AM,3128,1696,1432
10/3/2015 12:00:00 AM,12/21/2015 12:00:00 AM,3128,1696,1432
10/3/2015 12:00:00 AM,12/22/2015 12:00:00 AM,2248,816,1432
10/3/2015 12:00:00 AM,12/23/2015 12:00:00 AM,2248,816,1432
10/3/2015 12:00:00 AM,12/24/2015 12:00:00 AM,2177,816,1361
10/3/2015 12:00:00 AM,12/25/2015 12:00:00 AM,2791,816,1975
10/3/2015 12:00:00 AM,12/26/2015 12:00:00 AM,2791,816,1975
10/3/2015 12:00:00 AM,12/27/2015 12:00:00 AM,2791,816,1975
10/3/2015 12:00:00 AM,12/28/2015 12:00:00 AM,2791,816,1975
10/3/2015 12:00:00 AM,12/29/2015 12:00:00 AM,2791,816,1975
10/3/2015 12:00:00 AM,12/30/2015 12:00:00 AM,2005,816,1189
10/3/2015 12:00:00 AM,12/31/2015 12:00:00 AM,2005,816,1189
10/3/2015 12:00:00 AM,1/1/2016 12:00:00 AM,1946,816,1130
10/3/2015 12:00:00 AM,1/2/2016 12:00:00 AM,1282,766,516
10/2/2015 12:00:00 AM,10/3/2015 12:00:00 AM,29252,13616,15636
10/2/2015 12:00:00 AM,10/4/2015 12:00:00 AM,30607,14072,16535
10/2/2015 12:00:00 AM,10/5/2015 12:00:00 AM,33531,15039,18492
10/2/2015 12:00:00 AM,10/6/2015 12:00:00 AM,33296,15039,18257
10/2/2015 12:00:00 AM,10/7/2015 12:00:00 AM,32737,14494,18243
10/2/2015 12:00:00 AM,10/8/2015 12:00:00 AM,33474,14494,18980
10/2/2015 12:00:00 AM,10/9/2015 12:00:00 AM,34349,14928,19421
10/2/2015 12:00:00 AM,10/10/2015 12:00:00 AM,36665,16761,19904
10/2/2015 12:00:00 AM,10/11/2015 12:00:00 AM,36849,16916,19933
10/2/2015 12:00:00 AM,10/12/2015 12:00:00 AM,34812,16752,18060
10/2/2015 12:00:00 AM,10/13/2015 12:00:00 AM,33515,15865,17650
10/2/2015 12:00:00 AM,10/14/2015 12:00:00 AM,33736,16015,17721
10/2/2015 12:00:00 AM,10/15/2015 12:00:00 AM,34511,16109,18402
10/2/2015 12:00:00 AM,10/16/2015 12:00:00 AM,34574,16244,18330
10/2/2015 12:00:00 AM,10/17/2015 12:00:00 AM,39126,17508,21618
10/2/2015 12:00:00 AM,10/18/2015 12:00:00 AM,38321,16563,21758
10/2/2015 12:00:00 AM,10/19/2015 12:00:00 AM,37711,16305,21406
10/2/2015 12:00:00 AM,10/20/2015 12:00:00 AM,36976,15964,21012
10/2/2015 12:00:00 AM,10/21/2015 12:00:00 AM,35751,15714,20037
10/2/2015 12:00:00 AM,10/22/2015 12:00:00 AM,35701,15427,20274
10/2/2015 12:00:00 AM,10/23/2015 12:00:00 AM,36090,16050,20040
10/2/2015 12:00:00 AM,10/24/2015 12:00:00 AM,36391,17708,18683
10/2/2015 12:00:00 AM,10/25/2015 12:00:00 AM,36092,17048,19044
10/2/2015 12:00:00 AM,10/26/2015 12:00:00 AM,36163,17254,18909
10/2/2015 12:00:00 AM,10/27/2015 12:00:00 AM,32041,14912,17129
10/2/2015 12:00:00 AM,10/28/2015 12:00:00 AM,31442,14105,17337
10/2/2015 12:00:00 AM,10/29/2015 12:00:00 AM,31183,13295,17888
10/2/2015 12:00:00 AM,10/30/2015 12:00:00 AM,33551,13976,19575
10/2/2015 12:00:00 AM,10/31/2015 12:00:00 AM,34273,14898,19375
10/2/2015 12:00:00 AM,11/1/2015 12:00:00 AM,33741,15344,18397
10/2/2015 12:00:00 AM,11/2/2015 12:00:00 AM,34659,16599,18060
10/2/2015 12:00:00 AM,11/3/2015 12:00:00 AM,32493,14324,18169
10/2/2015 12:00:00 AM,11/4/2015 12:00:00 AM,32550,14275,18275
10/2/2015 12:00:00 AM,11/5/2015 12:00:00 AM,30668,13606,17062
10/2/2015 12:00:00 AM,11/6/2015 12:00:00 AM,31449,14206,17243
10/2/2015 12:00:00 AM,11/7/2015 12:00:00 AM,31455,14035,17420
10/2/2015 12:00:00 AM,11/8/2015 12:00:00 AM,31579,14111,17468
10/2/2015 12:00:00 AM,11/9/2015 12:00:00 AM,30380,13943,16437
10/2/2015 12:00:00 AM,11/10/2015 12:00:00 AM,28269,12628,15641
10/2/2015 12:00:00 AM,11/11/2015 12:00:00 AM,28160,12628,15532
10/2/2015 12:00:00 AM,11/12/2015 12:00:00 AM,27443,12628,14815
10/2/2015 12:00:00 AM,11/13/2015 12:00:00 AM,27503,12671,14832
10/2/2015 12:00:00 AM,11/14/2015 12:00:00 AM,27292,13214,14078
10/2/2015 12:00:00 AM,11/15/2015 12:00:00 AM,25925,12543,13382
10/2/2015 12:00:00 AM,11/16/2015 12:00:00 AM,24823,12010,12813
10/2/2015 12:00:00 AM,11/17/2015 12:00:00 AM,20014,9790,10224
10/2/2015 12:00:00 AM,11/18/2015 12:00:00 AM,19397,9190,10207
10/2/2015 12:00:00 AM,11/19/2015 12:00:00 AM,19219,9190,10029
10/2/2015 12:00:00 AM,11/20/2015 12:00:00 AM,18663,8634,10029
10/2/2015 12:00:00 AM,11/21/2015 12:00:00 AM,17457,8488,8969
10/2/2015 12:00:00 AM,11/22/2015 12:00:00 AM,17068,8287,8781
10/2/2015 12:00:00 AM,11/23/2015 12:00:00 AM,14334,6873,7461
10/2/2015 12:00:00 AM,11/24/2015 12:00:00 AM,12174,5171,7003
10/2/2015 12:00:00 AM,11/25/2015 12:00:00 AM,10909,4691,6218
10/2/2015 12:00:00 AM,11/26/2015 12:00:00 AM,9974,4691,5283
10/2/2015 12:00:00 AM,11/27/2015 12:00:00 AM,10109,4691,5418
10/2/2015 12:00:00 AM,11/28/2015 12:00:00 AM,9720,4618,5102
10/2/2015 12:00:00 AM,11/29/2015 12:00:00 AM,9951,4698,5253
10/2/2015 12:00:00 AM,11/30/2015 12:00:00 AM,9887,4613,5274
10/2/2015 12:00:00 AM,12/1/2015 12:00:00 AM,9179,4598,4581
10/2/2015 12:00:00 AM,12/2/2015 12:00:00 AM,8593,4012,4581
10/2/2015 12:00:00 AM,12/3/2015 12:00:00 AM,7748,4012,3736
10/2/2015 12:00:00 AM,12/4/2015 12:00:00 AM,7748,4012,3736
10/2/2015 12:00:00 AM,12/5/2015 12:00:00 AM,9428,5737,3691
10/2/2015 12:00:00 AM,12/6/2015 12:00:00 AM,9270,5737,3533
10/2/2015 12:00:00 AM,12/7/2015 12:00:00 AM,9221,5611,3610
10/2/2015 12:00:00 AM,12/8/2015 12:00:00 AM,7582,3972,3610
10/2/2015 12:00:00 AM,12/9/2015 12:00:00 AM,7582,3972,3610
10/2/2015 12:00:00 AM,12/10/2015 12:00:00 AM,7582,3972,3610
10/2/2015 12:00:00 AM,12/11/2015 12:00:00 AM,6981,3371,3610
10/2/2015 12:00:00 AM,12/12/2015 12:00:00 AM,7489,3956,3533
10/2/2015 12:00:00 AM,12/13/2015 12:00:00 AM,7193,3956,3237
10/2/2015 12:00:00 AM,12/14/2015 12:00:00 AM,7077,3956,3121
10/2/2015 12:00:00 AM,12/15/2015 12:00:00 AM,3785,2231,1554
10/2/2015 12:00:00 AM,12/16/2015 12:00:00 AM,3785,2231,1554
10/2/2015 12:00:00 AM,12/17/2015 12:00:00 AM,3785,2231,1554
10/2/2015 12:00:00 AM,12/18/2015 12:00:00 AM,3200,1646,1554
10/2/2015 12:00:00 AM,12/19/2015 12:00:00 AM,3187,1646,1541
10/2/2015 12:00:00 AM,12/20/2015 12:00:00 AM,3078,1646,1432
10/2/2015 12:00:00 AM,12/21/2015 12:00:00 AM,3078,1646,1432
10/2/2015 12:00:00 AM,12/22/2015 12:00:00 AM,2198,766,1432
10/2/2015 12:00:00 AM,12/23/2015 12:00:00 AM,2198,766,1432
10/2/2015 12:00:00 AM,12/24/2015 12:00:00 AM,2127,766,1361
10/2/2015 12:00:00 AM,12/25/2015 12:00:00 AM,2741,766,1975
10/2/2015 12:00:00 AM,12/26/2015 12:00:00 AM,2741,766,1975
10/2/2015 12:00:00 AM,12/27/2015 12:00:00 AM,2741,766,1975
10/2/2015 12:00:00 AM,12/28/2015 12:00:00 AM,2741,766,1975
10/2/2015 12:00:00 AM,12/29/2015 12:00:00 AM,2741,766,1975
10/2/2015 12:00:00 AM,12/30/2015 12:00:00 AM,1955,766,1189
10/2/2015 12:00:00 AM,12/31/2015 12:00:00 AM,1955,766,1189
10/2/2015 12:00:00 AM,1/1/2016 12:00:00 AM,1896,766,1130
10/1/2015 12:00:00 AM,10/2/2015 12:00:00 AM,26950,12121,14829
10/1/2015 12:00:00 AM,10/3/2015 12:00:00 AM,29763,14197,15566
10/1/2015 12:00:00 AM,10/4/2015 12:00:00 AM,30976,14653,16323
10/1/2015 12:00:00 AM,10/5/2015 12:00:00 AM,33487,15162,18325
10/1/2015 12:00:00 AM,10/6/2015 12:00:00 AM,33252,15162,18090
10/1/2015 12:00:00 AM,10/7/2015 12:00:00 AM,32693,14617,18076
10/1/2015 12:00:00 AM,10/8/2015 12:00:00 AM,32710,14617,18093
10/1/2015 12:00:00 AM,10/9/2015 12:00:00 AM,33540,15051,18489
10/1/2015 12:00:00 AM,10/10/2015 12:00:00 AM,35869,16897,18972
10/1/2015 12:00:00 AM,10/11/2015 12:00:00 AM,36110,17052,19058
10/1/2015 12:00:00 AM,10/12/2015 12:00:00 AM,34863,16888,17975
10/1/2015 12:00:00 AM,10/13/2015 12:00:00 AM,33430,15865,17565
10/1/2015 12:00:00 AM,10/14/2015 12:00:00 AM,33651,16015,17636
10/1/2015 12:00:00 AM,10/15/2015 12:00:00 AM,34426,16109,18317
10/1/2015 12:00:00 AM,10/16/2015 12:00:00 AM,34489,16244,18245
10/1/2015 12:00:00 AM,10/17/2015 12:00:00 AM,39041,17508,21533
10/1/2015 12:00:00 AM,10/18/2015 12:00:00 AM,38236,16563,21673
10/1/2015 12:00:00 AM,10/19/2015 12:00:00 AM,37711,16305,21406
10/1/2015 12:00:00 AM,10/20/2015 12:00:00 AM,36976,15964,21012
10/1/2015 12:00:00 AM,10/21/2015 12:00:00 AM,35751,15714,20037
10/1/2015 12:00:00 AM,10/22/2015 12:00:00 AM,35701,15427,20274
10/1/2015 12:00:00 AM,10/23/2015 12:00:00 AM,36090,16050,20040
10/1/2015 12:00:00 AM,10/24/2015 12:00:00 AM,36391,17708,18683
10/1/2015 12:00:00 AM,10/25/2015 12:00:00 AM,36092,17048,19044
10/1/2015 12:00:00 AM,10/26/2015 12:00:00 AM,36163,17254,18909
10/1/2015 12:00:00 AM,10/27/2015 12:00:00 AM,32041,14912,17129
10/1/2015 12:00:00 AM,10/28/2015 12:00:00 AM,31442,14105,17337
10/1/2015 12:00:00 AM,10/29/2015 12:00:00 AM,31183,13295,17888
10/1/2015 12:00:00 AM,10/30/2015 12:00:00 AM,33551,13976,19575
10/1/2015 12:00:00 AM,10/31/2015 12:00:00 AM,34358,14898,19460
10/1/2015 12:00:00 AM,11/1/2015 12:00:00 AM,33826,15344,18482
10/1/2015 12:00:00 AM,11/2/2015 12:00:00 AM,34453,16599,17854
10/1/2015 12:00:00 AM,11/3/2015 12:00:00 AM,32287,14324,17963
10/1/2015 12:00:00 AM,11/4/2015 12:00:00 AM,32344,14275,18069
10/1/2015 12:00:00 AM,11/5/2015 12:00:00 AM,30462,13606,16856
10/1/2015 12:00:00 AM,11/6/2015 12:00:00 AM,31243,14206,17037
10/1/2015 12:00:00 AM,11/7/2015 12:00:00 AM,31249,14035,17214
10/1/2015 12:00:00 AM,11/8/2015 12:00:00 AM,31373,14111,17262
10/1/2015 12:00:00 AM,11/9/2015 12:00:00 AM,30465,13943,16522
10/1/2015 12:00:00 AM,11/10/2015 12:00:00 AM,28354,12628,15726
10/1/2015 12:00:00 AM,11/11/2015 12:00:00 AM,28245,12628,15617
10/1/2015 12:00:00 AM,11/12/2015 12:00:00 AM,27528,12628,14900
10/1/2015 12:00:00 AM,11/13/2015 12:00:00 AM,27588,12671,14917
10/1/2015 12:00:00 AM,11/14/2015 12:00:00 AM,27292,13214,14078
10/1/2015 12:00:00 AM,11/15/2015 12:00:00 AM,25925,12543,13382
10/1/2015 12:00:00 AM,11/16/2015 12:00:00 AM,25005,12010,12995
10/1/2015 12:00:00 AM,11/17/2015 12:00:00 AM,20196,9790,10406
10/1/2015 12:00:00 AM,11/18/2015 12:00:00 AM,19579,9190,10389
10/1/2015 12:00:00 AM,11/19/2015 12:00:00 AM,19401,9190,10211
10/1/2015 12:00:00 AM,11/20/2015 12:00:00 AM,18845,8634,10211
10/1/2015 12:00:00 AM,11/21/2015 12:00:00 AM,17639,8488,9151
10/1/2015 12:00:00 AM,11/22/2015 12:00:00 AM,17250,8287,8963
10/1/2015 12:00:00 AM,11/23/2015 12:00:00 AM,14334,6873,7461
10/1/2015 12:00:00 AM,11/24/2015 12:00:00 AM,12174,5171,7003
10/1/2015 12:00:00 AM,11/25/2015 12:00:00 AM,10909,4691,6218
10/1/2015 12:00:00 AM,11/26/2015 12:00:00 AM,9974,4691,5283
10/1/2015 12:00:00 AM,11/27/2015 12:00:00 AM,10109,4691,5418
10/1/2015 12:00:00 AM,11/28/2015 12:00:00 AM,9720,4618,5102
10/1/2015 12:00:00 AM,11/29/2015 12:00:00 AM,9951,4698,5253
10/1/2015 12:00:00 AM,11/30/2015 12:00:00 AM,9887,4613,5274
10/1/2015 12:00:00 AM,12/1/2015 12:00:00 AM,9179,4598,4581
10/1/2015 12:00:00 AM,12/2/2015 12:00:00 AM,8593,4012,4581
10/1/2015 12:00:00 AM,12/3/2015 12:00:00 AM,7748,4012,3736
10/1/2015 12:00:00 AM,12/4/2015 12:00:00 AM,7748,4012,3736
10/1/2015 12:00:00 AM,12/5/2015 12:00:00 AM,9428,5737,3691
10/1/2015 12:00:00 AM,12/6/2015 12:00:00 AM,9270,5737,3533
10/1/2015 12:00:00 AM,12/7/2015 12:00:00 AM,9221,5611,3610
10/1/2015 12:00:00 AM,12/8/2015 12:00:00 AM,7582,3972,3610
10/1/2015 12:00:00 AM,12/9/2015 12:00:00 AM,7582,3972,3610
10/1/2015 12:00:00 AM,12/10/2015 12:00:00 AM,7582,3972,3610
10/1/2015 12:00:00 AM,12/11/2015 12:00:00 AM,6981,3371,3610
10/1/2015 12:00:00 AM,12/12/2015 12:00:00 AM,7489,3956,3533
10/1/2015 12:00:00 AM,12/13/2015 12:00:00 AM,7193,3956,3237
10/1/2015 12:00:00 AM,12/14/2015 12:00:00 AM,7077,3956,3121
10/1/2015 12:00:00 AM,12/15/2015 12:00:00 AM,3785,2231,1554
10/1/2015 12:00:00 AM,12/16/2015 12:00:00 AM,3785,2231,1554
10/1/2015 12:00:00 AM,12/17/2015 12:00:00 AM,3785,2231,1554
10/1/2015 12:00:00 AM,12/18/2015 12:00:00 AM,3200,1646,1554
10/1/2015 12:00:00 AM,12/19/2015 12:00:00 AM,3187,1646,1541
10/1/2015 12:00:00 AM,12/20/2015 12:00:00 AM,3078,1646,1432
10/1/2015 12:00:00 AM,12/21/2015 12:00:00 AM,3078,1646,1432
10/1/2015 12:00:00 AM,12/22/2015 12:00:00 AM,2198,766,1432
10/1/2015 12:00:00 AM,12/23/2015 12:00:00 AM,2198,766,1432
10/1/2015 12:00:00 AM,12/24/2015 12:00:00 AM,2127,766,1361
10/1/2015 12:00:00 AM,12/25/2015 12:00:00 AM,2741,766,1975
10/1/2015 12:00:00 AM,12/26/2015 12:00:00 AM,2741,766,1975
10/1/2015 12:00:00 AM,12/27/2015 12:00:00 AM,2741,766,1975
10/1/2015 12:00:00 AM,12/28/2015 12:00:00 AM,2741,766,1975
10/1/2015 12:00:00 AM,12/29/2015 12:00:00 AM,2741,766,1975
10/1/2015 12:00:00 AM,12/30/2015 12:00:00 AM,1955,766,1189
10/1/2015 12:00:00 AM,12/31/2015 12:00:00 AM,1955,766,1189
9/30/2015 12:00:00 AM,10/1/2015 12:00:00 AM,26330,11881,14449
9/30/2015 12:00:00 AM,10/2/2015 12:00:00 AM,26777,11948,14829
9/30/2015 12:00:00 AM,10/3/2015 12:00:00 AM,29738,14214,15524
9/30/2015 12:00:00 AM,10/4/2015 12:00:00 AM,29787,13506,16281
9/30/2015 12:00:00 AM,10/5/2015 12:00:00 AM,33458,15162,18296
9/30/2015 12:00:00 AM,10/6/2015 12:00:00 AM,33223,15162,18061
9/30/2015 12:00:00 AM,10/7/2015 12:00:00 AM,32664,14617,18047
9/30/2015 12:00:00 AM,10/8/2015 12:00:00 AM,32831,14767,18064
9/30/2015 12:00:00 AM,10/9/2015 12:00:00 AM,33661,15201,18460
9/30/2015 12:00:00 AM,10/10/2015 12:00:00 AM,36140,17197,18943
9/30/2015 12:00:00 AM,10/11/2015 12:00:00 AM,36381,17352,19029
9/30/2015 12:00:00 AM,10/12/2015 12:00:00 AM,35134,17188,17946
9/30/2015 12:00:00 AM,10/13/2015 12:00:00 AM,33701,16165,17536
9/30/2015 12:00:00 AM,10/14/2015 12:00:00 AM,33964,16315,17649
9/30/2015 12:00:00 AM,10/15/2015 12:00:00 AM,34589,16259,18330
9/30/2015 12:00:00 AM,10/16/2015 12:00:00 AM,34652,16394,18258
9/30/2015 12:00:00 AM,10/17/2015 12:00:00 AM,39054,17508,21546
9/30/2015 12:00:00 AM,10/18/2015 12:00:00 AM,38249,16563,21686
9/30/2015 12:00:00 AM,10/19/2015 12:00:00 AM,37724,16305,21419
9/30/2015 12:00:00 AM,10/20/2015 12:00:00 AM,36989,15964,21025
9/30/2015 12:00:00 AM,10/21/2015 12:00:00 AM,35764,15714,20050
9/30/2015 12:00:00 AM,10/22/2015 12:00:00 AM,35714,15427,20287
9/30/2015 12:00:00 AM,10/23/2015 12:00:00 AM,36103,16050,20053
9/30/2015 12:00:00 AM,10/24/2015 12:00:00 AM,35104,16408,18696
9/30/2015 12:00:00 AM,10/25/2015 12:00:00 AM,34805,15748,19057
9/30/2015 12:00:00 AM,10/26/2015 12:00:00 AM,34876,15954,18922
9/30/2015 12:00:00 AM,10/27/2015 12:00:00 AM,30754,13612,17142
9/30/2015 12:00:00 AM,10/28/2015 12:00:00 AM,30155,12805,17350
9/30/2015 12:00:00 AM,10/29/2015 12:00:00 AM,29896,11995,17901
9/30/2015 12:00:00 AM,10/30/2015 12:00:00 AM,32264,12676,19588
9/30/2015 12:00:00 AM,10/31/2015 12:00:00 AM,34358,14898,19460
9/30/2015 12:00:00 AM,11/1/2015 12:00:00 AM,34120,15344,18776
9/30/2015 12:00:00 AM,11/2/2015 12:00:00 AM,34683,16599,18084
9/30/2015 12:00:00 AM,11/3/2015 12:00:00 AM,32667,14474,18193
9/30/2015 12:00:00 AM,11/4/2015 12:00:00 AM,32874,14575,18299
9/30/2015 12:00:00 AM,11/5/2015 12:00:00 AM,30992,13906,17086
9/30/2015 12:00:00 AM,11/6/2015 12:00:00 AM,31773,14506,17267
9/30/2015 12:00:00 AM,11/7/2015 12:00:00 AM,31629,14185,17444
9/30/2015 12:00:00 AM,11/8/2015 12:00:00 AM,31603,14111,17492
9/30/2015 12:00:00 AM,11/9/2015 12:00:00 AM,30371,13943,16428
9/30/2015 12:00:00 AM,11/10/2015 12:00:00 AM,28260,12628,15632
9/30/2015 12:00:00 AM,11/11/2015 12:00:00 AM,28151,12628,15523
9/30/2015 12:00:00 AM,11/12/2015 12:00:00 AM,27434,12628,14806
9/30/2015 12:00:00 AM,11/13/2015 12:00:00 AM,27494,12671,14823
9/30/2015 12:00:00 AM,11/14/2015 12:00:00 AM,27198,13214,13984
9/30/2015 12:00:00 AM,11/15/2015 12:00:00 AM,25831,12543,13288
9/30/2015 12:00:00 AM,11/16/2015 12:00:00 AM,24911,12010,12901
9/30/2015 12:00:00 AM,11/17/2015 12:00:00 AM,20102,9790,10312
9/30/2015 12:00:00 AM,11/18/2015 12:00:00 AM,19485,9190,10295
9/30/2015 12:00:00 AM,11/19/2015 12:00:00 AM,19307,9190,10117
9/30/2015 12:00:00 AM,11/20/2015 12:00:00 AM,18751,8634,10117
9/30/2015 12:00:00 AM,11/21/2015 12:00:00 AM,17545,8488,9057
9/30/2015 12:00:00 AM,11/22/2015 12:00:00 AM,17156,8287,8869
9/30/2015 12:00:00 AM,11/23/2015 12:00:00 AM,14240,6873,7367
9/30/2015 12:00:00 AM,11/24/2015 12:00:00 AM,12080,5171,6909
9/30/2015 12:00:00 AM,11/25/2015 12:00:00 AM,10815,4691,6124
9/30/2015 12:00:00 AM,11/26/2015 12:00:00 AM,9944,4691,5253
9/30/2015 12:00:00 AM,11/27/2015 12:00:00 AM,10079,4691,5388
9/30/2015 12:00:00 AM,11/28/2015 12:00:00 AM,9690,4618,5072
9/30/2015 12:00:00 AM,11/29/2015 12:00:00 AM,9921,4698,5223
9/30/2015 12:00:00 AM,11/30/2015 12:00:00 AM,9857,4613,5244
9/30/2015 12:00:00 AM,12/1/2015 12:00:00 AM,9179,4598,4581
9/30/2015 12:00:00 AM,12/2/2015 12:00:00 AM,8593,4012,4581
9/30/2015 12:00:00 AM,12/3/2015 12:00:00 AM,7748,4012,3736
9/30/2015 12:00:00 AM,12/4/2015 12:00:00 AM,7748,4012,3736
9/30/2015 12:00:00 AM,12/5/2015 12:00:00 AM,9428,5737,3691
9/30/2015 12:00:00 AM,12/6/2015 12:00:00 AM,9270,5737,3533
9/30/2015 12:00:00 AM,12/7/2015 12:00:00 AM,9189,5611,3578
9/30/2015 12:00:00 AM,12/8/2015 12:00:00 AM,7550,3972,3578
9/30/2015 12:00:00 AM,12/9/2015 12:00:00 AM,7550,3972,3578
9/30/2015 12:00:00 AM,12/10/2015 12:00:00 AM,7550,3972,3578
9/30/2015 12:00:00 AM,12/11/2015 12:00:00 AM,6949,3371,3578
9/30/2015 12:00:00 AM,12/12/2015 12:00:00 AM,7489,3956,3533
9/30/2015 12:00:00 AM,12/13/2015 12:00:00 AM,7193,3956,3237
9/30/2015 12:00:00 AM,12/14/2015 12:00:00 AM,7077,3956,3121
9/30/2015 12:00:00 AM,12/15/2015 12:00:00 AM,3785,2231,1554
9/30/2015 12:00:00 AM,12/16/2015 12:00:00 AM,3785,2231,1554
9/30/2015 12:00:00 AM,12/17/2015 12:00:00 AM,3785,2231,1554
9/30/2015 12:00:00 AM,12/18/2015 12:00:00 AM,3200,1646,1554
9/30/2015 12:00:00 AM,12/19/2015 12:00:00 AM,3187,1646,1541
9/30/2015 12:00:00 AM,12/20/2015 12:00:00 AM,3078,1646,1432
9/30/2015 12:00:00 AM,12/21/2015 12:00:00 AM,3078,1646,1432
9/30/2015 12:00:00 AM,12/22/2015 12:00:00 AM,2198,766,1432
9/30/2015 12:00:00 AM,12/23/2015 12:00:00 AM,2198,766,1432
9/30/2015 12:00:00 AM,12/24/2015 12:00:00 AM,2127,766,1361
9/30/2015 12:00:00 AM,12/25/2015 12:00:00 AM,2741,766,1975
9/30/2015 12:00:00 AM,12/26/2015 12:00:00 AM,2741,766,1975
9/30/2015 12:00:00 AM,12/27/2015 12:00:00 AM,2741,766,1975
9/30/2015 12:00:00 AM,12/28/2015 12:00:00 AM,2741,766,1975
9/30/2015 12:00:00 AM,12/29/2015 12:00:00 AM,2741,766,1975
9/30/2015 12:00:00 AM,12/30/2015 12:00:00 AM,1955,766,1189
9/29/2015 12:00:00 AM,9/30/2015 12:00:00 AM,26411,12491,13920
9/29/2015 12:00:00 AM,10/1/2015 12:00:00 AM,26454,12068,14386
9/29/2015 12:00:00 AM,10/2/2015 12:00:00 AM,26690,11924,14766
9/29/2015 12:00:00 AM,10/3/2015 12:00:00 AM,29665,14190,15475
9/29/2015 12:00:00 AM,10/4/2015 12:00:00 AM,29777,13482,16295
9/29/2015 12:00:00 AM,10/5/2015 12:00:00 AM,33448,15138,18310
9/29/2015 12:00:00 AM,10/6/2015 12:00:00 AM,33213,15138,18075
9/29/2015 12:00:00 AM,10/7/2015 12:00:00 AM,32654,14593,18061
9/29/2015 12:00:00 AM,10/8/2015 12:00:00 AM,32821,14743,18078
9/29/2015 12:00:00 AM,10/9/2015 12:00:00 AM,33651,15177,18474
9/29/2015 12:00:00 AM,10/10/2015 12:00:00 AM,36111,17154,18957
9/29/2015 12:00:00 AM,10/11/2015 12:00:00 AM,36352,17309,19043
9/29/2015 12:00:00 AM,10/12/2015 12:00:00 AM,35105,17145,17960
9/29/2015 12:00:00 AM,10/13/2015 12:00:00 AM,33672,16122,17550
9/29/2015 12:00:00 AM,10/14/2015 12:00:00 AM,33935,16272,17663
9/29/2015 12:00:00 AM,10/15/2015 12:00:00 AM,34560,16216,18344
9/29/2015 12:00:00 AM,10/16/2015 12:00:00 AM,34623,16351,18272
9/29/2015 12:00:00 AM,10/17/2015 12:00:00 AM,39044,17484,21560
9/29/2015 12:00:00 AM,10/18/2015 12:00:00 AM,38239,16539,21700
9/29/2015 12:00:00 AM,10/19/2015 12:00:00 AM,37373,15954,21419
9/29/2015 12:00:00 AM,10/20/2015 12:00:00 AM,36638,15613,21025
9/29/2015 12:00:00 AM,10/21/2015 12:00:00 AM,35413,15363,20050
9/29/2015 12:00:00 AM,10/22/2015 12:00:00 AM,35363,15076,20287
9/29/2015 12:00:00 AM,10/23/2015 12:00:00 AM,35752,15699,20053
9/29/2015 12:00:00 AM,10/24/2015 12:00:00 AM,34753,16057,18696
9/29/2015 12:00:00 AM,10/25/2015 12:00:00 AM,34506,15397,19109
9/29/2015 12:00:00 AM,10/26/2015 12:00:00 AM,34525,15603,18922
9/29/2015 12:00:00 AM,10/27/2015 12:00:00 AM,30403,13261,17142
9/29/2015 12:00:00 AM,10/28/2015 12:00:00 AM,30131,12781,17350
9/29/2015 12:00:00 AM,10/29/2015 12:00:00 AM,29872,11971,17901
9/29/2015 12:00:00 AM,10/30/2015 12:00:00 AM,32240,12652,19588
9/29/2015 12:00:00 AM,10/31/2015 12:00:00 AM,34334,14874,19460
9/29/2015 12:00:00 AM,11/1/2015 12:00:00 AM,34096,15320,18776
9/29/2015 12:00:00 AM,11/2/2015 12:00:00 AM,34659,16575,18084
9/29/2015 12:00:00 AM,11/3/2015 12:00:00 AM,32667,14474,18193
9/29/2015 12:00:00 AM,11/4/2015 12:00:00 AM,32874,14575,18299
9/29/2015 12:00:00 AM,11/5/2015 12:00:00 AM,30992,13906,17086
9/29/2015 12:00:00 AM,11/6/2015 12:00:00 AM,31773,14506,17267
9/29/2015 12:00:00 AM,11/7/2015 12:00:00 AM,31629,14185,17444
9/29/2015 12:00:00 AM,11/8/2015 12:00:00 AM,31603,14111,17492
9/29/2015 12:00:00 AM,11/9/2015 12:00:00 AM,30371,13943,16428
9/29/2015 12:00:00 AM,11/10/2015 12:00:00 AM,28260,12628,15632
9/29/2015 12:00:00 AM,11/11/2015 12:00:00 AM,28151,12628,15523
9/29/2015 12:00:00 AM,11/12/2015 12:00:00 AM,27434,12628,14806
9/29/2015 12:00:00 AM,11/13/2015 12:00:00 AM,27494,12671,14823
9/29/2015 12:00:00 AM,11/14/2015 12:00:00 AM,27198,13214,13984
9/29/2015 12:00:00 AM,11/15/2015 12:00:00 AM,25831,12543,13288
9/29/2015 12:00:00 AM,11/16/2015 12:00:00 AM,24911,12010,12901
9/29/2015 12:00:00 AM,11/17/2015 12:00:00 AM,20102,9790,10312
9/29/2015 12:00:00 AM,11/18/2015 12:00:00 AM,19485,9190,10295
9/29/2015 12:00:00 AM,11/19/2015 12:00:00 AM,19307,9190,10117
9/29/2015 12:00:00 AM,11/20/2015 12:00:00 AM,18751,8634,10117
9/29/2015 12:00:00 AM,11/21/2015 12:00:00 AM,17545,8488,9057
9/29/2015 12:00:00 AM,11/22/2015 12:00:00 AM,17156,8287,8869
9/29/2015 12:00:00 AM,11/23/2015 12:00:00 AM,14240,6873,7367
9/29/2015 12:00:00 AM,11/24/2015 12:00:00 AM,12080,5171,6909
9/29/2015 12:00:00 AM,11/25/2015 12:00:00 AM,10815,4691,6124
9/29/2015 12:00:00 AM,11/26/2015 12:00:00 AM,9944,4691,5253
9/29/2015 12:00:00 AM,11/27/2015 12:00:00 AM,10079,4691,5388
9/29/2015 12:00:00 AM,11/28/2015 12:00:00 AM,9690,4618,5072
9/29/2015 12:00:00 AM,11/29/2015 12:00:00 AM,9921,4698,5223
9/29/2015 12:00:00 AM,11/30/2015 12:00:00 AM,9857,4613,5244
9/29/2015 12:00:00 AM,12/1/2015 12:00:00 AM,9179,4598,4581
9/29/2015 12:00:00 AM,12/2/2015 12:00:00 AM,8593,4012,4581
9/29/2015 12:00:00 AM,12/3/2015 12:00:00 AM,7748,4012,3736
9/29/2015 12:00:00 AM,12/4/2015 12:00:00 AM,7748,4012,3736
9/29/2015 12:00:00 AM,12/5/2015 12:00:00 AM,9428,5737,3691
9/29/2015 12:00:00 AM,12/6/2015 12:00:00 AM,9270,5737,3533
9/29/2015 12:00:00 AM,12/7/2015 12:00:00 AM,9189,5611,3578
9/29/2015 12:00:00 AM,12/8/2015 12:00:00 AM,7550,3972,3578
9/29/2015 12:00:00 AM,12/9/2015 12:00:00 AM,7550,3972,3578
9/29/2015 12:00:00 AM,12/10/2015 12:00:00 AM,7550,3972,3578
9/29/2015 12:00:00 AM,12/11/2015 12:00:00 AM,6949,3371,3578
9/29/2015 12:00:00 AM,12/12/2015 12:00:00 AM,7489,3956,3533
9/29/2015 12:00:00 AM,12/13/2015 12:00:00 AM,7193,3956,3237
9/29/2015 12:00:00 AM,12/14/2015 12:00:00 AM,7077,3956,3121
9/29/2015 12:00:00 AM,12/15/2015 12:00:00 AM,3785,2231,1554
9/29/2015 12:00:00 AM,12/16/2015 12:00:00 AM,3785,2231,1554
9/29/2015 12:00:00 AM,12/17/2015 12:00:00 AM,3785,2231,1554
9/29/2015 12:00:00 AM,12/18/2015 12:00:00 AM,3200,1646,1554
9/29/2015 12:00:00 AM,12/19/2015 12:00:00 AM,3187,1646,1541
9/29/2015 12:00:00 AM,12/20/2015 12:00:00 AM,3078,1646,1432
9/29/2015 12:00:00 AM,12/21/2015 12:00:00 AM,3078,1646,1432
9/29/2015 12:00:00 AM,12/22/2015 12:00:00 AM,2198,766,1432
9/29/2015 12:00:00 AM,12/23/2015 12:00:00 AM,2198,766,1432
9/29/2015 12:00:00 AM,12/24/2015 12:00:00 AM,2127,766,1361
9/29/2015 12:00:00 AM,12/25/2015 12:00:00 AM,2741,766,1975
9/29/2015 12:00:00 AM,12/26/2015 12:00:00 AM,2741,766,1975
9/29/2015 12:00:00 AM,12/27/2015 12:00:00 AM,2741,766,1975
9/29/2015 12:00:00 AM,12/28/2015 12:00:00 AM,2741,766,1975
9/29/2015 12:00:00 AM,12/29/2015 12:00:00 AM,2741,766,1975
9/28/2015 12:00:00 AM,9/29/2015 12:00:00 AM,25024,11401,13623
9/28/2015 12:00:00 AM,9/30/2015 12:00:00 AM,26381,12461,13920
9/28/2015 12:00:00 AM,10/1/2015 12:00:00 AM,26424,12038,14386
9/28/2015 12:00:00 AM,10/2/2015 12:00:00 AM,26835,11894,14941
9/28/2015 12:00:00 AM,10/3/2015 12:00:00 AM,29810,14160,15650
9/28/2015 12:00:00 AM,10/4/2015 12:00:00 AM,29922,13452,16470
9/28/2015 12:00:00 AM,10/5/2015 12:00:00 AM,33418,15108,18310
9/28/2015 12:00:00 AM,10/6/2015 12:00:00 AM,33183,15108,18075
9/28/2015 12:00:00 AM,10/7/2015 12:00:00 AM,32624,14563,18061
9/28/2015 12:00:00 AM,10/8/2015 12:00:00 AM,32791,14713,18078
9/28/2015 12:00:00 AM,10/9/2015 12:00:00 AM,33621,15147,18474
9/28/2015 12:00:00 AM,10/10/2015 12:00:00 AM,36081,17124,18957
9/28/2015 12:00:00 AM,10/11/2015 12:00:00 AM,36322,17279,19043
9/28/2015 12:00:00 AM,10/12/2015 12:00:00 AM,35075,17115,17960
9/28/2015 12:00:00 AM,10/13/2015 12:00:00 AM,33642,16092,17550
9/28/2015 12:00:00 AM,10/14/2015 12:00:00 AM,33905,16242,17663
9/28/2015 12:00:00 AM,10/15/2015 12:00:00 AM,34530,16186,18344
9/28/2015 12:00:00 AM,10/16/2015 12:00:00 AM,34593,16321,18272
9/28/2015 12:00:00 AM,10/17/2015 12:00:00 AM,39014,17454,21560
9/28/2015 12:00:00 AM,10/18/2015 12:00:00 AM,38209,16509,21700
9/28/2015 12:00:00 AM,10/19/2015 12:00:00 AM,37343,15924,21419
9/28/2015 12:00:00 AM,10/20/2015 12:00:00 AM,36608,15583,21025
9/28/2015 12:00:00 AM,10/21/2015 12:00:00 AM,35383,15333,20050
9/28/2015 12:00:00 AM,10/22/2015 12:00:00 AM,35333,15046,20287
9/28/2015 12:00:00 AM,10/23/2015 12:00:00 AM,35722,15669,20053
9/28/2015 12:00:00 AM,10/24/2015 12:00:00 AM,34723,16027,18696
9/28/2015 12:00:00 AM,10/25/2015 12:00:00 AM,34476,15367,19109
9/28/2015 12:00:00 AM,10/26/2015 12:00:00 AM,34495,15573,18922
9/28/2015 12:00:00 AM,10/27/2015 12:00:00 AM,30373,13231,17142
9/28/2015 12:00:00 AM,10/28/2015 12:00:00 AM,30101,12751,17350
9/28/2015 12:00:00 AM,10/29/2015 12:00:00 AM,29842,11941,17901
9/28/2015 12:00:00 AM,10/30/2015 12:00:00 AM,32210,12622,19588
9/28/2015 12:00:00 AM,10/31/2015 12:00:00 AM,34289,14829,19460
9/28/2015 12:00:00 AM,11/1/2015 12:00:00 AM,34051,15275,18776
9/28/2015 12:00:00 AM,11/2/2015 12:00:00 AM,34614,16530,18084
9/28/2015 12:00:00 AM,11/3/2015 12:00:00 AM,32513,14429,18084
9/28/2015 12:00:00 AM,11/4/2015 12:00:00 AM,32720,14530,18190
9/28/2015 12:00:00 AM,11/5/2015 12:00:00 AM,30838,13861,16977
9/28/2015 12:00:00 AM,11/6/2015 12:00:00 AM,31619,14461,17158
9/28/2015 12:00:00 AM,11/7/2015 12:00:00 AM,31475,14140,17335
9/28/2015 12:00:00 AM,11/8/2015 12:00:00 AM,31449,14066,17383
9/28/2015 12:00:00 AM,11/9/2015 12:00:00 AM,30217,13898,16319
9/28/2015 12:00:00 AM,11/10/2015 12:00:00 AM,28106,12583,15523
9/28/2015 12:00:00 AM,11/11/2015 12:00:00 AM,27997,12583,15414
9/28/2015 12:00:00 AM,11/12/2015 12:00:00 AM,27280,12583,14697
9/28/2015 12:00:00 AM,11/13/2015 12:00:00 AM,27340,12626,14714
9/28/2015 12:00:00 AM,11/14/2015 12:00:00 AM,27044,13169,13875
9/28/2015 12:00:00 AM,11/15/2015 12:00:00 AM,25677,12498,13179
9/28/2015 12:00:00 AM,11/16/2015 12:00:00 AM,24757,11965,12792
9/28/2015 12:00:00 AM,11/17/2015 12:00:00 AM,19948,9745,10203
9/28/2015 12:00:00 AM,11/18/2015 12:00:00 AM,19331,9145,10186
9/28/2015 12:00:00 AM,11/19/2015 12:00:00 AM,19153,9145,10008
9/28/2015 12:00:00 AM,11/20/2015 12:00:00 AM,18597,8589,10008
9/28/2015 12:00:00 AM,11/21/2015 12:00:00 AM,17391,8443,8948
9/28/2015 12:00:00 AM,11/22/2015 12:00:00 AM,17002,8242,8760
9/28/2015 12:00:00 AM,11/23/2015 12:00:00 AM,14086,6828,7258
9/28/2015 12:00:00 AM,11/24/2015 12:00:00 AM,11956,5156,6800
9/28/2015 12:00:00 AM,11/25/2015 12:00:00 AM,10691,4676,6015
9/28/2015 12:00:00 AM,11/26/2015 12:00:00 AM,9929,4676,5253
9/28/2015 12:00:00 AM,11/27/2015 12:00:00 AM,10064,4676,5388
9/28/2015 12:00:00 AM,11/28/2015 12:00:00 AM,9675,4603,5072
9/28/2015 12:00:00 AM,11/29/2015 12:00:00 AM,9906,4683,5223
9/28/2015 12:00:00 AM,11/30/2015 12:00:00 AM,9842,4598,5244
9/28/2015 12:00:00 AM,12/1/2015 12:00:00 AM,9070,4598,4472
9/28/2015 12:00:00 AM,12/2/2015 12:00:00 AM,8484,4012,4472
9/28/2015 12:00:00 AM,12/3/2015 12:00:00 AM,7639,4012,3627
9/28/2015 12:00:00 AM,12/4/2015 12:00:00 AM,7639,4012,3627
9/28/2015 12:00:00 AM,12/5/2015 12:00:00 AM,9319,5737,3582
9/28/2015 12:00:00 AM,12/6/2015 12:00:00 AM,9161,5737,3424
9/28/2015 12:00:00 AM,12/7/2015 12:00:00 AM,9080,5611,3469
9/28/2015 12:00:00 AM,12/8/2015 12:00:00 AM,7441,3972,3469
9/28/2015 12:00:00 AM,12/9/2015 12:00:00 AM,7441,3972,3469
9/28/2015 12:00:00 AM,12/10/2015 12:00:00 AM,7441,3972,3469
9/28/2015 12:00:00 AM,12/11/2015 12:00:00 AM,6840,3371,3469
9/28/2015 12:00:00 AM,12/12/2015 12:00:00 AM,7380,3956,3424
9/28/2015 12:00:00 AM,12/13/2015 12:00:00 AM,7084,3956,3128
9/28/2015 12:00:00 AM,12/14/2015 12:00:00 AM,6968,3956,3012
9/28/2015 12:00:00 AM,12/15/2015 12:00:00 AM,3676,2231,1445
9/28/2015 12:00:00 AM,12/16/2015 12:00:00 AM,3676,2231,1445
9/28/2015 12:00:00 AM,12/17/2015 12:00:00 AM,3676,2231,1445
9/28/2015 12:00:00 AM,12/18/2015 12:00:00 AM,3091,1646,1445
9/28/2015 12:00:00 AM,12/19/2015 12:00:00 AM,3078,1646,1432
9/28/2015 12:00:00 AM,12/20/2015 12:00:00 AM,3078,1646,1432
9/28/2015 12:00:00 AM,12/21/2015 12:00:00 AM,3078,1646,1432
9/28/2015 12:00:00 AM,12/22/2015 12:00:00 AM,2198,766,1432
9/28/2015 12:00:00 AM,12/23/2015 12:00:00 AM,2198,766,1432
9/28/2015 12:00:00 AM,12/24/2015 12:00:00 AM,2127,766,1361
9/28/2015 12:00:00 AM,12/25/2015 12:00:00 AM,2741,766,1975
9/28/2015 12:00:00 AM,12/26/2015 12:00:00 AM,2741,766,1975
9/28/2015 12:00:00 AM,12/27/2015 12:00:00 AM,2741,766,1975
9/28/2015 12:00:00 AM,12/28/2015 12:00:00 AM,2741,766,1975
9/27/2015 12:00:00 AM,9/28/2015 12:00:00 AM,25278,11658,13620
9/27/2015 12:00:00 AM,9/29/2015 12:00:00 AM,25281,11658,13623
9/27/2015 12:00:00 AM,9/30/2015 12:00:00 AM,26638,12718,13920
9/27/2015 12:00:00 AM,10/1/2015 12:00:00 AM,26681,12295,14386
9/27/2015 12:00:00 AM,10/2/2015 12:00:00 AM,26835,11894,14941
9/27/2015 12:00:00 AM,10/3/2015 12:00:00 AM,29810,14160,15650
9/27/2015 12:00:00 AM,10/4/2015 12:00:00 AM,29922,13452,16470
9/27/2015 12:00:00 AM,10/5/2015 12:00:00 AM,33418,15108,18310
9/27/2015 12:00:00 AM,10/6/2015 12:00:00 AM,33183,15108,18075
9/27/2015 12:00:00 AM,10/7/2015 12:00:00 AM,32624,14563,18061
9/27/2015 12:00:00 AM,10/8/2015 12:00:00 AM,32791,14713,18078
9/27/2015 12:00:00 AM,10/9/2015 12:00:00 AM,33621,15147,18474
9/27/2015 12:00:00 AM,10/10/2015 12:00:00 AM,36081,17124,18957
9/27/2015 12:00:00 AM,10/11/2015 12:00:00 AM,36322,17279,19043
9/27/2015 12:00:00 AM,10/12/2015 12:00:00 AM,35075,17115,17960
9/27/2015 12:00:00 AM,10/13/2015 12:00:00 AM,33642,16092,17550
9/27/2015 12:00:00 AM,10/14/2015 12:00:00 AM,33905,16242,17663
9/27/2015 12:00:00 AM,10/15/2015 12:00:00 AM,34530,16186,18344
9/27/2015 12:00:00 AM,10/16/2015 12:00:00 AM,34593,16321,18272
9/27/2015 12:00:00 AM,10/17/2015 12:00:00 AM,39014,17454,21560
9/27/2015 12:00:00 AM,10/18/2015 12:00:00 AM,38209,16509,21700
9/27/2015 12:00:00 AM,10/19/2015 12:00:00 AM,37343,15924,21419
9/27/2015 12:00:00 AM,10/20/2015 12:00:00 AM,36608,15583,21025
9/27/2015 12:00:00 AM,10/21/2015 12:00:00 AM,35383,15333,20050
9/27/2015 12:00:00 AM,10/22/2015 12:00:00 AM,35333,15046,20287
9/27/2015 12:00:00 AM,10/23/2015 12:00:00 AM,35722,15669,20053
9/27/2015 12:00:00 AM,10/24/2015 12:00:00 AM,34723,16027,18696
9/27/2015 12:00:00 AM,10/25/2015 12:00:00 AM,34476,15367,19109
9/27/2015 12:00:00 AM,10/26/2015 12:00:00 AM,34495,15573,18922
9/27/2015 12:00:00 AM,10/27/2015 12:00:00 AM,30373,13231,17142
9/27/2015 12:00:00 AM,10/28/2015 12:00:00 AM,30101,12751,17350
9/27/2015 12:00:00 AM,10/29/2015 12:00:00 AM,29842,11941,17901
9/27/2015 12:00:00 AM,10/30/2015 12:00:00 AM,32210,12622,19588
9/27/2015 12:00:00 AM,10/31/2015 12:00:00 AM,34289,14829,19460
9/27/2015 12:00:00 AM,11/1/2015 12:00:00 AM,34051,15275,18776
9/27/2015 12:00:00 AM,11/2/2015 12:00:00 AM,34614,16530,18084
9/27/2015 12:00:00 AM,11/3/2015 12:00:00 AM,32513,14429,18084
9/27/2015 12:00:00 AM,11/4/2015 12:00:00 AM,32720,14530,18190
9/27/2015 12:00:00 AM,11/5/2015 12:00:00 AM,30838,13861,16977
9/27/2015 12:00:00 AM,11/6/2015 12:00:00 AM,31619,14461,17158
9/27/2015 12:00:00 AM,11/7/2015 12:00:00 AM,31475,14140,17335
9/27/2015 12:00:00 AM,11/8/2015 12:00:00 AM,31449,14066,17383
9/27/2015 12:00:00 AM,11/9/2015 12:00:00 AM,30217,13898,16319
9/27/2015 12:00:00 AM,11/10/2015 12:00:00 AM,28106,12583,15523
9/27/2015 12:00:00 AM,11/11/2015 12:00:00 AM,27997,12583,15414
9/27/2015 12:00:00 AM,11/12/2015 12:00:00 AM,27280,12583,14697
9/27/2015 12:00:00 AM,11/13/2015 12:00:00 AM,27340,12626,14714
9/27/2015 12:00:00 AM,11/14/2015 12:00:00 AM,27044,13169,13875
9/27/2015 12:00:00 AM,11/15/2015 12:00:00 AM,25677,12498,13179
9/27/2015 12:00:00 AM,11/16/2015 12:00:00 AM,24757,11965,12792
9/27/2015 12:00:00 AM,11/17/2015 12:00:00 AM,19948,9745,10203
9/27/2015 12:00:00 AM,11/18/2015 12:00:00 AM,19331,9145,10186
9/27/2015 12:00:00 AM,11/19/2015 12:00:00 AM,19153,9145,10008
9/27/2015 12:00:00 AM,11/20/2015 12:00:00 AM,18597,8589,10008
9/27/2015 12:00:00 AM,11/21/2015 12:00:00 AM,17391,8443,8948
9/27/2015 12:00:00 AM,11/22/2015 12:00:00 AM,17002,8242,8760
9/27/2015 12:00:00 AM,11/23/2015 12:00:00 AM,14086,6828,7258
9/27/2015 12:00:00 AM,11/24/2015 12:00:00 AM,11956,5156,6800
9/27/2015 12:00:00 AM,11/25/2015 12:00:00 AM,10691,4676,6015
9/27/2015 12:00:00 AM,11/26/2015 12:00:00 AM,9929,4676,5253
9/27/2015 12:00:00 AM,11/27/2015 12:00:00 AM,10064,4676,5388
9/27/2015 12:00:00 AM,11/28/2015 12:00:00 AM,9675,4603,5072
9/27/2015 12:00:00 AM,11/29/2015 12:00:00 AM,9906,4683,5223
9/27/2015 12:00:00 AM,11/30/2015 12:00:00 AM,9842,4598,5244
9/27/2015 12:00:00 AM,12/1/2015 12:00:00 AM,9070,4598,4472
9/27/2015 12:00:00 AM,12/2/2015 12:00:00 AM,8484,4012,4472
9/27/2015 12:00:00 AM,12/3/2015 12:00:00 AM,7639,4012,3627
9/27/2015 12:00:00 AM,12/4/2015 12:00:00 AM,7639,4012,3627
9/27/2015 12:00:00 AM,12/5/2015 12:00:00 AM,9319,5737,3582
9/27/2015 12:00:00 AM,12/6/2015 12:00:00 AM,9161,5737,3424
9/27/2015 12:00:00 AM,12/7/2015 12:00:00 AM,9080,5611,3469
9/27/2015 12:00:00 AM,12/8/2015 12:00:00 AM,7441,3972,3469
9/27/2015 12:00:00 AM,12/9/2015 12:00:00 AM,7441,3972,3469
9/27/2015 12:00:00 AM,12/10/2015 12:00:00 AM,7441,3972,3469
9/27/2015 12:00:00 AM,12/11/2015 12:00:00 AM,6840,3371,3469
9/27/2015 12:00:00 AM,12/12/2015 12:00:00 AM,7380,3956,3424
9/27/2015 12:00:00 AM,12/13/2015 12:00:00 AM,7084,3956,3128
9/27/2015 12:00:00 AM,12/14/2015 12:00:00 AM,6968,3956,3012
9/27/2015 12:00:00 AM,12/15/2015 12:00:00 AM,3676,2231,1445
9/27/2015 12:00:00 AM,12/16/2015 12:00:00 AM,3676,2231,1445
9/27/2015 12:00:00 AM,12/17/2015 12:00:00 AM,3676,2231,1445
9/27/2015 12:00:00 AM,12/18/2015 12:00:00 AM,3091,1646,1445
9/27/2015 12:00:00 AM,12/19/2015 12:00:00 AM,3078,1646,1432
9/27/2015 12:00:00 AM,12/20/2015 12:00:00 AM,3078,1646,1432
9/27/2015 12:00:00 AM,12/21/2015 12:00:00 AM,3078,1646,1432
9/27/2015 12:00:00 AM,12/22/2015 12:00:00 AM,2198,766,1432
9/27/2015 12:00:00 AM,12/23/2015 12:00:00 AM,2198,766,1432
9/27/2015 12:00:00 AM,12/24/2015 12:00:00 AM,2127,766,1361
9/27/2015 12:00:00 AM,12/25/2015 12:00:00 AM,2741,766,1975
9/27/2015 12:00:00 AM,12/26/2015 12:00:00 AM,2741,766,1975
9/27/2015 12:00:00 AM,12/27/2015 12:00:00 AM,2741,766,1975
9/26/2015 12:00:00 AM,9/27/2015 12:00:00 AM,23201,11385,11816
9/26/2015 12:00:00 AM,9/28/2015 12:00:00 AM,25168,11658,13510
9/26/2015 12:00:00 AM,9/29/2015 12:00:00 AM,25171,11658,13513
9/26/2015 12:00:00 AM,9/30/2015 12:00:00 AM,26528,12718,13810
9/26/2015 12:00:00 AM,10/1/2015 12:00:00 AM,26552,12276,14276
9/26/2015 12:00:00 AM,10/2/2015 12:00:00 AM,26706,11875,14831
9/26/2015 12:00:00 AM,10/3/2015 12:00:00 AM,29681,14141,15540
9/26/2015 12:00:00 AM,10/4/2015 12:00:00 AM,29793,13433,16360
9/26/2015 12:00:00 AM,10/5/2015 12:00:00 AM,33289,15089,18200
9/26/2015 12:00:00 AM,10/6/2015 12:00:00 AM,33054,15089,17965
9/26/2015 12:00:00 AM,10/7/2015 12:00:00 AM,32495,14544,17951
9/26/2015 12:00:00 AM,10/8/2015 12:00:00 AM,32662,14694,17968
9/26/2015 12:00:00 AM,10/9/2015 12:00:00 AM,33492,15128,18364
9/26/2015 12:00:00 AM,10/10/2015 12:00:00 AM,35971,17124,18847
9/26/2015 12:00:00 AM,10/11/2015 12:00:00 AM,36212,17279,18933
9/26/2015 12:00:00 AM,10/12/2015 12:00:00 AM,34965,17115,17850
9/26/2015 12:00:00 AM,10/13/2015 12:00:00 AM,33532,16092,17440
9/26/2015 12:00:00 AM,10/14/2015 12:00:00 AM,33795,16242,17553
9/26/2015 12:00:00 AM,10/15/2015 12:00:00 AM,34420,16186,18234
9/26/2015 12:00:00 AM,10/16/2015 12:00:00 AM,34483,16321,18162
9/26/2015 12:00:00 AM,10/17/2015 12:00:00 AM,38904,17454,21450
9/26/2015 12:00:00 AM,10/18/2015 12:00:00 AM,38099,16509,21590
9/26/2015 12:00:00 AM,10/19/2015 12:00:00 AM,37343,15924,21419
9/26/2015 12:00:00 AM,10/20/2015 12:00:00 AM,36608,15583,21025
9/26/2015 12:00:00 AM,10/21/2015 12:00:00 AM,35383,15333,20050
9/26/2015 12:00:00 AM,10/22/2015 12:00:00 AM,35333,15046,20287
9/26/2015 12:00:00 AM,10/23/2015 12:00:00 AM,35722,15669,20053
9/26/2015 12:00:00 AM,10/24/2015 12:00:00 AM,34723,16027,18696
9/26/2015 12:00:00 AM,10/25/2015 12:00:00 AM,34476,15367,19109
9/26/2015 12:00:00 AM,10/26/2015 12:00:00 AM,34495,15573,18922
9/26/2015 12:00:00 AM,10/27/2015 12:00:00 AM,30373,13231,17142
9/26/2015 12:00:00 AM,10/28/2015 12:00:00 AM,30101,12751,17350
9/26/2015 12:00:00 AM,10/29/2015 12:00:00 AM,29842,11941,17901
9/26/2015 12:00:00 AM,10/30/2015 12:00:00 AM,32210,12622,19588
9/26/2015 12:00:00 AM,10/31/2015 12:00:00 AM,34289,14829,19460
9/26/2015 12:00:00 AM,11/1/2015 12:00:00 AM,34051,15275,18776
9/26/2015 12:00:00 AM,11/2/2015 12:00:00 AM,34614,16530,18084
9/26/2015 12:00:00 AM,11/3/2015 12:00:00 AM,32513,14429,18084
9/26/2015 12:00:00 AM,11/4/2015 12:00:00 AM,32720,14530,18190
9/26/2015 12:00:00 AM,11/5/2015 12:00:00 AM,30838,13861,16977
9/26/2015 12:00:00 AM,11/6/2015 12:00:00 AM,31619,14461,17158
9/26/2015 12:00:00 AM,11/7/2015 12:00:00 AM,31475,14140,17335
9/26/2015 12:00:00 AM,11/8/2015 12:00:00 AM,31449,14066,17383
9/26/2015 12:00:00 AM,11/9/2015 12:00:00 AM,30217,13898,16319
9/26/2015 12:00:00 AM,11/10/2015 12:00:00 AM,28106,12583,15523
9/26/2015 12:00:00 AM,11/11/2015 12:00:00 AM,27997,12583,15414
9/26/2015 12:00:00 AM,11/12/2015 12:00:00 AM,27280,12583,14697
9/26/2015 12:00:00 AM,11/13/2015 12:00:00 AM,27340,12626,14714
9/26/2015 12:00:00 AM,11/14/2015 12:00:00 AM,27044,13169,13875
9/26/2015 12:00:00 AM,11/15/2015 12:00:00 AM,25677,12498,13179
9/26/2015 12:00:00 AM,11/16/2015 12:00:00 AM,24757,11965,12792
9/26/2015 12:00:00 AM,11/17/2015 12:00:00 AM,19948,9745,10203
9/26/2015 12:00:00 AM,11/18/2015 12:00:00 AM,19331,9145,10186
9/26/2015 12:00:00 AM,11/19/2015 12:00:00 AM,19153,9145,10008
9/26/2015 12:00:00 AM,11/20/2015 12:00:00 AM,18597,8589,10008
9/26/2015 12:00:00 AM,11/21/2015 12:00:00 AM,17391,8443,8948
9/26/2015 12:00:00 AM,11/22/2015 12:00:00 AM,17002,8242,8760
9/26/2015 12:00:00 AM,11/23/2015 12:00:00 AM,14086,6828,7258
9/26/2015 12:00:00 AM,11/24/2015 12:00:00 AM,11956,5156,6800
9/26/2015 12:00:00 AM,11/25/2015 12:00:00 AM,10691,4676,6015
9/26/2015 12:00:00 AM,11/26/2015 12:00:00 AM,9929,4676,5253
9/26/2015 12:00:00 AM,11/27/2015 12:00:00 AM,10064,4676,5388
9/26/2015 12:00:00 AM,11/28/2015 12:00:00 AM,9675,4603,5072
9/26/2015 12:00:00 AM,11/29/2015 12:00:00 AM,9906,4683,5223
9/26/2015 12:00:00 AM,11/30/2015 12:00:00 AM,9842,4598,5244
9/26/2015 12:00:00 AM,12/1/2015 12:00:00 AM,9070,4598,4472
9/26/2015 12:00:00 AM,12/2/2015 12:00:00 AM,8484,4012,4472
9/26/2015 12:00:00 AM,12/3/2015 12:00:00 AM,7639,4012,3627
9/26/2015 12:00:00 AM,12/4/2015 12:00:00 AM,7639,4012,3627
9/26/2015 12:00:00 AM,12/5/2015 12:00:00 AM,9319,5737,3582
9/26/2015 12:00:00 AM,12/6/2015 12:00:00 AM,9161,5737,3424
9/26/2015 12:00:00 AM,12/7/2015 12:00:00 AM,9080,5611,3469
9/26/2015 12:00:00 AM,12/8/2015 12:00:00 AM,7441,3972,3469
9/26/2015 12:00:00 AM,12/9/2015 12:00:00 AM,7441,3972,3469
9/26/2015 12:00:00 AM,12/10/2015 12:00:00 AM,7441,3972,3469
9/26/2015 12:00:00 AM,12/11/2015 12:00:00 AM,6840,3371,3469
9/26/2015 12:00:00 AM,12/12/2015 12:00:00 AM,7380,3956,3424
9/26/2015 12:00:00 AM,12/13/2015 12:00:00 AM,7084,3956,3128
9/26/2015 12:00:00 AM,12/14/2015 12:00:00 AM,6968,3956,3012
9/26/2015 12:00:00 AM,12/15/2015 12:00:00 AM,3676,2231,1445
9/26/2015 12:00:00 AM,12/16/2015 12:00:00 AM,3676,2231,1445
9/26/2015 12:00:00 AM,12/17/2015 12:00:00 AM,3676,2231,1445
9/26/2015 12:00:00 AM,12/18/2015 12:00:00 AM,3091,1646,1445
9/26/2015 12:00:00 AM,12/19/2015 12:00:00 AM,3078,1646,1432
9/26/2015 12:00:00 AM,12/20/2015 12:00:00 AM,3078,1646,1432
9/26/2015 12:00:00 AM,12/21/2015 12:00:00 AM,3078,1646,1432
9/26/2015 12:00:00 AM,12/22/2015 12:00:00 AM,2198,766,1432
9/26/2015 12:00:00 AM,12/23/2015 12:00:00 AM,2198,766,1432
9/26/2015 12:00:00 AM,12/24/2015 12:00:00 AM,2127,766,1361
9/26/2015 12:00:00 AM,12/25/2015 12:00:00 AM,2741,766,1975
9/26/2015 12:00:00 AM,12/26/2015 12:00:00 AM,2741,766,1975
9/25/2015 12:00:00 AM,9/26/2015 12:00:00 AM,24529,11749,12780
9/25/2015 12:00:00 AM,9/27/2015 12:00:00 AM,23692,11385,12307
9/25/2015 12:00:00 AM,9/28/2015 12:00:00 AM,25105,11658,13447
9/25/2015 12:00:00 AM,9/29/2015 12:00:00 AM,25108,11658,13450
9/25/2015 12:00:00 AM,9/30/2015 12:00:00 AM,26528,12718,13810
9/25/2015 12:00:00 AM,10/1/2015 12:00:00 AM,26552,12276,14276
9/25/2015 12:00:00 AM,10/2/2015 12:00:00 AM,26706,11875,14831
9/25/2015 12:00:00 AM,10/3/2015 12:00:00 AM,29681,14141,15540
9/25/2015 12:00:00 AM,10/4/2015 12:00:00 AM,29793,13433,16360
9/25/2015 12:00:00 AM,10/5/2015 12:00:00 AM,33289,15089,18200
9/25/2015 12:00:00 AM,10/6/2015 12:00:00 AM,33054,15089,17965
9/25/2015 12:00:00 AM,10/7/2015 12:00:00 AM,32495,14544,17951
9/25/2015 12:00:00 AM,10/8/2015 12:00:00 AM,32662,14694,17968
9/25/2015 12:00:00 AM,10/9/2015 12:00:00 AM,33492,15128,18364
9/25/2015 12:00:00 AM,10/10/2015 12:00:00 AM,35971,17124,18847
9/25/2015 12:00:00 AM,10/11/2015 12:00:00 AM,36212,17279,18933
9/25/2015 12:00:00 AM,10/12/2015 12:00:00 AM,34965,17115,17850
9/25/2015 12:00:00 AM,10/13/2015 12:00:00 AM,32232,14792,17440
9/25/2015 12:00:00 AM,10/14/2015 12:00:00 AM,32495,14942,17553
9/25/2015 12:00:00 AM,10/15/2015 12:00:00 AM,33120,14886,18234
9/25/2015 12:00:00 AM,10/16/2015 12:00:00 AM,33309,15147,18162
9/25/2015 12:00:00 AM,10/17/2015 12:00:00 AM,37669,16219,21450
9/25/2015 12:00:00 AM,10/18/2015 12:00:00 AM,36864,15274,21590
9/25/2015 12:00:00 AM,10/19/2015 12:00:00 AM,36108,14689,21419
9/25/2015 12:00:00 AM,10/20/2015 12:00:00 AM,35373,14348,21025
9/25/2015 12:00:00 AM,10/21/2015 12:00:00 AM,34148,14098,20050
9/25/2015 12:00:00 AM,10/22/2015 12:00:00 AM,34098,13811,20287
9/25/2015 12:00:00 AM,10/23/2015 12:00:00 AM,34487,14434,20053
9/25/2015 12:00:00 AM,10/24/2015 12:00:00 AM,33488,14792,18696
9/25/2015 12:00:00 AM,10/25/2015 12:00:00 AM,33241,14132,19109
9/25/2015 12:00:00 AM,10/26/2015 12:00:00 AM,33092,14170,18922
9/25/2015 12:00:00 AM,10/27/2015 12:00:00 AM,29370,12228,17142
9/25/2015 12:00:00 AM,10/28/2015 12:00:00 AM,29098,11748,17350
9/25/2015 12:00:00 AM,10/29/2015 12:00:00 AM,28839,10938,17901
9/25/2015 12:00:00 AM,10/30/2015 12:00:00 AM,31207,11619,19588
9/25/2015 12:00:00 AM,10/31/2015 12:00:00 AM,33286,13826,19460
9/25/2015 12:00:00 AM,11/1/2015 12:00:00 AM,33048,14272,18776
9/25/2015 12:00:00 AM,11/2/2015 12:00:00 AM,33611,15527,18084
9/25/2015 12:00:00 AM,11/3/2015 12:00:00 AM,32810,14726,18084
9/25/2015 12:00:00 AM,11/4/2015 12:00:00 AM,33017,14827,18190
9/25/2015 12:00:00 AM,11/5/2015 12:00:00 AM,31135,14158,16977
9/25/2015 12:00:00 AM,11/6/2015 12:00:00 AM,31916,14758,17158
9/25/2015 12:00:00 AM,11/7/2015 12:00:00 AM,31772,14437,17335
9/25/2015 12:00:00 AM,11/8/2015 12:00:00 AM,31746,14363,17383
9/25/2015 12:00:00 AM,11/9/2015 12:00:00 AM,30388,14069,16319
9/25/2015 12:00:00 AM,11/10/2015 12:00:00 AM,27938,12415,15523
9/25/2015 12:00:00 AM,11/11/2015 12:00:00 AM,27829,12415,15414
9/25/2015 12:00:00 AM,11/12/2015 12:00:00 AM,27112,12415,14697
9/25/2015 12:00:00 AM,11/13/2015 12:00:00 AM,27046,12332,14714
9/25/2015 12:00:00 AM,11/14/2015 12:00:00 AM,26411,12536,13875
9/25/2015 12:00:00 AM,11/15/2015 12:00:00 AM,25044,11865,13179
9/25/2015 12:00:00 AM,11/16/2015 12:00:00 AM,24292,11500,12792
9/25/2015 12:00:00 AM,11/17/2015 12:00:00 AM,19483,9280,10203
9/25/2015 12:00:00 AM,11/18/2015 12:00:00 AM,18866,8680,10186
9/25/2015 12:00:00 AM,11/19/2015 12:00:00 AM,18688,8680,10008
9/25/2015 12:00:00 AM,11/20/2015 12:00:00 AM,18132,8124,10008
9/25/2015 12:00:00 AM,11/21/2015 12:00:00 AM,16926,7978,8948
9/25/2015 12:00:00 AM,11/22/2015 12:00:00 AM,16537,7777,8760
9/25/2015 12:00:00 AM,11/23/2015 12:00:00 AM,13621,6363,7258
9/25/2015 12:00:00 AM,11/24/2015 12:00:00 AM,11491,4691,6800
9/25/2015 12:00:00 AM,11/25/2015 12:00:00 AM,10226,4211,6015
9/25/2015 12:00:00 AM,11/26/2015 12:00:00 AM,9464,4211,5253
9/25/2015 12:00:00 AM,11/27/2015 12:00:00 AM,9599,4211,5388
9/25/2015 12:00:00 AM,11/28/2015 12:00:00 AM,9210,4138,5072
9/25/2015 12:00:00 AM,11/29/2015 12:00:00 AM,9441,4218,5223
9/25/2015 12:00:00 AM,11/30/2015 12:00:00 AM,9377,4133,5244
9/25/2015 12:00:00 AM,12/1/2015 12:00:00 AM,8605,4133,4472
9/25/2015 12:00:00 AM,12/2/2015 12:00:00 AM,8019,3547,4472
9/25/2015 12:00:00 AM,12/3/2015 12:00:00 AM,7174,3547,3627
9/25/2015 12:00:00 AM,12/4/2015 12:00:00 AM,7174,3547,3627
9/25/2015 12:00:00 AM,12/5/2015 12:00:00 AM,9254,5672,3582
9/25/2015 12:00:00 AM,12/6/2015 12:00:00 AM,9096,5672,3424
9/25/2015 12:00:00 AM,12/7/2015 12:00:00 AM,9141,5672,3469
9/25/2015 12:00:00 AM,12/8/2015 12:00:00 AM,7841,4372,3469
9/25/2015 12:00:00 AM,12/9/2015 12:00:00 AM,7841,4372,3469
9/25/2015 12:00:00 AM,12/10/2015 12:00:00 AM,7841,4372,3469
9/25/2015 12:00:00 AM,12/11/2015 12:00:00 AM,7240,3771,3469
9/25/2015 12:00:00 AM,12/12/2015 12:00:00 AM,7780,4356,3424
9/25/2015 12:00:00 AM,12/13/2015 12:00:00 AM,7484,4356,3128
9/25/2015 12:00:00 AM,12/14/2015 12:00:00 AM,7368,4356,3012
9/25/2015 12:00:00 AM,12/15/2015 12:00:00 AM,3676,2231,1445
9/25/2015 12:00:00 AM,12/16/2015 12:00:00 AM,3676,2231,1445
9/25/2015 12:00:00 AM,12/17/2015 12:00:00 AM,3676,2231,1445
9/25/2015 12:00:00 AM,12/18/2015 12:00:00 AM,3091,1646,1445
9/25/2015 12:00:00 AM,12/19/2015 12:00:00 AM,3078,1646,1432
9/25/2015 12:00:00 AM,12/20/2015 12:00:00 AM,3078,1646,1432
9/25/2015 12:00:00 AM,12/21/2015 12:00:00 AM,3078,1646,1432
9/25/2015 12:00:00 AM,12/22/2015 12:00:00 AM,1968,536,1432
9/25/2015 12:00:00 AM,12/23/2015 12:00:00 AM,1968,536,1432
9/25/2015 12:00:00 AM,12/24/2015 12:00:00 AM,1897,536,1361
9/25/2015 12:00:00 AM,12/25/2015 12:00:00 AM,2511,536,1975
9/24/2015 12:00:00 AM,9/25/2015 12:00:00 AM,18251,7407,10844
9/24/2015 12:00:00 AM,9/26/2015 12:00:00 AM,24424,11639,12785
9/24/2015 12:00:00 AM,9/27/2015 12:00:00 AM,23282,10975,12307
9/24/2015 12:00:00 AM,9/28/2015 12:00:00 AM,24695,11248,13447
9/24/2015 12:00:00 AM,9/29/2015 12:00:00 AM,24698,11248,13450
9/24/2015 12:00:00 AM,9/30/2015 12:00:00 AM,26118,12308,13810
9/24/2015 12:00:00 AM,10/1/2015 12:00:00 AM,26142,11866,14276
9/24/2015 12:00:00 AM,10/2/2015 12:00:00 AM,27096,12265,14831
9/24/2015 12:00:00 AM,10/3/2015 12:00:00 AM,29176,13636,15540
9/24/2015 12:00:00 AM,10/4/2015 12:00:00 AM,30452,14092,16360
9/24/2015 12:00:00 AM,10/5/2015 12:00:00 AM,32893,14584,18309
9/24/2015 12:00:00 AM,10/6/2015 12:00:00 AM,32658,14584,18074
9/24/2015 12:00:00 AM,10/7/2015 12:00:00 AM,32099,14039,18060
9/24/2015 12:00:00 AM,10/8/2015 12:00:00 AM,32266,14189,18077
9/24/2015 12:00:00 AM,10/9/2015 12:00:00 AM,33096,14623,18473
9/24/2015 12:00:00 AM,10/10/2015 12:00:00 AM,36771,17924,18847
9/24/2015 12:00:00 AM,10/11/2015 12:00:00 AM,37012,18079,18933
9/24/2015 12:00:00 AM,10/12/2015 12:00:00 AM,34965,17115,17850
9/24/2015 12:00:00 AM,10/13/2015 12:00:00 AM,32232,14792,17440
9/24/2015 12:00:00 AM,10/14/2015 12:00:00 AM,32495,14942,17553
9/24/2015 12:00:00 AM,10/15/2015 12:00:00 AM,33120,14886,18234
9/24/2015 12:00:00 AM,10/16/2015 12:00:00 AM,33309,15147,18162
9/24/2015 12:00:00 AM,10/17/2015 12:00:00 AM,37669,16219,21450
9/24/2015 12:00:00 AM,10/18/2015 12:00:00 AM,36864,15274,21590
9/24/2015 12:00:00 AM,10/19/2015 12:00:00 AM,36108,14689,21419
9/24/2015 12:00:00 AM,10/20/2015 12:00:00 AM,35373,14348,21025
9/24/2015 12:00:00 AM,10/21/2015 12:00:00 AM,34148,14098,20050
9/24/2015 12:00:00 AM,10/22/2015 12:00:00 AM,34098,13811,20287
9/24/2015 12:00:00 AM,10/23/2015 12:00:00 AM,34487,14434,20053
9/24/2015 12:00:00 AM,10/24/2015 12:00:00 AM,33488,14792,18696
9/24/2015 12:00:00 AM,10/25/2015 12:00:00 AM,33241,14132,19109
9/24/2015 12:00:00 AM,10/26/2015 12:00:00 AM,33092,14170,18922
9/24/2015 12:00:00 AM,10/27/2015 12:00:00 AM,29370,12228,17142
9/24/2015 12:00:00 AM,10/28/2015 12:00:00 AM,29098,11748,17350
9/24/2015 12:00:00 AM,10/29/2015 12:00:00 AM,28839,10938,17901
9/24/2015 12:00:00 AM,10/30/2015 12:00:00 AM,31207,11619,19588
9/24/2015 12:00:00 AM,10/31/2015 12:00:00 AM,33059,13826,19233
9/24/2015 12:00:00 AM,11/1/2015 12:00:00 AM,32821,14272,18549
9/24/2015 12:00:00 AM,11/2/2015 12:00:00 AM,33384,15527,17857
9/24/2015 12:00:00 AM,11/3/2015 12:00:00 AM,32583,14726,17857
9/24/2015 12:00:00 AM,11/4/2015 12:00:00 AM,32790,14827,17963
9/24/2015 12:00:00 AM,11/5/2015 12:00:00 AM,30908,14158,16750
9/24/2015 12:00:00 AM,11/6/2015 12:00:00 AM,31689,14758,16931
9/24/2015 12:00:00 AM,11/7/2015 12:00:00 AM,31545,14437,17108
9/24/2015 12:00:00 AM,11/8/2015 12:00:00 AM,31519,14363,17156
9/24/2015 12:00:00 AM,11/9/2015 12:00:00 AM,30161,14069,16092
9/24/2015 12:00:00 AM,11/10/2015 12:00:00 AM,26406,11110,15296
9/24/2015 12:00:00 AM,11/11/2015 12:00:00 AM,26297,11110,15187
9/24/2015 12:00:00 AM,11/12/2015 12:00:00 AM,25580,11110,14470
9/24/2015 12:00:00 AM,11/13/2015 12:00:00 AM,25514,11027,14487
9/24/2015 12:00:00 AM,11/14/2015 12:00:00 AM,25279,11631,13648
9/24/2015 12:00:00 AM,11/15/2015 12:00:00 AM,23912,10960,12952
9/24/2015 12:00:00 AM,11/16/2015 12:00:00 AM,23051,10595,12456
9/24/2015 12:00:00 AM,11/17/2015 12:00:00 AM,19547,9680,9867
9/24/2015 12:00:00 AM,11/18/2015 12:00:00 AM,18930,9080,9850
9/24/2015 12:00:00 AM,11/19/2015 12:00:00 AM,18752,9080,9672
9/24/2015 12:00:00 AM,11/20/2015 12:00:00 AM,18196,8524,9672
9/24/2015 12:00:00 AM,11/21/2015 12:00:00 AM,17099,8378,8721
9/24/2015 12:00:00 AM,11/22/2015 12:00:00 AM,16710,8177,8533
9/24/2015 12:00:00 AM,11/23/2015 12:00:00 AM,13794,6763,7031
9/24/2015 12:00:00 AM,11/24/2015 12:00:00 AM,11264,4691,6573
9/24/2015 12:00:00 AM,11/25/2015 12:00:00 AM,9999,4211,5788
9/24/2015 12:00:00 AM,11/26/2015 12:00:00 AM,9464,4211,5253
9/24/2015 12:00:00 AM,11/27/2015 12:00:00 AM,9599,4211,5388
9/24/2015 12:00:00 AM,11/28/2015 12:00:00 AM,9210,4138,5072
9/24/2015 12:00:00 AM,11/29/2015 12:00:00 AM,9441,4218,5223
9/24/2015 12:00:00 AM,11/30/2015 12:00:00 AM,9377,4133,5244
9/24/2015 12:00:00 AM,12/1/2015 12:00:00 AM,8605,4133,4472
9/24/2015 12:00:00 AM,12/2/2015 12:00:00 AM,8019,3547,4472
9/24/2015 12:00:00 AM,12/3/2015 12:00:00 AM,7174,3547,3627
9/24/2015 12:00:00 AM,12/4/2015 12:00:00 AM,7174,3547,3627
9/24/2015 12:00:00 AM,12/5/2015 12:00:00 AM,8849,5267,3582
9/24/2015 12:00:00 AM,12/6/2015 12:00:00 AM,8691,5267,3424
9/24/2015 12:00:00 AM,12/7/2015 12:00:00 AM,8736,5267,3469
9/24/2015 12:00:00 AM,12/8/2015 12:00:00 AM,7436,3967,3469
9/24/2015 12:00:00 AM,12/9/2015 12:00:00 AM,7436,3967,3469
9/24/2015 12:00:00 AM,12/10/2015 12:00:00 AM,7436,3967,3469
9/24/2015 12:00:00 AM,12/11/2015 12:00:00 AM,6835,3366,3469
9/24/2015 12:00:00 AM,12/12/2015 12:00:00 AM,7375,3951,3424
9/24/2015 12:00:00 AM,12/13/2015 12:00:00 AM,7079,3951,3128
9/24/2015 12:00:00 AM,12/14/2015 12:00:00 AM,6963,3951,3012
9/24/2015 12:00:00 AM,12/15/2015 12:00:00 AM,3676,2231,1445
9/24/2015 12:00:00 AM,12/16/2015 12:00:00 AM,3676,2231,1445
9/24/2015 12:00:00 AM,12/17/2015 12:00:00 AM,3676,2231,1445
9/24/2015 12:00:00 AM,12/18/2015 12:00:00 AM,3091,1646,1445
9/24/2015 12:00:00 AM,12/19/2015 12:00:00 AM,3078,1646,1432
9/24/2015 12:00:00 AM,12/20/2015 12:00:00 AM,3078,1646,1432
9/24/2015 12:00:00 AM,12/21/2015 12:00:00 AM,3078,1646,1432
9/24/2015 12:00:00 AM,12/22/2015 12:00:00 AM,1968,536,1432
9/24/2015 12:00:00 AM,12/23/2015 12:00:00 AM,1968,536,1432
9/24/2015 12:00:00 AM,12/24/2015 12:00:00 AM,1897,536,1361
9/23/2015 12:00:00 AM,9/24/2015 12:00:00 AM,17826,7627,10199
9/23/2015 12:00:00 AM,9/25/2015 12:00:00 AM,18431,7557,10874
9/23/2015 12:00:00 AM,9/26/2015 12:00:00 AM,24454,11639,12815
9/23/2015 12:00:00 AM,9/27/2015 12:00:00 AM,23432,11125,12307
9/23/2015 12:00:00 AM,9/28/2015 12:00:00 AM,24695,11248,13447
9/23/2015 12:00:00 AM,9/29/2015 12:00:00 AM,24698,11248,13450
9/23/2015 12:00:00 AM,9/30/2015 12:00:00 AM,26118,12308,13810
9/23/2015 12:00:00 AM,10/1/2015 12:00:00 AM,26142,11866,14276
9/23/2015 12:00:00 AM,10/2/2015 12:00:00 AM,27096,12265,14831
9/23/2015 12:00:00 AM,10/3/2015 12:00:00 AM,28538,12998,15540
9/23/2015 12:00:00 AM,10/4/2015 12:00:00 AM,29814,13454,16360
9/23/2015 12:00:00 AM,10/5/2015 12:00:00 AM,32255,13946,18309
9/23/2015 12:00:00 AM,10/6/2015 12:00:00 AM,32020,13946,18074
9/23/2015 12:00:00 AM,10/7/2015 12:00:00 AM,31461,13401,18060
9/23/2015 12:00:00 AM,10/8/2015 12:00:00 AM,31628,13551,18077
9/23/2015 12:00:00 AM,10/9/2015 12:00:00 AM,33019,14546,18473
9/23/2015 12:00:00 AM,10/10/2015 12:00:00 AM,36694,17847,18847
9/23/2015 12:00:00 AM,10/11/2015 12:00:00 AM,36935,18002,18933
9/23/2015 12:00:00 AM,10/12/2015 12:00:00 AM,34888,17038,17850
9/23/2015 12:00:00 AM,10/13/2015 12:00:00 AM,32155,14715,17440
9/23/2015 12:00:00 AM,10/14/2015 12:00:00 AM,32418,14865,17553
9/23/2015 12:00:00 AM,10/15/2015 12:00:00 AM,33043,14809,18234
9/23/2015 12:00:00 AM,10/16/2015 12:00:00 AM,33232,15070,18162
9/23/2015 12:00:00 AM,10/17/2015 12:00:00 AM,37592,16142,21450
9/23/2015 12:00:00 AM,10/18/2015 12:00:00 AM,36787,15197,21590
9/23/2015 12:00:00 AM,10/19/2015 12:00:00 AM,36031,14612,21419
9/23/2015 12:00:00 AM,10/20/2015 12:00:00 AM,35296,14271,21025
9/23/2015 12:00:00 AM,10/21/2015 12:00:00 AM,34071,14021,20050
9/23/2015 12:00:00 AM,10/22/2015 12:00:00 AM,34021,13734,20287
9/23/2015 12:00:00 AM,10/23/2015 12:00:00 AM,34410,14357,20053
9/23/2015 12:00:00 AM,10/24/2015 12:00:00 AM,33411,14715,18696
9/23/2015 12:00:00 AM,10/25/2015 12:00:00 AM,33164,14055,19109
9/23/2015 12:00:00 AM,10/26/2015 12:00:00 AM,33015,14093,18922
9/23/2015 12:00:00 AM,10/27/2015 12:00:00 AM,29293,12151,17142
9/23/2015 12:00:00 AM,10/28/2015 12:00:00 AM,29021,11671,17350
9/23/2015 12:00:00 AM,10/29/2015 12:00:00 AM,28762,10861,17901
9/23/2015 12:00:00 AM,10/30/2015 12:00:00 AM,31130,11542,19588
9/23/2015 12:00:00 AM,10/31/2015 12:00:00 AM,32982,13749,19233
9/23/2015 12:00:00 AM,11/1/2015 12:00:00 AM,32821,14272,18549
9/23/2015 12:00:00 AM,11/2/2015 12:00:00 AM,33384,15527,17857
9/23/2015 12:00:00 AM,11/3/2015 12:00:00 AM,32583,14726,17857
9/23/2015 12:00:00 AM,11/4/2015 12:00:00 AM,32790,14827,17963
9/23/2015 12:00:00 AM,11/5/2015 12:00:00 AM,30908,14158,16750
9/23/2015 12:00:00 AM,11/6/2015 12:00:00 AM,31689,14758,16931
9/23/2015 12:00:00 AM,11/7/2015 12:00:00 AM,31545,14437,17108
9/23/2015 12:00:00 AM,11/8/2015 12:00:00 AM,31519,14363,17156
9/23/2015 12:00:00 AM,11/9/2015 12:00:00 AM,30161,14069,16092
9/23/2015 12:00:00 AM,11/10/2015 12:00:00 AM,26406,11110,15296
9/23/2015 12:00:00 AM,11/11/2015 12:00:00 AM,26297,11110,15187
9/23/2015 12:00:00 AM,11/12/2015 12:00:00 AM,25580,11110,14470
9/23/2015 12:00:00 AM,11/13/2015 12:00:00 AM,25514,11027,14487
9/23/2015 12:00:00 AM,11/14/2015 12:00:00 AM,25279,11631,13648
9/23/2015 12:00:00 AM,11/15/2015 12:00:00 AM,23912,10960,12952
9/23/2015 12:00:00 AM,11/16/2015 12:00:00 AM,23051,10595,12456
9/23/2015 12:00:00 AM,11/17/2015 12:00:00 AM,19547,9680,9867
9/23/2015 12:00:00 AM,11/18/2015 12:00:00 AM,18930,9080,9850
9/23/2015 12:00:00 AM,11/19/2015 12:00:00 AM,18752,9080,9672
9/23/2015 12:00:00 AM,11/20/2015 12:00:00 AM,18196,8524,9672
9/23/2015 12:00:00 AM,11/21/2015 12:00:00 AM,17099,8378,8721
9/23/2015 12:00:00 AM,11/22/2015 12:00:00 AM,16710,8177,8533
9/23/2015 12:00:00 AM,11/23/2015 12:00:00 AM,13794,6763,7031
9/23/2015 12:00:00 AM,11/24/2015 12:00:00 AM,11264,4691,6573
9/23/2015 12:00:00 AM,11/25/2015 12:00:00 AM,9999,4211,5788
9/23/2015 12:00:00 AM,11/26/2015 12:00:00 AM,9464,4211,5253
9/23/2015 12:00:00 AM,11/27/2015 12:00:00 AM,9599,4211,5388
9/23/2015 12:00:00 AM,11/28/2015 12:00:00 AM,9210,4138,5072
9/23/2015 12:00:00 AM,11/29/2015 12:00:00 AM,9441,4218,5223
9/23/2015 12:00:00 AM,11/30/2015 12:00:00 AM,9377,4133,5244
9/23/2015 12:00:00 AM,12/1/2015 12:00:00 AM,8605,4133,4472
9/23/2015 12:00:00 AM,12/2/2015 12:00:00 AM,8019,3547,4472
9/23/2015 12:00:00 AM,12/3/2015 12:00:00 AM,7174,3547,3627
9/23/2015 12:00:00 AM,12/4/2015 12:00:00 AM,7174,3547,3627
9/23/2015 12:00:00 AM,12/5/2015 12:00:00 AM,8849,5267,3582
9/23/2015 12:00:00 AM,12/6/2015 12:00:00 AM,8691,5267,3424
9/23/2015 12:00:00 AM,12/7/2015 12:00:00 AM,8736,5267,3469
9/23/2015 12:00:00 AM,12/8/2015 12:00:00 AM,7436,3967,3469
9/23/2015 12:00:00 AM,12/9/2015 12:00:00 AM,7436,3967,3469
9/23/2015 12:00:00 AM,12/10/2015 12:00:00 AM,7436,3967,3469
9/23/2015 12:00:00 AM,12/11/2015 12:00:00 AM,6835,3366,3469
9/23/2015 12:00:00 AM,12/12/2015 12:00:00 AM,7375,3951,3424
9/23/2015 12:00:00 AM,12/13/2015 12:00:00 AM,7079,3951,3128
9/23/2015 12:00:00 AM,12/14/2015 12:00:00 AM,6963,3951,3012
9/23/2015 12:00:00 AM,12/15/2015 12:00:00 AM,3676,2231,1445
9/23/2015 12:00:00 AM,12/16/2015 12:00:00 AM,3676,2231,1445
9/23/2015 12:00:00 AM,12/17/2015 12:00:00 AM,3676,2231,1445
9/23/2015 12:00:00 AM,12/18/2015 12:00:00 AM,3091,1646,1445
9/23/2015 12:00:00 AM,12/19/2015 12:00:00 AM,3078,1646,1432
9/23/2015 12:00:00 AM,12/20/2015 12:00:00 AM,3078,1646,1432
9/23/2015 12:00:00 AM,12/21/2015 12:00:00 AM,3078,1646,1432
9/23/2015 12:00:00 AM,12/22/2015 12:00:00 AM,1968,536,1432
9/23/2015 12:00:00 AM,12/23/2015 12:00:00 AM,1968,536,1432
9/22/2015 12:00:00 AM,9/23/2015 12:00:00 AM,17926,7727,10199
9/22/2015 12:00:00 AM,9/24/2015 12:00:00 AM,17826,7627,10199
9/22/2015 12:00:00 AM,9/25/2015 12:00:00 AM,18431,7557,10874
9/22/2015 12:00:00 AM,9/26/2015 12:00:00 AM,24454,11639,12815
9/22/2015 12:00:00 AM,9/27/2015 12:00:00 AM,23432,11125,12307
9/22/2015 12:00:00 AM,9/28/2015 12:00:00 AM,24695,11248,13447
9/22/2015 12:00:00 AM,9/29/2015 12:00:00 AM,24698,11248,13450
9/22/2015 12:00:00 AM,9/30/2015 12:00:00 AM,26118,12308,13810
9/22/2015 12:00:00 AM,10/1/2015 12:00:00 AM,26142,11866,14276
9/22/2015 12:00:00 AM,10/2/2015 12:00:00 AM,27096,12265,14831
9/22/2015 12:00:00 AM,10/3/2015 12:00:00 AM,28538,12998,15540
9/22/2015 12:00:00 AM,10/4/2015 12:00:00 AM,29814,13454,16360
9/22/2015 12:00:00 AM,10/5/2015 12:00:00 AM,32750,14441,18309
9/22/2015 12:00:00 AM,10/6/2015 12:00:00 AM,32515,14441,18074
9/22/2015 12:00:00 AM,10/7/2015 12:00:00 AM,31956,13896,18060
9/22/2015 12:00:00 AM,10/8/2015 12:00:00 AM,32123,14046,18077
9/22/2015 12:00:00 AM,10/9/2015 12:00:00 AM,33175,14702,18473
9/22/2015 12:00:00 AM,10/10/2015 12:00:00 AM,36850,18003,18847
9/22/2015 12:00:00 AM,10/11/2015 12:00:00 AM,37091,18158,18933
9/22/2015 12:00:00 AM,10/12/2015 12:00:00 AM,35044,17194,17850
9/22/2015 12:00:00 AM,10/13/2015 12:00:00 AM,31816,14376,17440
9/22/2015 12:00:00 AM,10/14/2015 12:00:00 AM,32079,14526,17553
9/22/2015 12:00:00 AM,10/15/2015 12:00:00 AM,32704,14470,18234
9/22/2015 12:00:00 AM,10/16/2015 12:00:00 AM,32893,14731,18162
9/22/2015 12:00:00 AM,10/17/2015 12:00:00 AM,37097,15647,21450
9/22/2015 12:00:00 AM,10/18/2015 12:00:00 AM,36787,15197,21590
9/22/2015 12:00:00 AM,10/19/2015 12:00:00 AM,36031,14612,21419
9/22/2015 12:00:00 AM,10/20/2015 12:00:00 AM,35296,14271,21025
9/22/2015 12:00:00 AM,10/21/2015 12:00:00 AM,34071,14021,20050
9/22/2015 12:00:00 AM,10/22/2015 12:00:00 AM,34021,13734,20287
9/22/2015 12:00:00 AM,10/23/2015 12:00:00 AM,34410,14357,20053
9/22/2015 12:00:00 AM,10/24/2015 12:00:00 AM,33585,14889,18696
9/22/2015 12:00:00 AM,10/25/2015 12:00:00 AM,33338,14229,19109
9/22/2015 12:00:00 AM,10/26/2015 12:00:00 AM,33189,14267,18922
9/22/2015 12:00:00 AM,10/27/2015 12:00:00 AM,29467,12325,17142
9/22/2015 12:00:00 AM,10/28/2015 12:00:00 AM,29195,11845,17350
9/22/2015 12:00:00 AM,10/29/2015 12:00:00 AM,28936,11035,17901
9/22/2015 12:00:00 AM,10/30/2015 12:00:00 AM,31304,11716,19588
9/22/2015 12:00:00 AM,10/31/2015 12:00:00 AM,32392,13749,18643
9/22/2015 12:00:00 AM,11/1/2015 12:00:00 AM,32231,14272,17959
9/22/2015 12:00:00 AM,11/2/2015 12:00:00 AM,32794,15527,17267
9/22/2015 12:00:00 AM,11/3/2015 12:00:00 AM,31993,14726,17267
9/22/2015 12:00:00 AM,11/4/2015 12:00:00 AM,32200,14827,17373
9/22/2015 12:00:00 AM,11/5/2015 12:00:00 AM,30908,14158,16750
9/22/2015 12:00:00 AM,11/6/2015 12:00:00 AM,31689,14758,16931
9/22/2015 12:00:00 AM,11/7/2015 12:00:00 AM,31545,14437,17108
9/22/2015 12:00:00 AM,11/8/2015 12:00:00 AM,31519,14363,17156
9/22/2015 12:00:00 AM,11/9/2015 12:00:00 AM,30161,14069,16092
9/22/2015 12:00:00 AM,11/10/2015 12:00:00 AM,26406,11110,15296
9/22/2015 12:00:00 AM,11/11/2015 12:00:00 AM,26297,11110,15187
9/22/2015 12:00:00 AM,11/12/2015 12:00:00 AM,25580,11110,14470
9/22/2015 12:00:00 AM,11/13/2015 12:00:00 AM,25514,11027,14487
9/22/2015 12:00:00 AM,11/14/2015 12:00:00 AM,25279,11631,13648
9/22/2015 12:00:00 AM,11/15/2015 12:00:00 AM,23912,10960,12952
9/22/2015 12:00:00 AM,11/16/2015 12:00:00 AM,23051,10595,12456
9/22/2015 12:00:00 AM,11/17/2015 12:00:00 AM,19721,9854,9867
9/22/2015 12:00:00 AM,11/18/2015 12:00:00 AM,19104,9254,9850
9/22/2015 12:00:00 AM,11/19/2015 12:00:00 AM,18926,9254,9672
9/22/2015 12:00:00 AM,11/20/2015 12:00:00 AM,18370,8698,9672
9/22/2015 12:00:00 AM,11/21/2015 12:00:00 AM,17273,8552,8721
9/22/2015 12:00:00 AM,11/22/2015 12:00:00 AM,16884,8351,8533
9/22/2015 12:00:00 AM,11/23/2015 12:00:00 AM,13968,6937,7031
9/22/2015 12:00:00 AM,11/24/2015 12:00:00 AM,11438,4865,6573
9/22/2015 12:00:00 AM,11/25/2015 12:00:00 AM,10173,4385,5788
9/22/2015 12:00:00 AM,11/26/2015 12:00:00 AM,9638,4385,5253
9/22/2015 12:00:00 AM,11/27/2015 12:00:00 AM,9773,4385,5388
9/22/2015 12:00:00 AM,11/28/2015 12:00:00 AM,9384,4312,5072
9/22/2015 12:00:00 AM,11/29/2015 12:00:00 AM,9615,4392,5223
9/22/2015 12:00:00 AM,11/30/2015 12:00:00 AM,9551,4307,5244
9/22/2015 12:00:00 AM,12/1/2015 12:00:00 AM,8779,4307,4472
9/22/2015 12:00:00 AM,12/2/2015 12:00:00 AM,8193,3721,4472
9/22/2015 12:00:00 AM,12/3/2015 12:00:00 AM,7348,3721,3627
9/22/2015 12:00:00 AM,12/4/2015 12:00:00 AM,7348,3721,3627
9/22/2015 12:00:00 AM,12/5/2015 12:00:00 AM,9023,5441,3582
9/22/2015 12:00:00 AM,12/6/2015 12:00:00 AM,8691,5267,3424
9/22/2015 12:00:00 AM,12/7/2015 12:00:00 AM,8736,5267,3469
9/22/2015 12:00:00 AM,12/8/2015 12:00:00 AM,7436,3967,3469
9/22/2015 12:00:00 AM,12/9/2015 12:00:00 AM,7436,3967,3469
9/22/2015 12:00:00 AM,12/10/2015 12:00:00 AM,7436,3967,3469
9/22/2015 12:00:00 AM,12/11/2015 12:00:00 AM,6835,3366,3469
9/22/2015 12:00:00 AM,12/12/2015 12:00:00 AM,7375,3951,3424
9/22/2015 12:00:00 AM,12/13/2015 12:00:00 AM,7079,3951,3128
9/22/2015 12:00:00 AM,12/14/2015 12:00:00 AM,6963,3951,3012
9/22/2015 12:00:00 AM,12/15/2015 12:00:00 AM,3676,2231,1445
9/22/2015 12:00:00 AM,12/16/2015 12:00:00 AM,3676,2231,1445
9/22/2015 12:00:00 AM,12/17/2015 12:00:00 AM,3676,2231,1445
9/22/2015 12:00:00 AM,12/18/2015 12:00:00 AM,3091,1646,1445
9/22/2015 12:00:00 AM,12/19/2015 12:00:00 AM,3078,1646,1432
9/22/2015 12:00:00 AM,12/20/2015 12:00:00 AM,3078,1646,1432
9/22/2015 12:00:00 AM,12/21/2015 12:00:00 AM,3078,1646,1432
9/22/2015 12:00:00 AM,12/22/2015 12:00:00 AM,1968,536,1432
9/21/2015 12:00:00 AM,9/22/2015 12:00:00 AM,17571,7577,9994
9/21/2015 12:00:00 AM,9/23/2015 12:00:00 AM,17946,7727,10219
9/21/2015 12:00:00 AM,9/24/2015 12:00:00 AM,17826,7627,10199
9/21/2015 12:00:00 AM,9/25/2015 12:00:00 AM,18431,7557,10874
9/21/2015 12:00:00 AM,9/26/2015 12:00:00 AM,24454,11639,12815
9/21/2015 12:00:00 AM,9/27/2015 12:00:00 AM,23432,11125,12307
9/21/2015 12:00:00 AM,9/28/2015 12:00:00 AM,24712,11265,13447
9/21/2015 12:00:00 AM,9/29/2015 12:00:00 AM,24715,11265,13450
9/21/2015 12:00:00 AM,9/30/2015 12:00:00 AM,26135,12325,13810
9/21/2015 12:00:00 AM,10/1/2015 12:00:00 AM,26159,11883,14276
9/21/2015 12:00:00 AM,10/2/2015 12:00:00 AM,27006,12175,14831
9/21/2015 12:00:00 AM,10/3/2015 12:00:00 AM,28448,12908,15540
9/21/2015 12:00:00 AM,10/4/2015 12:00:00 AM,29724,13364,16360
9/21/2015 12:00:00 AM,10/5/2015 12:00:00 AM,32660,14351,18309
9/21/2015 12:00:00 AM,10/6/2015 12:00:00 AM,31705,14351,17354
9/21/2015 12:00:00 AM,10/7/2015 12:00:00 AM,31146,13806,17340
9/21/2015 12:00:00 AM,10/8/2015 12:00:00 AM,32033,13956,18077
9/21/2015 12:00:00 AM,10/9/2015 12:00:00 AM,33085,14612,18473
9/21/2015 12:00:00 AM,10/10/2015 12:00:00 AM,36760,17913,18847
9/21/2015 12:00:00 AM,10/11/2015 12:00:00 AM,37001,18068,18933
9/21/2015 12:00:00 AM,10/12/2015 12:00:00 AM,34954,17104,17850
9/21/2015 12:00:00 AM,10/13/2015 12:00:00 AM,31726,14286,17440
9/21/2015 12:00:00 AM,10/14/2015 12:00:00 AM,31989,14436,17553
9/21/2015 12:00:00 AM,10/15/2015 12:00:00 AM,32614,14380,18234
9/21/2015 12:00:00 AM,10/16/2015 12:00:00 AM,32803,14641,18162
9/21/2015 12:00:00 AM,10/17/2015 12:00:00 AM,37114,15664,21450
9/21/2015 12:00:00 AM,10/18/2015 12:00:00 AM,36804,15214,21590
9/21/2015 12:00:00 AM,10/19/2015 12:00:00 AM,36048,14629,21419
9/21/2015 12:00:00 AM,10/20/2015 12:00:00 AM,35313,14288,21025
9/21/2015 12:00:00 AM,10/21/2015 12:00:00 AM,34088,14038,20050
9/21/2015 12:00:00 AM,10/22/2015 12:00:00 AM,34038,13751,20287
9/21/2015 12:00:00 AM,10/23/2015 12:00:00 AM,34427,14374,20053
9/21/2015 12:00:00 AM,10/24/2015 12:00:00 AM,33602,14906,18696
9/21/2015 12:00:00 AM,10/25/2015 12:00:00 AM,33355,14246,19109
9/21/2015 12:00:00 AM,10/26/2015 12:00:00 AM,33206,14284,18922
9/21/2015 12:00:00 AM,10/27/2015 12:00:00 AM,29484,12342,17142
9/21/2015 12:00:00 AM,10/28/2015 12:00:00 AM,29212,11862,17350
9/21/2015 12:00:00 AM,10/29/2015 12:00:00 AM,28953,11052,17901
9/21/2015 12:00:00 AM,10/30/2015 12:00:00 AM,31321,11733,19588
9/21/2015 12:00:00 AM,10/31/2015 12:00:00 AM,32409,13766,18643
9/21/2015 12:00:00 AM,11/1/2015 12:00:00 AM,32248,14289,17959
9/21/2015 12:00:00 AM,11/2/2015 12:00:00 AM,32811,15544,17267
9/21/2015 12:00:00 AM,11/3/2015 12:00:00 AM,32010,14743,17267
9/21/2015 12:00:00 AM,11/4/2015 12:00:00 AM,32217,14844,17373
9/21/2015 12:00:00 AM,11/5/2015 12:00:00 AM,30925,14175,16750
9/21/2015 12:00:00 AM,11/6/2015 12:00:00 AM,31706,14775,16931
9/21/2015 12:00:00 AM,11/7/2015 12:00:00 AM,31562,14454,17108
9/21/2015 12:00:00 AM,11/8/2015 12:00:00 AM,31536,14380,17156
9/21/2015 12:00:00 AM,11/9/2015 12:00:00 AM,30178,14086,16092
9/21/2015 12:00:00 AM,11/10/2015 12:00:00 AM,26423,11127,15296
9/21/2015 12:00:00 AM,11/11/2015 12:00:00 AM,26314,11127,15187
9/21/2015 12:00:00 AM,11/12/2015 12:00:00 AM,25597,11127,14470
9/21/2015 12:00:00 AM,11/13/2015 12:00:00 AM,25531,11044,14487
9/21/2015 12:00:00 AM,11/14/2015 12:00:00 AM,25296,11648,13648
9/21/2015 12:00:00 AM,11/15/2015 12:00:00 AM,23929,10977,12952
9/21/2015 12:00:00 AM,11/16/2015 12:00:00 AM,23068,10612,12456
9/21/2015 12:00:00 AM,11/17/2015 12:00:00 AM,19738,9871,9867
9/21/2015 12:00:00 AM,11/18/2015 12:00:00 AM,19121,9271,9850
9/21/2015 12:00:00 AM,11/19/2015 12:00:00 AM,18943,9271,9672
9/21/2015 12:00:00 AM,11/20/2015 12:00:00 AM,18387,8715,9672
9/21/2015 12:00:00 AM,11/21/2015 12:00:00 AM,17290,8569,8721
9/21/2015 12:00:00 AM,11/22/2015 12:00:00 AM,16901,8368,8533
9/21/2015 12:00:00 AM,11/23/2015 12:00:00 AM,13985,6954,7031
9/21/2015 12:00:00 AM,11/24/2015 12:00:00 AM,11455,4882,6573
9/21/2015 12:00:00 AM,11/25/2015 12:00:00 AM,10190,4402,5788
9/21/2015 12:00:00 AM,11/26/2015 12:00:00 AM,9655,4402,5253
9/21/2015 12:00:00 AM,11/27/2015 12:00:00 AM,9790,4402,5388
9/21/2015 12:00:00 AM,11/28/2015 12:00:00 AM,9401,4329,5072
9/21/2015 12:00:00 AM,11/29/2015 12:00:00 AM,9632,4409,5223
9/21/2015 12:00:00 AM,11/30/2015 12:00:00 AM,9568,4324,5244
9/21/2015 12:00:00 AM,12/1/2015 12:00:00 AM,8779,4307,4472
9/21/2015 12:00:00 AM,12/2/2015 12:00:00 AM,8193,3721,4472
9/21/2015 12:00:00 AM,12/3/2015 12:00:00 AM,7348,3721,3627
9/21/2015 12:00:00 AM,12/4/2015 12:00:00 AM,7348,3721,3627
9/21/2015 12:00:00 AM,12/5/2015 12:00:00 AM,9023,5441,3582
9/21/2015 12:00:00 AM,12/6/2015 12:00:00 AM,8691,5267,3424
9/21/2015 12:00:00 AM,12/7/2015 12:00:00 AM,8736,5267,3469
9/21/2015 12:00:00 AM,12/8/2015 12:00:00 AM,7436,3967,3469
9/21/2015 12:00:00 AM,12/9/2015 12:00:00 AM,7436,3967,3469
9/21/2015 12:00:00 AM,12/10/2015 12:00:00 AM,7436,3967,3469
9/21/2015 12:00:00 AM,12/11/2015 12:00:00 AM,6835,3366,3469
9/21/2015 12:00:00 AM,12/12/2015 12:00:00 AM,7375,3951,3424
9/21/2015 12:00:00 AM,12/13/2015 12:00:00 AM,7079,3951,3128
9/21/2015 12:00:00 AM,12/14/2015 12:00:00 AM,6963,3951,3012
9/21/2015 12:00:00 AM,12/15/2015 12:00:00 AM,3676,2231,1445
9/21/2015 12:00:00 AM,12/16/2015 12:00:00 AM,3676,2231,1445
9/21/2015 12:00:00 AM,12/17/2015 12:00:00 AM,3676,2231,1445
9/21/2015 12:00:00 AM,12/18/2015 12:00:00 AM,3091,1646,1445
9/21/2015 12:00:00 AM,12/19/2015 12:00:00 AM,3078,1646,1432
9/21/2015 12:00:00 AM,12/20/2015 12:00:00 AM,3078,1646,1432
9/21/2015 12:00:00 AM,12/21/2015 12:00:00 AM,3078,1646,1432
9/20/2015 12:00:00 AM,9/21/2015 12:00:00 AM,19153,9137,10016
9/20/2015 12:00:00 AM,9/22/2015 12:00:00 AM,17593,7577,10016
9/20/2015 12:00:00 AM,9/23/2015 12:00:00 AM,17968,7727,10241
9/20/2015 12:00:00 AM,9/24/2015 12:00:00 AM,17848,7627,10221
9/20/2015 12:00:00 AM,9/25/2015 12:00:00 AM,18453,7557,10896
9/20/2015 12:00:00 AM,9/26/2015 12:00:00 AM,24476,11639,12837
9/20/2015 12:00:00 AM,9/27/2015 12:00:00 AM,23454,11125,12329
9/20/2015 12:00:00 AM,9/28/2015 12:00:00 AM,24734,11265,13469
9/20/2015 12:00:00 AM,9/29/2015 12:00:00 AM,24737,11265,13472
9/20/2015 12:00:00 AM,9/30/2015 12:00:00 AM,26157,12325,13832
9/20/2015 12:00:00 AM,10/1/2015 12:00:00 AM,26159,11883,14276
9/20/2015 12:00:00 AM,10/2/2015 12:00:00 AM,27006,12175,14831
9/20/2015 12:00:00 AM,10/3/2015 12:00:00 AM,28448,12908,15540
9/20/2015 12:00:00 AM,10/4/2015 12:00:00 AM,29724,13364,16360
9/20/2015 12:00:00 AM,10/5/2015 12:00:00 AM,32660,14351,18309
9/20/2015 12:00:00 AM,10/6/2015 12:00:00 AM,31705,14351,17354
9/20/2015 12:00:00 AM,10/7/2015 12:00:00 AM,31146,13806,17340
9/20/2015 12:00:00 AM,10/8/2015 12:00:00 AM,32033,13956,18077
9/20/2015 12:00:00 AM,10/9/2015 12:00:00 AM,33085,14612,18473
9/20/2015 12:00:00 AM,10/10/2015 12:00:00 AM,36760,17913,18847
9/20/2015 12:00:00 AM,10/11/2015 12:00:00 AM,37001,18068,18933
9/20/2015 12:00:00 AM,10/12/2015 12:00:00 AM,34954,17104,17850
9/20/2015 12:00:00 AM,10/13/2015 12:00:00 AM,31726,14286,17440
9/20/2015 12:00:00 AM,10/14/2015 12:00:00 AM,31989,14436,17553
9/20/2015 12:00:00 AM,10/15/2015 12:00:00 AM,32614,14380,18234
9/20/2015 12:00:00 AM,10/16/2015 12:00:00 AM,32803,14641,18162
9/20/2015 12:00:00 AM,10/17/2015 12:00:00 AM,37114,15664,21450
9/20/2015 12:00:00 AM,10/18/2015 12:00:00 AM,36804,15214,21590
9/20/2015 12:00:00 AM,10/19/2015 12:00:00 AM,36048,14629,21419
9/20/2015 12:00:00 AM,10/20/2015 12:00:00 AM,35313,14288,21025
9/20/2015 12:00:00 AM,10/21/2015 12:00:00 AM,34088,14038,20050
9/20/2015 12:00:00 AM,10/22/2015 12:00:00 AM,34038,13751,20287
9/20/2015 12:00:00 AM,10/23/2015 12:00:00 AM,34427,14374,20053
9/20/2015 12:00:00 AM,10/24/2015 12:00:00 AM,33602,14906,18696
9/20/2015 12:00:00 AM,10/25/2015 12:00:00 AM,33355,14246,19109
9/20/2015 12:00:00 AM,10/26/2015 12:00:00 AM,33206,14284,18922
9/20/2015 12:00:00 AM,10/27/2015 12:00:00 AM,29484,12342,17142
9/20/2015 12:00:00 AM,10/28/2015 12:00:00 AM,29212,11862,17350
9/20/2015 12:00:00 AM,10/29/2015 12:00:00 AM,28953,11052,17901
9/20/2015 12:00:00 AM,10/30/2015 12:00:00 AM,31321,11733,19588
9/20/2015 12:00:00 AM,10/31/2015 12:00:00 AM,32409,13766,18643
9/20/2015 12:00:00 AM,11/1/2015 12:00:00 AM,32248,14289,17959
9/20/2015 12:00:00 AM,11/2/2015 12:00:00 AM,32811,15544,17267
9/20/2015 12:00:00 AM,11/3/2015 12:00:00 AM,32010,14743,17267
9/20/2015 12:00:00 AM,11/4/2015 12:00:00 AM,32217,14844,17373
9/20/2015 12:00:00 AM,11/5/2015 12:00:00 AM,30925,14175,16750
9/20/2015 12:00:00 AM,11/6/2015 12:00:00 AM,31706,14775,16931
9/20/2015 12:00:00 AM,11/7/2015 12:00:00 AM,31562,14454,17108
9/20/2015 12:00:00 AM,11/8/2015 12:00:00 AM,31536,14380,17156
9/20/2015 12:00:00 AM,11/9/2015 12:00:00 AM,30178,14086,16092
9/20/2015 12:00:00 AM,11/10/2015 12:00:00 AM,26423,11127,15296
9/20/2015 12:00:00 AM,11/11/2015 12:00:00 AM,26314,11127,15187
9/20/2015 12:00:00 AM,11/12/2015 12:00:00 AM,25597,11127,14470
9/20/2015 12:00:00 AM,11/13/2015 12:00:00 AM,25531,11044,14487
9/20/2015 12:00:00 AM,11/14/2015 12:00:00 AM,25296,11648,13648
9/20/2015 12:00:00 AM,11/15/2015 12:00:00 AM,23929,10977,12952
9/20/2015 12:00:00 AM,11/16/2015 12:00:00 AM,23068,10612,12456
9/20/2015 12:00:00 AM,11/17/2015 12:00:00 AM,19738,9871,9867
9/20/2015 12:00:00 AM,11/18/2015 12:00:00 AM,19121,9271,9850
9/20/2015 12:00:00 AM,11/19/2015 12:00:00 AM,18943,9271,9672
9/20/2015 12:00:00 AM,11/20/2015 12:00:00 AM,18387,8715,9672
9/20/2015 12:00:00 AM,11/21/2015 12:00:00 AM,17290,8569,8721
9/20/2015 12:00:00 AM,11/22/2015 12:00:00 AM,16901,8368,8533
9/20/2015 12:00:00 AM,11/23/2015 12:00:00 AM,13985,6954,7031
9/20/2015 12:00:00 AM,11/24/2015 12:00:00 AM,11455,4882,6573
9/20/2015 12:00:00 AM,11/25/2015 12:00:00 AM,10190,4402,5788
9/20/2015 12:00:00 AM,11/26/2015 12:00:00 AM,9655,4402,5253
9/20/2015 12:00:00 AM,11/27/2015 12:00:00 AM,9790,4402,5388
9/20/2015 12:00:00 AM,11/28/2015 12:00:00 AM,9401,4329,5072
9/20/2015 12:00:00 AM,11/29/2015 12:00:00 AM,9632,4409,5223
9/20/2015 12:00:00 AM,11/30/2015 12:00:00 AM,9568,4324,5244
9/20/2015 12:00:00 AM,12/1/2015 12:00:00 AM,8779,4307,4472
9/20/2015 12:00:00 AM,12/2/2015 12:00:00 AM,8193,3721,4472
9/20/2015 12:00:00 AM,12/3/2015 12:00:00 AM,7348,3721,3627
9/20/2015 12:00:00 AM,12/4/2015 12:00:00 AM,7348,3721,3627
9/20/2015 12:00:00 AM,12/5/2015 12:00:00 AM,9023,5441,3582
9/20/2015 12:00:00 AM,12/6/2015 12:00:00 AM,8691,5267,3424
9/20/2015 12:00:00 AM,12/7/2015 12:00:00 AM,8736,5267,3469
9/20/2015 12:00:00 AM,12/8/2015 12:00:00 AM,7436,3967,3469
9/20/2015 12:00:00 AM,12/9/2015 12:00:00 AM,7436,3967,3469
9/20/2015 12:00:00 AM,12/10/2015 12:00:00 AM,7436,3967,3469
9/20/2015 12:00:00 AM,12/11/2015 12:00:00 AM,6835,3366,3469
9/20/2015 12:00:00 AM,12/12/2015 12:00:00 AM,7375,3951,3424
9/20/2015 12:00:00 AM,12/13/2015 12:00:00 AM,7079,3951,3128
9/20/2015 12:00:00 AM,12/14/2015 12:00:00 AM,6963,3951,3012
9/20/2015 12:00:00 AM,12/15/2015 12:00:00 AM,3676,2231,1445
9/20/2015 12:00:00 AM,12/16/2015 12:00:00 AM,3676,2231,1445
9/20/2015 12:00:00 AM,12/17/2015 12:00:00 AM,3676,2231,1445
9/20/2015 12:00:00 AM,12/18/2015 12:00:00 AM,3091,1646,1445
9/20/2015 12:00:00 AM,12/19/2015 12:00:00 AM,3078,1646,1432
9/20/2015 12:00:00 AM,12/20/2015 12:00:00 AM,3078,1646,1432
9/19/2015 12:00:00 AM,9/20/2015 12:00:00 AM,16713,8335,8378
9/19/2015 12:00:00 AM,9/21/2015 12:00:00 AM,19216,9200,10016
9/19/2015 12:00:00 AM,9/22/2015 12:00:00 AM,17715,7699,10016
9/19/2015 12:00:00 AM,9/23/2015 12:00:00 AM,18090,7849,10241
9/19/2015 12:00:00 AM,9/24/2015 12:00:00 AM,17970,7749,10221
9/19/2015 12:00:00 AM,9/25/2015 12:00:00 AM,18516,7620,10896
9/19/2015 12:00:00 AM,9/26/2015 12:00:00 AM,24480,11643,12837
9/19/2015 12:00:00 AM,9/27/2015 12:00:00 AM,23458,11129,12329
9/19/2015 12:00:00 AM,9/28/2015 12:00:00 AM,24738,11269,13469
9/19/2015 12:00:00 AM,9/29/2015 12:00:00 AM,24741,11269,13472
9/19/2015 12:00:00 AM,9/30/2015 12:00:00 AM,26161,12329,13832
9/19/2015 12:00:00 AM,10/1/2015 12:00:00 AM,26163,11887,14276
9/19/2015 12:00:00 AM,10/2/2015 12:00:00 AM,27010,12179,14831
9/19/2015 12:00:00 AM,10/3/2015 12:00:00 AM,28452,12912,15540
9/19/2015 12:00:00 AM,10/4/2015 12:00:00 AM,29728,13368,16360
9/19/2015 12:00:00 AM,10/5/2015 12:00:00 AM,32664,14355,18309
9/19/2015 12:00:00 AM,10/6/2015 12:00:00 AM,31709,14355,17354
9/19/2015 12:00:00 AM,10/7/2015 12:00:00 AM,31150,13810,17340
9/19/2015 12:00:00 AM,10/8/2015 12:00:00 AM,32037,13960,18077
9/19/2015 12:00:00 AM,10/9/2015 12:00:00 AM,33089,14616,18473
9/19/2015 12:00:00 AM,10/10/2015 12:00:00 AM,36764,17917,18847
9/19/2015 12:00:00 AM,10/11/2015 12:00:00 AM,37005,18072,18933
9/19/2015 12:00:00 AM,10/12/2015 12:00:00 AM,34958,17108,17850
9/19/2015 12:00:00 AM,10/13/2015 12:00:00 AM,31726,14286,17440
9/19/2015 12:00:00 AM,10/14/2015 12:00:00 AM,31989,14436,17553
9/19/2015 12:00:00 AM,10/15/2015 12:00:00 AM,32614,14380,18234
9/19/2015 12:00:00 AM,10/16/2015 12:00:00 AM,32803,14641,18162
9/19/2015 12:00:00 AM,10/17/2015 12:00:00 AM,37114,15664,21450
9/19/2015 12:00:00 AM,10/18/2015 12:00:00 AM,36804,15214,21590
9/19/2015 12:00:00 AM,10/19/2015 12:00:00 AM,35989,14570,21419
9/19/2015 12:00:00 AM,10/20/2015 12:00:00 AM,35195,14170,21025
9/19/2015 12:00:00 AM,10/21/2015 12:00:00 AM,33970,13920,20050
9/19/2015 12:00:00 AM,10/22/2015 12:00:00 AM,33920,13633,20287
9/19/2015 12:00:00 AM,10/23/2015 12:00:00 AM,34368,14315,20053
9/19/2015 12:00:00 AM,10/24/2015 12:00:00 AM,33602,14906,18696
9/19/2015 12:00:00 AM,10/25/2015 12:00:00 AM,33355,14246,19109
9/19/2015 12:00:00 AM,10/26/2015 12:00:00 AM,33206,14284,18922
9/19/2015 12:00:00 AM,10/27/2015 12:00:00 AM,29484,12342,17142
9/19/2015 12:00:00 AM,10/28/2015 12:00:00 AM,29212,11862,17350
9/19/2015 12:00:00 AM,10/29/2015 12:00:00 AM,28953,11052,17901
9/19/2015 12:00:00 AM,10/30/2015 12:00:00 AM,31321,11733,19588
9/19/2015 12:00:00 AM,10/31/2015 12:00:00 AM,32409,13766,18643
9/19/2015 12:00:00 AM,11/1/2015 12:00:00 AM,32248,14289,17959
9/19/2015 12:00:00 AM,11/2/2015 12:00:00 AM,32811,15544,17267
9/19/2015 12:00:00 AM,11/3/2015 12:00:00 AM,32010,14743,17267
9/19/2015 12:00:00 AM,11/4/2015 12:00:00 AM,32217,14844,17373
9/19/2015 12:00:00 AM,11/5/2015 12:00:00 AM,30925,14175,16750
9/19/2015 12:00:00 AM,11/6/2015 12:00:00 AM,31706,14775,16931
9/19/2015 12:00:00 AM,11/7/2015 12:00:00 AM,31562,14454,17108
9/19/2015 12:00:00 AM,11/8/2015 12:00:00 AM,31536,14380,17156
9/19/2015 12:00:00 AM,11/9/2015 12:00:00 AM,30178,14086,16092
9/19/2015 12:00:00 AM,11/10/2015 12:00:00 AM,26423,11127,15296
9/19/2015 12:00:00 AM,11/11/2015 12:00:00 AM,26314,11127,15187
9/19/2015 12:00:00 AM,11/12/2015 12:00:00 AM,25597,11127,14470
9/19/2015 12:00:00 AM,11/13/2015 12:00:00 AM,25531,11044,14487
9/19/2015 12:00:00 AM,11/14/2015 12:00:00 AM,25296,11648,13648
9/19/2015 12:00:00 AM,11/15/2015 12:00:00 AM,23929,10977,12952
9/19/2015 12:00:00 AM,11/16/2015 12:00:00 AM,23068,10612,12456
9/19/2015 12:00:00 AM,11/17/2015 12:00:00 AM,19738,9871,9867
9/19/2015 12:00:00 AM,11/18/2015 12:00:00 AM,19121,9271,9850
9/19/2015 12:00:00 AM,11/19/2015 12:00:00 AM,18943,9271,9672
9/19/2015 12:00:00 AM,11/20/2015 12:00:00 AM,18387,8715,9672
9/19/2015 12:00:00 AM,11/21/2015 12:00:00 AM,17290,8569,8721
9/19/2015 12:00:00 AM,11/22/2015 12:00:00 AM,16901,8368,8533
9/19/2015 12:00:00 AM,11/23/2015 12:00:00 AM,13985,6954,7031
9/19/2015 12:00:00 AM,11/24/2015 12:00:00 AM,11455,4882,6573
9/19/2015 12:00:00 AM,11/25/2015 12:00:00 AM,10190,4402,5788
9/19/2015 12:00:00 AM,11/26/2015 12:00:00 AM,9655,4402,5253
9/19/2015 12:00:00 AM,11/27/2015 12:00:00 AM,9790,4402,5388
9/19/2015 12:00:00 AM,11/28/2015 12:00:00 AM,9401,4329,5072
9/19/2015 12:00:00 AM,11/29/2015 12:00:00 AM,9632,4409,5223
9/19/2015 12:00:00 AM,11/30/2015 12:00:00 AM,9568,4324,5244
9/19/2015 12:00:00 AM,12/1/2015 12:00:00 AM,8779,4307,4472
9/19/2015 12:00:00 AM,12/2/2015 12:00:00 AM,8193,3721,4472
9/19/2015 12:00:00 AM,12/3/2015 12:00:00 AM,7348,3721,3627
9/19/2015 12:00:00 AM,12/4/2015 12:00:00 AM,7348,3721,3627
9/19/2015 12:00:00 AM,12/5/2015 12:00:00 AM,9023,5441,3582
9/19/2015 12:00:00 AM,12/6/2015 12:00:00 AM,8691,5267,3424
9/19/2015 12:00:00 AM,12/7/2015 12:00:00 AM,8736,5267,3469
9/19/2015 12:00:00 AM,12/8/2015 12:00:00 AM,7436,3967,3469
9/19/2015 12:00:00 AM,12/9/2015 12:00:00 AM,7436,3967,3469
9/19/2015 12:00:00 AM,12/10/2015 12:00:00 AM,7436,3967,3469
9/19/2015 12:00:00 AM,12/11/2015 12:00:00 AM,6835,3366,3469
9/19/2015 12:00:00 AM,12/12/2015 12:00:00 AM,7375,3951,3424
9/19/2015 12:00:00 AM,12/13/2015 12:00:00 AM,7079,3951,3128
9/19/2015 12:00:00 AM,12/14/2015 12:00:00 AM,6963,3951,3012
9/19/2015 12:00:00 AM,12/15/2015 12:00:00 AM,3676,2231,1445
9/19/2015 12:00:00 AM,12/16/2015 12:00:00 AM,3676,2231,1445
9/19/2015 12:00:00 AM,12/17/2015 12:00:00 AM,3676,2231,1445
9/19/2015 12:00:00 AM,12/18/2015 12:00:00 AM,3091,1646,1445
9/19/2015 12:00:00 AM,12/19/2015 12:00:00 AM,3078,1646,1432
9/18/2015 12:00:00 AM,9/19/2015 12:00:00 AM,17032,8225,8807
9/18/2015 12:00:00 AM,9/20/2015 12:00:00 AM,16713,8335,8378
9/18/2015 12:00:00 AM,9/21/2015 12:00:00 AM,19216,9200,10016
9/18/2015 12:00:00 AM,9/22/2015 12:00:00 AM,17715,7699,10016
9/18/2015 12:00:00 AM,9/23/2015 12:00:00 AM,18090,7849,10241
9/18/2015 12:00:00 AM,9/24/2015 12:00:00 AM,17970,7749,10221
9/18/2015 12:00:00 AM,9/25/2015 12:00:00 AM,17896,7620,10276
9/18/2015 12:00:00 AM,9/26/2015 12:00:00 AM,23860,11643,12217
9/18/2015 12:00:00 AM,9/27/2015 12:00:00 AM,22838,11129,11709
9/18/2015 12:00:00 AM,9/28/2015 12:00:00 AM,24155,11306,12849
9/18/2015 12:00:00 AM,9/29/2015 12:00:00 AM,24303,11451,12852
9/18/2015 12:00:00 AM,9/30/2015 12:00:00 AM,25723,12511,13212
9/18/2015 12:00:00 AM,10/1/2015 12:00:00 AM,26345,12069,14276
9/18/2015 12:00:00 AM,10/2/2015 12:00:00 AM,27192,12361,14831
9/18/2015 12:00:00 AM,10/3/2015 12:00:00 AM,28597,13057,15540
9/18/2015 12:00:00 AM,10/4/2015 12:00:00 AM,29881,13513,16368
9/18/2015 12:00:00 AM,10/5/2015 12:00:00 AM,32664,14355,18309
9/18/2015 12:00:00 AM,10/6/2015 12:00:00 AM,31710,14355,17355
9/18/2015 12:00:00 AM,10/7/2015 12:00:00 AM,31151,13810,17341
9/18/2015 12:00:00 AM,10/8/2015 12:00:00 AM,32038,13960,18078
9/18/2015 12:00:00 AM,10/9/2015 12:00:00 AM,33090,14616,18474
9/18/2015 12:00:00 AM,10/10/2015 12:00:00 AM,36620,17772,18848
9/18/2015 12:00:00 AM,10/11/2015 12:00:00 AM,36861,17927,18934
9/18/2015 12:00:00 AM,10/12/2015 12:00:00 AM,35631,17000,18631
9/18/2015 12:00:00 AM,10/13/2015 12:00:00 AM,32254,14033,18221
9/18/2015 12:00:00 AM,10/14/2015 12:00:00 AM,32517,14183,18334
9/18/2015 12:00:00 AM,10/15/2015 12:00:00 AM,32862,14127,18735
9/18/2015 12:00:00 AM,10/16/2015 12:00:00 AM,33051,14388,18663
9/18/2015 12:00:00 AM,10/17/2015 12:00:00 AM,37605,15374,22231
9/18/2015 12:00:00 AM,10/18/2015 12:00:00 AM,36515,14924,21591
9/18/2015 12:00:00 AM,10/19/2015 12:00:00 AM,35845,14425,21420
9/18/2015 12:00:00 AM,10/20/2015 12:00:00 AM,35051,14025,21026
9/18/2015 12:00:00 AM,10/21/2015 12:00:00 AM,33826,13775,20051
9/18/2015 12:00:00 AM,10/22/2015 12:00:00 AM,33776,13488,20288
9/18/2015 12:00:00 AM,10/23/2015 12:00:00 AM,34224,14170,20054
9/18/2015 12:00:00 AM,10/24/2015 12:00:00 AM,33603,14906,18697
9/18/2015 12:00:00 AM,10/25/2015 12:00:00 AM,33356,14246,19110
9/18/2015 12:00:00 AM,10/26/2015 12:00:00 AM,33244,14321,18923
9/18/2015 12:00:00 AM,10/27/2015 12:00:00 AM,29522,12379,17143
9/18/2015 12:00:00 AM,10/28/2015 12:00:00 AM,29250,11899,17351
9/18/2015 12:00:00 AM,10/29/2015 12:00:00 AM,28991,11089,17902
9/18/2015 12:00:00 AM,10/30/2015 12:00:00 AM,31359,11770,19589
9/18/2015 12:00:00 AM,10/31/2015 12:00:00 AM,32410,13766,18644
9/18/2015 12:00:00 AM,11/1/2015 12:00:00 AM,32249,14289,17960
9/18/2015 12:00:00 AM,11/2/2015 12:00:00 AM,32811,15544,17267
9/18/2015 12:00:00 AM,11/3/2015 12:00:00 AM,32010,14743,17267
9/18/2015 12:00:00 AM,11/4/2015 12:00:00 AM,32217,14844,17373
9/18/2015 12:00:00 AM,11/5/2015 12:00:00 AM,30925,14175,16750
9/18/2015 12:00:00 AM,11/6/2015 12:00:00 AM,31706,14775,16931
9/18/2015 12:00:00 AM,11/7/2015 12:00:00 AM,31562,14454,17108
9/18/2015 12:00:00 AM,11/8/2015 12:00:00 AM,31536,14380,17156
9/18/2015 12:00:00 AM,11/9/2015 12:00:00 AM,30178,14086,16092
9/18/2015 12:00:00 AM,11/10/2015 12:00:00 AM,26423,11127,15296
9/18/2015 12:00:00 AM,11/11/2015 12:00:00 AM,26314,11127,15187
9/18/2015 12:00:00 AM,11/12/2015 12:00:00 AM,25597,11127,14470
9/18/2015 12:00:00 AM,11/13/2015 12:00:00 AM,25531,11044,14487
9/18/2015 12:00:00 AM,11/14/2015 12:00:00 AM,25296,11648,13648
9/18/2015 12:00:00 AM,11/15/2015 12:00:00 AM,23929,10977,12952
9/18/2015 12:00:00 AM,11/16/2015 12:00:00 AM,23068,10612,12456
9/18/2015 12:00:00 AM,11/17/2015 12:00:00 AM,19738,9871,9867
9/18/2015 12:00:00 AM,11/18/2015 12:00:00 AM,19121,9271,9850
9/18/2015 12:00:00 AM,11/19/2015 12:00:00 AM,18943,9271,9672
9/18/2015 12:00:00 AM,11/20/2015 12:00:00 AM,18387,8715,9672
9/18/2015 12:00:00 AM,11/21/2015 12:00:00 AM,17290,8569,8721
9/18/2015 12:00:00 AM,11/22/2015 12:00:00 AM,16901,8368,8533
9/18/2015 12:00:00 AM,11/23/2015 12:00:00 AM,14022,6991,7031
9/18/2015 12:00:00 AM,11/24/2015 12:00:00 AM,11492,4919,6573
9/18/2015 12:00:00 AM,11/25/2015 12:00:00 AM,10227,4439,5788
9/18/2015 12:00:00 AM,11/26/2015 12:00:00 AM,9692,4439,5253
9/18/2015 12:00:00 AM,11/27/2015 12:00:00 AM,9827,4439,5388
9/18/2015 12:00:00 AM,11/28/2015 12:00:00 AM,9401,4329,5072
9/18/2015 12:00:00 AM,11/29/2015 12:00:00 AM,9632,4409,5223
9/18/2015 12:00:00 AM,11/30/2015 12:00:00 AM,9568,4324,5244
9/18/2015 12:00:00 AM,12/1/2015 12:00:00 AM,8779,4307,4472
9/18/2015 12:00:00 AM,12/2/2015 12:00:00 AM,8193,3721,4472
9/18/2015 12:00:00 AM,12/3/2015 12:00:00 AM,7348,3721,3627
9/18/2015 12:00:00 AM,12/4/2015 12:00:00 AM,7348,3721,3627
9/18/2015 12:00:00 AM,12/5/2015 12:00:00 AM,9023,5441,3582
9/18/2015 12:00:00 AM,12/6/2015 12:00:00 AM,8691,5267,3424
9/18/2015 12:00:00 AM,12/7/2015 12:00:00 AM,8773,5304,3469
9/18/2015 12:00:00 AM,12/8/2015 12:00:00 AM,7473,4004,3469
9/18/2015 12:00:00 AM,12/9/2015 12:00:00 AM,7473,4004,3469
9/18/2015 12:00:00 AM,12/10/2015 12:00:00 AM,7473,4004,3469
9/18/2015 12:00:00 AM,12/11/2015 12:00:00 AM,6872,3403,3469
9/18/2015 12:00:00 AM,12/12/2015 12:00:00 AM,6790,3366,3424
9/18/2015 12:00:00 AM,12/13/2015 12:00:00 AM,6494,3366,3128
9/18/2015 12:00:00 AM,12/14/2015 12:00:00 AM,6378,3366,3012
9/18/2015 12:00:00 AM,12/15/2015 12:00:00 AM,3091,1646,1445
9/18/2015 12:00:00 AM,12/16/2015 12:00:00 AM,3091,1646,1445
9/18/2015 12:00:00 AM,12/17/2015 12:00:00 AM,3091,1646,1445
9/18/2015 12:00:00 AM,12/18/2015 12:00:00 AM,3091,1646,1445
9/17/2015 12:00:00 AM,9/18/2015 12:00:00 AM,14941,6824,8117
9/17/2015 12:00:00 AM,9/19/2015 12:00:00 AM,17032,8225,8807
9/17/2015 12:00:00 AM,9/20/2015 12:00:00 AM,16713,8335,8378
9/17/2015 12:00:00 AM,9/21/2015 12:00:00 AM,19216,9200,10016
9/17/2015 12:00:00 AM,9/22/2015 12:00:00 AM,17715,7699,10016
9/17/2015 12:00:00 AM,9/23/2015 12:00:00 AM,18090,7849,10241
9/17/2015 12:00:00 AM,9/24/2015 12:00:00 AM,17970,7749,10221
9/17/2015 12:00:00 AM,9/25/2015 12:00:00 AM,17896,7620,10276
9/17/2015 12:00:00 AM,9/26/2015 12:00:00 AM,23860,11643,12217
9/17/2015 12:00:00 AM,9/27/2015 12:00:00 AM,22838,11129,11709
9/17/2015 12:00:00 AM,9/28/2015 12:00:00 AM,24155,11306,12849
9/17/2015 12:00:00 AM,9/29/2015 12:00:00 AM,24303,11451,12852
9/17/2015 12:00:00 AM,9/30/2015 12:00:00 AM,25723,12511,13212
9/17/2015 12:00:00 AM,10/1/2015 12:00:00 AM,26345,12069,14276
9/17/2015 12:00:00 AM,10/2/2015 12:00:00 AM,27192,12361,14831
9/17/2015 12:00:00 AM,10/3/2015 12:00:00 AM,28622,13057,15565
9/17/2015 12:00:00 AM,10/4/2015 12:00:00 AM,29906,13513,16393
9/17/2015 12:00:00 AM,10/5/2015 12:00:00 AM,32689,14355,18334
9/17/2015 12:00:00 AM,10/6/2015 12:00:00 AM,31735,14355,17380
9/17/2015 12:00:00 AM,10/7/2015 12:00:00 AM,31176,13810,17366
9/17/2015 12:00:00 AM,10/8/2015 12:00:00 AM,32063,13960,18103
9/17/2015 12:00:00 AM,10/9/2015 12:00:00 AM,33115,14616,18499
9/17/2015 12:00:00 AM,10/10/2015 12:00:00 AM,36025,17772,18253
9/17/2015 12:00:00 AM,10/11/2015 12:00:00 AM,36266,17927,18339
9/17/2015 12:00:00 AM,10/12/2015 12:00:00 AM,35036,17000,18036
9/17/2015 12:00:00 AM,10/13/2015 12:00:00 AM,31659,14033,17626
9/17/2015 12:00:00 AM,10/14/2015 12:00:00 AM,31897,14183,17714
9/17/2015 12:00:00 AM,10/15/2015 12:00:00 AM,32242,14127,18115
9/17/2015 12:00:00 AM,10/16/2015 12:00:00 AM,32431,14388,18043
9/17/2015 12:00:00 AM,10/17/2015 12:00:00 AM,36985,15374,21611
9/17/2015 12:00:00 AM,10/18/2015 12:00:00 AM,35968,14997,20971
9/17/2015 12:00:00 AM,10/19/2015 12:00:00 AM,35780,14498,21282
9/17/2015 12:00:00 AM,10/20/2015 12:00:00 AM,34986,14098,20888
9/17/2015 12:00:00 AM,10/21/2015 12:00:00 AM,33761,13848,19913
9/17/2015 12:00:00 AM,10/22/2015 12:00:00 AM,33711,13561,20150
9/17/2015 12:00:00 AM,10/23/2015 12:00:00 AM,34159,14243,19916
9/17/2015 12:00:00 AM,10/24/2015 12:00:00 AM,33538,14979,18559
9/17/2015 12:00:00 AM,10/25/2015 12:00:00 AM,33216,14244,18972
9/17/2015 12:00:00 AM,10/26/2015 12:00:00 AM,33104,14319,18785
9/17/2015 12:00:00 AM,10/27/2015 12:00:00 AM,29382,12377,17005
9/17/2015 12:00:00 AM,10/28/2015 12:00:00 AM,29110,11897,17213
9/17/2015 12:00:00 AM,10/29/2015 12:00:00 AM,28851,11087,17764
9/17/2015 12:00:00 AM,10/30/2015 12:00:00 AM,31219,11768,19451
9/17/2015 12:00:00 AM,10/31/2015 12:00:00 AM,32232,13766,18466
9/17/2015 12:00:00 AM,11/1/2015 12:00:00 AM,32071,14289,17782
9/17/2015 12:00:00 AM,11/2/2015 12:00:00 AM,32633,15544,17089
9/17/2015 12:00:00 AM,11/3/2015 12:00:00 AM,31832,14743,17089
9/17/2015 12:00:00 AM,11/4/2015 12:00:00 AM,31999,14844,17155
9/17/2015 12:00:00 AM,11/5/2015 12:00:00 AM,30707,14175,16532
9/17/2015 12:00:00 AM,11/6/2015 12:00:00 AM,31488,14775,16713
9/17/2015 12:00:00 AM,11/7/2015 12:00:00 AM,31384,14454,16930
9/17/2015 12:00:00 AM,11/8/2015 12:00:00 AM,31358,14380,16978
9/17/2015 12:00:00 AM,11/9/2015 12:00:00 AM,30000,14086,15914
9/17/2015 12:00:00 AM,11/10/2015 12:00:00 AM,26245,11127,15118
9/17/2015 12:00:00 AM,11/11/2015 12:00:00 AM,26176,11127,15049
9/17/2015 12:00:00 AM,11/12/2015 12:00:00 AM,25459,11127,14332
9/17/2015 12:00:00 AM,11/13/2015 12:00:00 AM,25393,11044,14349
9/17/2015 12:00:00 AM,11/14/2015 12:00:00 AM,25158,11648,13510
9/17/2015 12:00:00 AM,11/15/2015 12:00:00 AM,23791,10977,12814
9/17/2015 12:00:00 AM,11/16/2015 12:00:00 AM,22930,10612,12318
9/17/2015 12:00:00 AM,11/17/2015 12:00:00 AM,19738,9871,9867
9/17/2015 12:00:00 AM,11/18/2015 12:00:00 AM,19121,9271,9850
9/17/2015 12:00:00 AM,11/19/2015 12:00:00 AM,18943,9271,9672
9/17/2015 12:00:00 AM,11/20/2015 12:00:00 AM,18387,8715,9672
9/17/2015 12:00:00 AM,11/21/2015 12:00:00 AM,17290,8569,8721
9/17/2015 12:00:00 AM,11/22/2015 12:00:00 AM,16901,8368,8533
9/17/2015 12:00:00 AM,11/23/2015 12:00:00 AM,14022,6991,7031
9/17/2015 12:00:00 AM,11/24/2015 12:00:00 AM,11492,4919,6573
9/17/2015 12:00:00 AM,11/25/2015 12:00:00 AM,10227,4439,5788
9/17/2015 12:00:00 AM,11/26/2015 12:00:00 AM,9692,4439,5253
9/17/2015 12:00:00 AM,11/27/2015 12:00:00 AM,9827,4439,5388
9/17/2015 12:00:00 AM,11/28/2015 12:00:00 AM,9401,4329,5072
9/17/2015 12:00:00 AM,11/29/2015 12:00:00 AM,9632,4409,5223
9/17/2015 12:00:00 AM,11/30/2015 12:00:00 AM,9568,4324,5244
9/17/2015 12:00:00 AM,12/1/2015 12:00:00 AM,8779,4307,4472
9/17/2015 12:00:00 AM,12/2/2015 12:00:00 AM,8193,3721,4472
9/17/2015 12:00:00 AM,12/3/2015 12:00:00 AM,7348,3721,3627
9/17/2015 12:00:00 AM,12/4/2015 12:00:00 AM,7348,3721,3627
9/17/2015 12:00:00 AM,12/5/2015 12:00:00 AM,9023,5441,3582
9/17/2015 12:00:00 AM,12/6/2015 12:00:00 AM,8691,5267,3424
9/17/2015 12:00:00 AM,12/7/2015 12:00:00 AM,8773,5304,3469
9/17/2015 12:00:00 AM,12/8/2015 12:00:00 AM,7473,4004,3469
9/17/2015 12:00:00 AM,12/9/2015 12:00:00 AM,7473,4004,3469
9/17/2015 12:00:00 AM,12/10/2015 12:00:00 AM,7473,4004,3469
9/17/2015 12:00:00 AM,12/11/2015 12:00:00 AM,6872,3403,3469
9/17/2015 12:00:00 AM,12/12/2015 12:00:00 AM,6790,3366,3424
9/17/2015 12:00:00 AM,12/13/2015 12:00:00 AM,6494,3366,3128
9/17/2015 12:00:00 AM,12/14/2015 12:00:00 AM,6378,3366,3012
9/17/2015 12:00:00 AM,12/15/2015 12:00:00 AM,3091,1646,1445
9/17/2015 12:00:00 AM,12/16/2015 12:00:00 AM,3091,1646,1445
9/17/2015 12:00:00 AM,12/17/2015 12:00:00 AM,3091,1646,1445
9/16/2015 12:00:00 AM,9/17/2015 12:00:00 AM,13115,6393,6722
9/16/2015 12:00:00 AM,9/18/2015 12:00:00 AM,14978,6861,8117
9/16/2015 12:00:00 AM,9/19/2015 12:00:00 AM,17032,8225,8807
9/16/2015 12:00:00 AM,9/20/2015 12:00:00 AM,16713,8335,8378
9/16/2015 12:00:00 AM,9/21/2015 12:00:00 AM,19216,9200,10016
9/16/2015 12:00:00 AM,9/22/2015 12:00:00 AM,17715,7699,10016
9/16/2015 12:00:00 AM,9/23/2015 12:00:00 AM,18090,7849,10241
9/16/2015 12:00:00 AM,9/24/2015 12:00:00 AM,17970,7749,10221
9/16/2015 12:00:00 AM,9/25/2015 12:00:00 AM,17896,7620,10276
9/16/2015 12:00:00 AM,9/26/2015 12:00:00 AM,23860,11643,12217
9/16/2015 12:00:00 AM,9/27/2015 12:00:00 AM,22838,11129,11709
9/16/2015 12:00:00 AM,9/28/2015 12:00:00 AM,24155,11306,12849
9/16/2015 12:00:00 AM,9/29/2015 12:00:00 AM,24303,11451,12852
9/16/2015 12:00:00 AM,9/30/2015 12:00:00 AM,25723,12511,13212
9/16/2015 12:00:00 AM,10/1/2015 12:00:00 AM,26377,12069,14308
9/16/2015 12:00:00 AM,10/2/2015 12:00:00 AM,27224,12361,14863
9/16/2015 12:00:00 AM,10/3/2015 12:00:00 AM,28654,13057,15597
9/16/2015 12:00:00 AM,10/4/2015 12:00:00 AM,29938,13513,16425
9/16/2015 12:00:00 AM,10/5/2015 12:00:00 AM,32721,14355,18366
9/16/2015 12:00:00 AM,10/6/2015 12:00:00 AM,31767,14355,17412
9/16/2015 12:00:00 AM,10/7/2015 12:00:00 AM,31208,13810,17398
9/16/2015 12:00:00 AM,10/8/2015 12:00:00 AM,32095,13960,18135
9/16/2015 12:00:00 AM,10/9/2015 12:00:00 AM,33147,14616,18531
9/16/2015 12:00:00 AM,10/10/2015 12:00:00 AM,36057,17772,18285
9/16/2015 12:00:00 AM,10/11/2015 12:00:00 AM,36298,17927,18371
9/16/2015 12:00:00 AM,10/12/2015 12:00:00 AM,35068,17000,18068
9/16/2015 12:00:00 AM,10/13/2015 12:00:00 AM,31691,14033,17658
9/16/2015 12:00:00 AM,10/14/2015 12:00:00 AM,31308,14183,17125
9/16/2015 12:00:00 AM,10/15/2015 12:00:00 AM,31653,14127,17526
9/16/2015 12:00:00 AM,10/16/2015 12:00:00 AM,31842,14388,17454
9/16/2015 12:00:00 AM,10/17/2015 12:00:00 AM,36300,15374,20926
9/16/2015 12:00:00 AM,10/18/2015 12:00:00 AM,35124,14997,20127
9/16/2015 12:00:00 AM,10/19/2015 12:00:00 AM,34827,14498,20329
9/16/2015 12:00:00 AM,10/20/2015 12:00:00 AM,34654,14098,20556
9/16/2015 12:00:00 AM,10/21/2015 12:00:00 AM,33429,13848,19581
9/16/2015 12:00:00 AM,10/22/2015 12:00:00 AM,34000,13561,20439
9/16/2015 12:00:00 AM,10/23/2015 12:00:00 AM,34472,14243,20229
9/16/2015 12:00:00 AM,10/24/2015 12:00:00 AM,33851,14979,18872
9/16/2015 12:00:00 AM,10/25/2015 12:00:00 AM,33529,14244,19285
9/16/2015 12:00:00 AM,10/26/2015 12:00:00 AM,33417,14319,19098
9/16/2015 12:00:00 AM,10/27/2015 12:00:00 AM,29695,12377,17318
9/16/2015 12:00:00 AM,10/28/2015 12:00:00 AM,28802,11897,16905
9/16/2015 12:00:00 AM,10/29/2015 12:00:00 AM,28543,11087,17456
9/16/2015 12:00:00 AM,10/30/2015 12:00:00 AM,30911,11768,19143
9/16/2015 12:00:00 AM,10/31/2015 12:00:00 AM,31855,13766,18089
9/16/2015 12:00:00 AM,11/1/2015 12:00:00 AM,31694,14289,17405
9/16/2015 12:00:00 AM,11/2/2015 12:00:00 AM,32092,15544,16548
9/16/2015 12:00:00 AM,11/3/2015 12:00:00 AM,31141,14593,16548
9/16/2015 12:00:00 AM,11/4/2015 12:00:00 AM,31089,14544,16545
9/16/2015 12:00:00 AM,11/5/2015 12:00:00 AM,29797,13875,15922
9/16/2015 12:00:00 AM,11/6/2015 12:00:00 AM,30578,14475,16103
9/16/2015 12:00:00 AM,11/7/2015 12:00:00 AM,30693,14304,16389
9/16/2015 12:00:00 AM,11/8/2015 12:00:00 AM,30437,14380,16057
9/16/2015 12:00:00 AM,11/9/2015 12:00:00 AM,29079,14086,14993
9/16/2015 12:00:00 AM,11/10/2015 12:00:00 AM,25324,11127,14197
9/16/2015 12:00:00 AM,11/11/2015 12:00:00 AM,25324,11127,14197
9/16/2015 12:00:00 AM,11/12/2015 12:00:00 AM,24607,11127,13480
9/16/2015 12:00:00 AM,11/13/2015 12:00:00 AM,24541,11044,13497
9/16/2015 12:00:00 AM,11/14/2015 12:00:00 AM,24651,11648,13003
9/16/2015 12:00:00 AM,11/15/2015 12:00:00 AM,23443,10977,12466
9/16/2015 12:00:00 AM,11/16/2015 12:00:00 AM,22582,10612,11970
9/16/2015 12:00:00 AM,11/17/2015 12:00:00 AM,19390,9871,9519
9/16/2015 12:00:00 AM,11/18/2015 12:00:00 AM,18773,9271,9502
9/16/2015 12:00:00 AM,11/19/2015 12:00:00 AM,18595,9271,9324
9/16/2015 12:00:00 AM,11/20/2015 12:00:00 AM,18039,8715,9324
9/16/2015 12:00:00 AM,11/21/2015 12:00:00 AM,16942,8569,8373
9/16/2015 12:00:00 AM,11/22/2015 12:00:00 AM,16553,8368,8185
9/16/2015 12:00:00 AM,11/23/2015 12:00:00 AM,14054,6991,7063
9/16/2015 12:00:00 AM,11/24/2015 12:00:00 AM,11524,4919,6605
9/16/2015 12:00:00 AM,11/25/2015 12:00:00 AM,10259,4439,5820
9/16/2015 12:00:00 AM,11/26/2015 12:00:00 AM,9724,4439,5285
9/16/2015 12:00:00 AM,11/27/2015 12:00:00 AM,9859,4439,5420
9/16/2015 12:00:00 AM,11/28/2015 12:00:00 AM,9433,4329,5104
9/16/2015 12:00:00 AM,11/29/2015 12:00:00 AM,9664,4409,5255
9/16/2015 12:00:00 AM,11/30/2015 12:00:00 AM,9600,4324,5276
9/16/2015 12:00:00 AM,12/1/2015 12:00:00 AM,8811,4307,4504
9/16/2015 12:00:00 AM,12/2/2015 12:00:00 AM,8225,3721,4504
9/16/2015 12:00:00 AM,12/3/2015 12:00:00 AM,7380,3721,3659
9/16/2015 12:00:00 AM,12/4/2015 12:00:00 AM,7380,3721,3659
9/16/2015 12:00:00 AM,12/5/2015 12:00:00 AM,9055,5441,3614
9/16/2015 12:00:00 AM,12/6/2015 12:00:00 AM,8723,5267,3456
9/16/2015 12:00:00 AM,12/7/2015 12:00:00 AM,8805,5304,3501
9/16/2015 12:00:00 AM,12/8/2015 12:00:00 AM,7505,4004,3501
9/16/2015 12:00:00 AM,12/9/2015 12:00:00 AM,7505,4004,3501
9/16/2015 12:00:00 AM,12/10/2015 12:00:00 AM,7505,4004,3501
9/16/2015 12:00:00 AM,12/11/2015 12:00:00 AM,6904,3403,3501
9/16/2015 12:00:00 AM,12/12/2015 12:00:00 AM,6822,3366,3456
9/16/2015 12:00:00 AM,12/13/2015 12:00:00 AM,6526,3366,3160
9/16/2015 12:00:00 AM,12/14/2015 12:00:00 AM,6410,3366,3044
9/16/2015 12:00:00 AM,12/15/2015 12:00:00 AM,3123,1646,1477
9/16/2015 12:00:00 AM,12/16/2015 12:00:00 AM,3123,1646,1477
9/15/2015 12:00:00 AM,9/16/2015 12:00:00 AM,13148,6393,6755
9/15/2015 12:00:00 AM,9/17/2015 12:00:00 AM,13115,6393,6722
9/15/2015 12:00:00 AM,9/18/2015 12:00:00 AM,14978,6861,8117
9/15/2015 12:00:00 AM,9/19/2015 12:00:00 AM,17593,8786,8807
9/15/2015 12:00:00 AM,9/20/2015 12:00:00 AM,17274,8896,8378
9/15/2015 12:00:00 AM,9/21/2015 12:00:00 AM,19819,9761,10058
9/15/2015 12:00:00 AM,9/22/2015 12:00:00 AM,18318,8260,10058
9/15/2015 12:00:00 AM,9/23/2015 12:00:00 AM,18693,8410,10283
9/15/2015 12:00:00 AM,9/24/2015 12:00:00 AM,18573,8310,10263
9/15/2015 12:00:00 AM,9/25/2015 12:00:00 AM,17938,7620,10318
9/15/2015 12:00:00 AM,9/26/2015 12:00:00 AM,23902,11643,12259
9/15/2015 12:00:00 AM,9/27/2015 12:00:00 AM,22880,11129,11751
9/15/2015 12:00:00 AM,9/28/2015 12:00:00 AM,24197,11306,12891
9/15/2015 12:00:00 AM,9/29/2015 12:00:00 AM,24345,11451,12894
9/15/2015 12:00:00 AM,9/30/2015 12:00:00 AM,25765,12511,13254
9/15/2015 12:00:00 AM,10/1/2015 12:00:00 AM,26419,12069,14350
9/15/2015 12:00:00 AM,10/2/2015 12:00:00 AM,27224,12361,14863
9/15/2015 12:00:00 AM,10/3/2015 12:00:00 AM,28654,13057,15597
9/15/2015 12:00:00 AM,10/4/2015 12:00:00 AM,30318,13513,16805
9/15/2015 12:00:00 AM,10/5/2015 12:00:00 AM,33101,14355,18746
9/15/2015 12:00:00 AM,10/6/2015 12:00:00 AM,32147,14355,17792
9/15/2015 12:00:00 AM,10/7/2015 12:00:00 AM,31632,13854,17778
9/15/2015 12:00:00 AM,10/8/2015 12:00:00 AM,32519,14004,18515
9/15/2015 12:00:00 AM,10/9/2015 12:00:00 AM,33571,14660,18911
9/15/2015 12:00:00 AM,10/10/2015 12:00:00 AM,36481,17816,18665
9/15/2015 12:00:00 AM,10/11/2015 12:00:00 AM,36722,17971,18751
9/15/2015 12:00:00 AM,10/12/2015 12:00:00 AM,36113,17044,19069
9/15/2015 12:00:00 AM,10/13/2015 12:00:00 AM,32736,14077,18659
9/15/2015 12:00:00 AM,10/14/2015 12:00:00 AM,32397,14271,18126
9/15/2015 12:00:00 AM,10/15/2015 12:00:00 AM,32698,14171,18527
9/15/2015 12:00:00 AM,10/16/2015 12:00:00 AM,32867,14432,18435
9/15/2015 12:00:00 AM,10/17/2015 12:00:00 AM,37325,15418,21907
9/15/2015 12:00:00 AM,10/18/2015 12:00:00 AM,35769,15041,20728
9/15/2015 12:00:00 AM,10/19/2015 12:00:00 AM,34780,14542,20238
9/15/2015 12:00:00 AM,10/20/2015 12:00:00 AM,33986,14142,19844
9/15/2015 12:00:00 AM,10/21/2015 12:00:00 AM,32761,13892,18869
9/15/2015 12:00:00 AM,10/22/2015 12:00:00 AM,33288,13561,19727
9/15/2015 12:00:00 AM,10/23/2015 12:00:00 AM,33851,14243,19608
9/15/2015 12:00:00 AM,10/24/2015 12:00:00 AM,33230,14979,18251
9/15/2015 12:00:00 AM,10/25/2015 12:00:00 AM,32908,14244,18664
9/15/2015 12:00:00 AM,10/26/2015 12:00:00 AM,32752,14275,18477
9/15/2015 12:00:00 AM,10/27/2015 12:00:00 AM,29651,12333,17318
9/15/2015 12:00:00 AM,10/28/2015 12:00:00 AM,28758,11853,16905
9/15/2015 12:00:00 AM,10/29/2015 12:00:00 AM,28499,11043,17456
9/15/2015 12:00:00 AM,10/30/2015 12:00:00 AM,30867,11724,19143
9/15/2015 12:00:00 AM,10/31/2015 12:00:00 AM,31811,13722,18089
9/15/2015 12:00:00 AM,11/1/2015 12:00:00 AM,31650,14245,17405
9/15/2015 12:00:00 AM,11/2/2015 12:00:00 AM,32092,15544,16548
9/15/2015 12:00:00 AM,11/3/2015 12:00:00 AM,31097,14549,16548
9/15/2015 12:00:00 AM,11/4/2015 12:00:00 AM,31045,14500,16545
9/15/2015 12:00:00 AM,11/5/2015 12:00:00 AM,29753,13831,15922
9/15/2015 12:00:00 AM,11/6/2015 12:00:00 AM,30369,14431,15938
9/15/2015 12:00:00 AM,11/7/2015 12:00:00 AM,30484,14260,16224
9/15/2015 12:00:00 AM,11/8/2015 12:00:00 AM,30228,14336,15892
9/15/2015 12:00:00 AM,11/9/2015 12:00:00 AM,28828,14042,14786
9/15/2015 12:00:00 AM,11/10/2015 12:00:00 AM,25117,11127,13990
9/15/2015 12:00:00 AM,11/11/2015 12:00:00 AM,25117,11127,13990
9/15/2015 12:00:00 AM,11/12/2015 12:00:00 AM,24400,11127,13273
9/15/2015 12:00:00 AM,11/13/2015 12:00:00 AM,24334,11044,13290
9/15/2015 12:00:00 AM,11/14/2015 12:00:00 AM,24486,11648,12838
9/15/2015 12:00:00 AM,11/15/2015 12:00:00 AM,23278,10977,12301
9/15/2015 12:00:00 AM,11/16/2015 12:00:00 AM,22417,10612,11805
9/15/2015 12:00:00 AM,11/17/2015 12:00:00 AM,19225,9871,9354
9/15/2015 12:00:00 AM,11/18/2015 12:00:00 AM,18608,9271,9337
9/15/2015 12:00:00 AM,11/19/2015 12:00:00 AM,18430,9271,9159
9/15/2015 12:00:00 AM,11/20/2015 12:00:00 AM,17874,8715,9159
9/15/2015 12:00:00 AM,11/21/2015 12:00:00 AM,16777,8569,8208
9/15/2015 12:00:00 AM,11/22/2015 12:00:00 AM,16388,8368,8020
9/15/2015 12:00:00 AM,11/23/2015 12:00:00 AM,13889,6991,6898
9/15/2015 12:00:00 AM,11/24/2015 12:00:00 AM,11359,4919,6440
9/15/2015 12:00:00 AM,11/25/2015 12:00:00 AM,10259,4439,5820
9/15/2015 12:00:00 AM,11/26/2015 12:00:00 AM,9724,4439,5285
9/15/2015 12:00:00 AM,11/27/2015 12:00:00 AM,9859,4439,5420
9/15/2015 12:00:00 AM,11/28/2015 12:00:00 AM,9433,4329,5104
9/15/2015 12:00:00 AM,11/29/2015 12:00:00 AM,9664,4409,5255
9/15/2015 12:00:00 AM,11/30/2015 12:00:00 AM,9600,4324,5276
9/15/2015 12:00:00 AM,12/1/2015 12:00:00 AM,8811,4307,4504
9/15/2015 12:00:00 AM,12/2/2015 12:00:00 AM,8225,3721,4504
9/15/2015 12:00:00 AM,12/3/2015 12:00:00 AM,7380,3721,3659
9/15/2015 12:00:00 AM,12/4/2015 12:00:00 AM,7380,3721,3659
9/15/2015 12:00:00 AM,12/5/2015 12:00:00 AM,9055,5441,3614
9/15/2015 12:00:00 AM,12/6/2015 12:00:00 AM,8723,5267,3456
9/15/2015 12:00:00 AM,12/7/2015 12:00:00 AM,8805,5304,3501
9/15/2015 12:00:00 AM,12/8/2015 12:00:00 AM,7505,4004,3501
9/15/2015 12:00:00 AM,12/9/2015 12:00:00 AM,7505,4004,3501
9/15/2015 12:00:00 AM,12/10/2015 12:00:00 AM,7505,4004,3501
9/15/2015 12:00:00 AM,12/11/2015 12:00:00 AM,6904,3403,3501
9/15/2015 12:00:00 AM,12/12/2015 12:00:00 AM,6822,3366,3456
9/15/2015 12:00:00 AM,12/13/2015 12:00:00 AM,6526,3366,3160
9/15/2015 12:00:00 AM,12/14/2015 12:00:00 AM,6410,3366,3044
9/15/2015 12:00:00 AM,12/15/2015 12:00:00 AM,3123,1646,1477
9/14/2015 12:00:00 AM,9/15/2015 12:00:00 AM,12780,6323,6457
9/14/2015 12:00:00 AM,9/16/2015 12:00:00 AM,13315,6393,6922
9/14/2015 12:00:00 AM,9/17/2015 12:00:00 AM,13282,6393,6889
9/14/2015 12:00:00 AM,9/18/2015 12:00:00 AM,15145,6861,8284
9/14/2015 12:00:00 AM,9/19/2015 12:00:00 AM,17760,8786,8974
9/14/2015 12:00:00 AM,9/20/2015 12:00:00 AM,17441,8896,8545
9/14/2015 12:00:00 AM,9/21/2015 12:00:00 AM,19986,9761,10225
9/14/2015 12:00:00 AM,9/22/2015 12:00:00 AM,18485,8260,10225
9/14/2015 12:00:00 AM,9/23/2015 12:00:00 AM,18860,8410,10450
9/14/2015 12:00:00 AM,9/24/2015 12:00:00 AM,18740,8310,10430
9/14/2015 12:00:00 AM,9/25/2015 12:00:00 AM,18105,7620,10485
9/14/2015 12:00:00 AM,9/26/2015 12:00:00 AM,24069,11643,12426
9/14/2015 12:00:00 AM,9/27/2015 12:00:00 AM,22493,11129,11364
9/14/2015 12:00:00 AM,9/28/2015 12:00:00 AM,24364,11306,13058
9/14/2015 12:00:00 AM,9/29/2015 12:00:00 AM,24512,11451,13061
9/14/2015 12:00:00 AM,9/30/2015 12:00:00 AM,25932,12511,13421
9/14/2015 12:00:00 AM,10/1/2015 12:00:00 AM,26586,12069,14517
9/14/2015 12:00:00 AM,10/2/2015 12:00:00 AM,27391,12361,15030
9/14/2015 12:00:00 AM,10/3/2015 12:00:00 AM,28821,13057,15764
9/14/2015 12:00:00 AM,10/4/2015 12:00:00 AM,30485,13513,16972
9/14/2015 12:00:00 AM,10/5/2015 12:00:00 AM,33268,14355,18913
9/14/2015 12:00:00 AM,10/6/2015 12:00:00 AM,32314,14355,17959
9/14/2015 12:00:00 AM,10/7/2015 12:00:00 AM,31799,13854,17945
9/14/2015 12:00:00 AM,10/8/2015 12:00:00 AM,32519,14004,18515
9/14/2015 12:00:00 AM,10/9/2015 12:00:00 AM,33571,14660,18911
9/14/2015 12:00:00 AM,10/10/2015 12:00:00 AM,36481,17816,18665
9/14/2015 12:00:00 AM,10/11/2015 12:00:00 AM,36722,17971,18751
9/14/2015 12:00:00 AM,10/12/2015 12:00:00 AM,36113,17044,19069
9/14/2015 12:00:00 AM,10/13/2015 12:00:00 AM,32736,14077,18659
9/14/2015 12:00:00 AM,10/14/2015 12:00:00 AM,32397,14271,18126
9/14/2015 12:00:00 AM,10/15/2015 12:00:00 AM,32698,14171,18527
9/14/2015 12:00:00 AM,10/16/2015 12:00:00 AM,32867,14432,18435
9/14/2015 12:00:00 AM,10/17/2015 12:00:00 AM,37325,15418,21907
9/14/2015 12:00:00 AM,10/18/2015 12:00:00 AM,35769,15041,20728
9/14/2015 12:00:00 AM,10/19/2015 12:00:00 AM,34780,14542,20238
9/14/2015 12:00:00 AM,10/20/2015 12:00:00 AM,33986,14142,19844
9/14/2015 12:00:00 AM,10/21/2015 12:00:00 AM,32761,13892,18869
9/14/2015 12:00:00 AM,10/22/2015 12:00:00 AM,33288,13561,19727
9/14/2015 12:00:00 AM,10/23/2015 12:00:00 AM,33851,14243,19608
9/14/2015 12:00:00 AM,10/24/2015 12:00:00 AM,33397,14979,18418
9/14/2015 12:00:00 AM,10/25/2015 12:00:00 AM,32908,14244,18664
9/14/2015 12:00:00 AM,10/26/2015 12:00:00 AM,32752,14275,18477
9/14/2015 12:00:00 AM,10/27/2015 12:00:00 AM,29651,12333,17318
9/14/2015 12:00:00 AM,10/28/2015 12:00:00 AM,28758,11853,16905
9/14/2015 12:00:00 AM,10/29/2015 12:00:00 AM,28499,11043,17456
9/14/2015 12:00:00 AM,10/30/2015 12:00:00 AM,30867,11724,19143
9/14/2015 12:00:00 AM,10/31/2015 12:00:00 AM,31811,13722,18089
9/14/2015 12:00:00 AM,11/1/2015 12:00:00 AM,31650,14245,17405
9/14/2015 12:00:00 AM,11/2/2015 12:00:00 AM,32092,15544,16548
9/14/2015 12:00:00 AM,11/3/2015 12:00:00 AM,31097,14549,16548
9/14/2015 12:00:00 AM,11/4/2015 12:00:00 AM,31045,14500,16545
9/14/2015 12:00:00 AM,11/5/2015 12:00:00 AM,29753,13831,15922
9/14/2015 12:00:00 AM,11/6/2015 12:00:00 AM,30369,14431,15938
9/14/2015 12:00:00 AM,11/7/2015 12:00:00 AM,30484,14260,16224
9/14/2015 12:00:00 AM,11/8/2015 12:00:00 AM,30228,14336,15892
9/14/2015 12:00:00 AM,11/9/2015 12:00:00 AM,28828,14042,14786
9/14/2015 12:00:00 AM,11/10/2015 12:00:00 AM,25117,11127,13990
9/14/2015 12:00:00 AM,11/11/2015 12:00:00 AM,25117,11127,13990
9/14/2015 12:00:00 AM,11/12/2015 12:00:00 AM,24400,11127,13273
9/14/2015 12:00:00 AM,11/13/2015 12:00:00 AM,24334,11044,13290
9/14/2015 12:00:00 AM,11/14/2015 12:00:00 AM,24486,11648,12838
9/14/2015 12:00:00 AM,11/15/2015 12:00:00 AM,23278,10977,12301
9/14/2015 12:00:00 AM,11/16/2015 12:00:00 AM,22417,10612,11805
9/14/2015 12:00:00 AM,11/17/2015 12:00:00 AM,19225,9871,9354
9/14/2015 12:00:00 AM,11/18/2015 12:00:00 AM,18608,9271,9337
9/14/2015 12:00:00 AM,11/19/2015 12:00:00 AM,18430,9271,9159
9/14/2015 12:00:00 AM,11/20/2015 12:00:00 AM,17874,8715,9159
9/14/2015 12:00:00 AM,11/21/2015 12:00:00 AM,16777,8569,8208
9/14/2015 12:00:00 AM,11/22/2015 12:00:00 AM,16388,8368,8020
9/14/2015 12:00:00 AM,11/23/2015 12:00:00 AM,13889,6991,6898
9/14/2015 12:00:00 AM,11/24/2015 12:00:00 AM,11359,4919,6440
9/14/2015 12:00:00 AM,11/25/2015 12:00:00 AM,10259,4439,5820
9/14/2015 12:00:00 AM,11/26/2015 12:00:00 AM,9724,4439,5285
9/14/2015 12:00:00 AM,11/27/2015 12:00:00 AM,9859,4439,5420
9/14/2015 12:00:00 AM,11/28/2015 12:00:00 AM,9433,4329,5104
9/14/2015 12:00:00 AM,11/29/2015 12:00:00 AM,9664,4409,5255
9/14/2015 12:00:00 AM,11/30/2015 12:00:00 AM,9600,4324,5276
9/14/2015 12:00:00 AM,12/1/2015 12:00:00 AM,8811,4307,4504
9/14/2015 12:00:00 AM,12/2/2015 12:00:00 AM,8225,3721,4504
9/14/2015 12:00:00 AM,12/3/2015 12:00:00 AM,7380,3721,3659
9/14/2015 12:00:00 AM,12/4/2015 12:00:00 AM,7380,3721,3659
9/14/2015 12:00:00 AM,12/5/2015 12:00:00 AM,9055,5441,3614
9/14/2015 12:00:00 AM,12/6/2015 12:00:00 AM,8723,5267,3456
9/14/2015 12:00:00 AM,12/7/2015 12:00:00 AM,8805,5304,3501
9/14/2015 12:00:00 AM,12/8/2015 12:00:00 AM,7505,4004,3501
9/14/2015 12:00:00 AM,12/9/2015 12:00:00 AM,7505,4004,3501
9/14/2015 12:00:00 AM,12/10/2015 12:00:00 AM,7505,4004,3501
9/14/2015 12:00:00 AM,12/11/2015 12:00:00 AM,6904,3403,3501
9/14/2015 12:00:00 AM,12/12/2015 12:00:00 AM,6822,3366,3456
9/14/2015 12:00:00 AM,12/13/2015 12:00:00 AM,6526,3366,3160
9/14/2015 12:00:00 AM,12/14/2015 12:00:00 AM,6410,3366,3044
9/13/2015 12:00:00 AM,9/14/2015 12:00:00 AM,12823,6323,6500
9/13/2015 12:00:00 AM,9/15/2015 12:00:00 AM,12793,6323,6470
9/13/2015 12:00:00 AM,9/16/2015 12:00:00 AM,13328,6393,6935
9/13/2015 12:00:00 AM,9/17/2015 12:00:00 AM,13295,6393,6902
9/13/2015 12:00:00 AM,9/18/2015 12:00:00 AM,15158,6861,8297
9/13/2015 12:00:00 AM,9/19/2015 12:00:00 AM,17773,8786,8987
9/13/2015 12:00:00 AM,9/20/2015 12:00:00 AM,17454,8896,8558
9/13/2015 12:00:00 AM,9/21/2015 12:00:00 AM,19999,9761,10238
9/13/2015 12:00:00 AM,9/22/2015 12:00:00 AM,18498,8260,10238
9/13/2015 12:00:00 AM,9/23/2015 12:00:00 AM,18873,8410,10463
9/13/2015 12:00:00 AM,9/24/2015 12:00:00 AM,18753,8310,10443
9/13/2015 12:00:00 AM,9/25/2015 12:00:00 AM,18118,7620,10498
9/13/2015 12:00:00 AM,9/26/2015 12:00:00 AM,24082,11643,12439
9/13/2015 12:00:00 AM,9/27/2015 12:00:00 AM,22506,11129,11377
9/13/2015 12:00:00 AM,9/28/2015 12:00:00 AM,24377,11306,13071
9/13/2015 12:00:00 AM,9/29/2015 12:00:00 AM,24525,11451,13074
9/13/2015 12:00:00 AM,9/30/2015 12:00:00 AM,25945,12511,13434
9/13/2015 12:00:00 AM,10/1/2015 12:00:00 AM,26599,12069,14530
9/13/2015 12:00:00 AM,10/2/2015 12:00:00 AM,27404,12361,15043
9/13/2015 12:00:00 AM,10/3/2015 12:00:00 AM,28834,13057,15777
9/13/2015 12:00:00 AM,10/4/2015 12:00:00 AM,30498,13513,16985
9/13/2015 12:00:00 AM,10/5/2015 12:00:00 AM,33281,14355,18926
9/13/2015 12:00:00 AM,10/6/2015 12:00:00 AM,32327,14355,17972
9/13/2015 12:00:00 AM,10/7/2015 12:00:00 AM,31812,13854,17958
9/13/2015 12:00:00 AM,10/8/2015 12:00:00 AM,32532,14004,18528
9/13/2015 12:00:00 AM,10/9/2015 12:00:00 AM,33584,14660,18924
9/13/2015 12:00:00 AM,10/10/2015 12:00:00 AM,36494,17816,18678
9/13/2015 12:00:00 AM,10/11/2015 12:00:00 AM,36735,17971,18764
9/13/2015 12:00:00 AM,10/12/2015 12:00:00 AM,36126,17044,19082
9/13/2015 12:00:00 AM,10/13/2015 12:00:00 AM,32749,14077,18672
9/13/2015 12:00:00 AM,10/14/2015 12:00:00 AM,32410,14271,18139
9/13/2015 12:00:00 AM,10/15/2015 12:00:00 AM,32711,14171,18540
9/13/2015 12:00:00 AM,10/16/2015 12:00:00 AM,32880,14432,18448
9/13/2015 12:00:00 AM,10/17/2015 12:00:00 AM,37338,15418,21920
9/13/2015 12:00:00 AM,10/18/2015 12:00:00 AM,35782,15041,20741
9/13/2015 12:00:00 AM,10/19/2015 12:00:00 AM,34793,14542,20251
9/13/2015 12:00:00 AM,10/20/2015 12:00:00 AM,33999,14142,19857
9/13/2015 12:00:00 AM,10/21/2015 12:00:00 AM,32774,13892,18882
9/13/2015 12:00:00 AM,10/22/2015 12:00:00 AM,33301,13561,19740
9/13/2015 12:00:00 AM,10/23/2015 12:00:00 AM,33864,14243,19621
9/13/2015 12:00:00 AM,10/24/2015 12:00:00 AM,33410,14979,18431
9/13/2015 12:00:00 AM,10/25/2015 12:00:00 AM,32921,14244,18677
9/13/2015 12:00:00 AM,10/26/2015 12:00:00 AM,32765,14275,18490
9/13/2015 12:00:00 AM,10/27/2015 12:00:00 AM,29664,12333,17331
9/13/2015 12:00:00 AM,10/28/2015 12:00:00 AM,28771,11853,16918
9/13/2015 12:00:00 AM,10/29/2015 12:00:00 AM,28512,11043,17469
9/13/2015 12:00:00 AM,10/30/2015 12:00:00 AM,30880,11724,19156
9/13/2015 12:00:00 AM,10/31/2015 12:00:00 AM,31824,13722,18102
9/13/2015 12:00:00 AM,11/1/2015 12:00:00 AM,31663,14245,17418
9/13/2015 12:00:00 AM,11/2/2015 12:00:00 AM,32105,15544,16561
9/13/2015 12:00:00 AM,11/3/2015 12:00:00 AM,31110,14549,16561
9/13/2015 12:00:00 AM,11/4/2015 12:00:00 AM,31058,14500,16558
9/13/2015 12:00:00 AM,11/5/2015 12:00:00 AM,29766,13831,15935
9/13/2015 12:00:00 AM,11/6/2015 12:00:00 AM,30382,14431,15951
9/13/2015 12:00:00 AM,11/7/2015 12:00:00 AM,30497,14260,16237
9/13/2015 12:00:00 AM,11/8/2015 12:00:00 AM,30241,14336,15905
9/13/2015 12:00:00 AM,11/9/2015 12:00:00 AM,28841,14042,14799
9/13/2015 12:00:00 AM,11/10/2015 12:00:00 AM,25130,11127,14003
9/13/2015 12:00:00 AM,11/11/2015 12:00:00 AM,25130,11127,14003
9/13/2015 12:00:00 AM,11/12/2015 12:00:00 AM,24413,11127,13286
9/13/2015 12:00:00 AM,11/13/2015 12:00:00 AM,24347,11044,13303
9/13/2015 12:00:00 AM,11/14/2015 12:00:00 AM,24499,11648,12851
9/13/2015 12:00:00 AM,11/15/2015 12:00:00 AM,23291,10977,12314
9/13/2015 12:00:00 AM,11/16/2015 12:00:00 AM,22430,10612,11818
9/13/2015 12:00:00 AM,11/17/2015 12:00:00 AM,19238,9871,9367
9/13/2015 12:00:00 AM,11/18/2015 12:00:00 AM,18621,9271,9350
9/13/2015 12:00:00 AM,11/19/2015 12:00:00 AM,18443,9271,9172
9/13/2015 12:00:00 AM,11/20/2015 12:00:00 AM,17887,8715,9172
9/13/2015 12:00:00 AM,11/21/2015 12:00:00 AM,16790,8569,8221
9/13/2015 12:00:00 AM,11/22/2015 12:00:00 AM,16401,8368,8033
9/13/2015 12:00:00 AM,11/23/2015 12:00:00 AM,13902,6991,6911
9/13/2015 12:00:00 AM,11/24/2015 12:00:00 AM,11372,4919,6453
9/13/2015 12:00:00 AM,11/25/2015 12:00:00 AM,10272,4439,5833
9/13/2015 12:00:00 AM,11/26/2015 12:00:00 AM,9737,4439,5298
9/13/2015 12:00:00 AM,11/27/2015 12:00:00 AM,9872,4439,5433
9/13/2015 12:00:00 AM,11/28/2015 12:00:00 AM,9446,4329,5117
9/13/2015 12:00:00 AM,11/29/2015 12:00:00 AM,9677,4409,5268
9/13/2015 12:00:00 AM,11/30/2015 12:00:00 AM,9613,4324,5289
9/13/2015 12:00:00 AM,12/1/2015 12:00:00 AM,8824,4307,4517
9/13/2015 12:00:00 AM,12/2/2015 12:00:00 AM,8238,3721,4517
9/13/2015 12:00:00 AM,12/3/2015 12:00:00 AM,7393,3721,3672
9/13/2015 12:00:00 AM,12/4/2015 12:00:00 AM,7393,3721,3672
9/13/2015 12:00:00 AM,12/5/2015 12:00:00 AM,9068,5441,3627
9/13/2015 12:00:00 AM,12/6/2015 12:00:00 AM,8723,5267,3456
9/13/2015 12:00:00 AM,12/7/2015 12:00:00 AM,8805,5304,3501
9/13/2015 12:00:00 AM,12/8/2015 12:00:00 AM,7505,4004,3501
9/13/2015 12:00:00 AM,12/9/2015 12:00:00 AM,7505,4004,3501
9/13/2015 12:00:00 AM,12/10/2015 12:00:00 AM,7505,4004,3501
9/13/2015 12:00:00 AM,12/11/2015 12:00:00 AM,6904,3403,3501
9/13/2015 12:00:00 AM,12/12/2015 12:00:00 AM,6822,3366,3456
9/13/2015 12:00:00 AM,12/13/2015 12:00:00 AM,6526,3366,3160
9/12/2015 12:00:00 AM,9/13/2015 12:00:00 AM,8263,4325,3938
9/12/2015 12:00:00 AM,9/14/2015 12:00:00 AM,12823,6323,6500
9/12/2015 12:00:00 AM,9/15/2015 12:00:00 AM,12793,6323,6470
9/12/2015 12:00:00 AM,9/16/2015 12:00:00 AM,13328,6393,6935
9/12/2015 12:00:00 AM,9/17/2015 12:00:00 AM,13295,6393,6902
9/12/2015 12:00:00 AM,9/18/2015 12:00:00 AM,15158,6861,8297
9/12/2015 12:00:00 AM,9/19/2015 12:00:00 AM,17773,8786,8987
9/12/2015 12:00:00 AM,9/20/2015 12:00:00 AM,17454,8896,8558
9/12/2015 12:00:00 AM,9/21/2015 12:00:00 AM,19999,9761,10238
9/12/2015 12:00:00 AM,9/22/2015 12:00:00 AM,18498,8260,10238
9/12/2015 12:00:00 AM,9/23/2015 12:00:00 AM,18873,8410,10463
9/12/2015 12:00:00 AM,9/24/2015 12:00:00 AM,18753,8310,10443
9/12/2015 12:00:00 AM,9/25/2015 12:00:00 AM,18118,7620,10498
9/12/2015 12:00:00 AM,9/26/2015 12:00:00 AM,24082,11643,12439
9/12/2015 12:00:00 AM,9/27/2015 12:00:00 AM,22506,11129,11377
9/12/2015 12:00:00 AM,9/28/2015 12:00:00 AM,24377,11306,13071
9/12/2015 12:00:00 AM,9/29/2015 12:00:00 AM,24525,11451,13074
9/12/2015 12:00:00 AM,9/30/2015 12:00:00 AM,25945,12511,13434
9/12/2015 12:00:00 AM,10/1/2015 12:00:00 AM,26599,12069,14530
9/12/2015 12:00:00 AM,10/2/2015 12:00:00 AM,27404,12361,15043
9/12/2015 12:00:00 AM,10/3/2015 12:00:00 AM,28834,13057,15777
9/12/2015 12:00:00 AM,10/4/2015 12:00:00 AM,30498,13513,16985
9/12/2015 12:00:00 AM,10/5/2015 12:00:00 AM,33281,14355,18926
9/12/2015 12:00:00 AM,10/6/2015 12:00:00 AM,32327,14355,17972
9/12/2015 12:00:00 AM,10/7/2015 12:00:00 AM,31812,13854,17958
9/12/2015 12:00:00 AM,10/8/2015 12:00:00 AM,32532,14004,18528
9/12/2015 12:00:00 AM,10/9/2015 12:00:00 AM,33584,14660,18924
9/12/2015 12:00:00 AM,10/10/2015 12:00:00 AM,36494,17816,18678
9/12/2015 12:00:00 AM,10/11/2015 12:00:00 AM,36735,17971,18764
9/12/2015 12:00:00 AM,10/12/2015 12:00:00 AM,36126,17044,19082
9/12/2015 12:00:00 AM,10/13/2015 12:00:00 AM,32749,14077,18672
9/12/2015 12:00:00 AM,10/14/2015 12:00:00 AM,32410,14271,18139
9/12/2015 12:00:00 AM,10/15/2015 12:00:00 AM,32711,14171,18540
9/12/2015 12:00:00 AM,10/16/2015 12:00:00 AM,32880,14432,18448
9/12/2015 12:00:00 AM,10/17/2015 12:00:00 AM,37338,15418,21920
9/12/2015 12:00:00 AM,10/18/2015 12:00:00 AM,35782,15041,20741
9/12/2015 12:00:00 AM,10/19/2015 12:00:00 AM,34793,14542,20251
9/12/2015 12:00:00 AM,10/20/2015 12:00:00 AM,33999,14142,19857
9/12/2015 12:00:00 AM,10/21/2015 12:00:00 AM,32774,13892,18882
9/12/2015 12:00:00 AM,10/22/2015 12:00:00 AM,33301,13561,19740
9/12/2015 12:00:00 AM,10/23/2015 12:00:00 AM,33864,14243,19621
9/12/2015 12:00:00 AM,10/24/2015 12:00:00 AM,33410,14979,18431
9/12/2015 12:00:00 AM,10/25/2015 12:00:00 AM,32921,14244,18677
9/12/2015 12:00:00 AM,10/26/2015 12:00:00 AM,32765,14275,18490
9/12/2015 12:00:00 AM,10/27/2015 12:00:00 AM,29664,12333,17331
9/12/2015 12:00:00 AM,10/28/2015 12:00:00 AM,28771,11853,16918
9/12/2015 12:00:00 AM,10/29/2015 12:00:00 AM,28512,11043,17469
9/12/2015 12:00:00 AM,10/30/2015 12:00:00 AM,30880,11724,19156
9/12/2015 12:00:00 AM,10/31/2015 12:00:00 AM,31824,13722,18102
9/12/2015 12:00:00 AM,11/1/2015 12:00:00 AM,31663,14245,17418
9/12/2015 12:00:00 AM,11/2/2015 12:00:00 AM,32105,15544,16561
9/12/2015 12:00:00 AM,11/3/2015 12:00:00 AM,31110,14549,16561
9/12/2015 12:00:00 AM,11/4/2015 12:00:00 AM,31058,14500,16558
9/12/2015 12:00:00 AM,11/5/2015 12:00:00 AM,29766,13831,15935
9/12/2015 12:00:00 AM,11/6/2015 12:00:00 AM,30382,14431,15951
9/12/2015 12:00:00 AM,11/7/2015 12:00:00 AM,30497,14260,16237
9/12/2015 12:00:00 AM,11/8/2015 12:00:00 AM,30241,14336,15905
9/12/2015 12:00:00 AM,11/9/2015 12:00:00 AM,28841,14042,14799
9/12/2015 12:00:00 AM,11/10/2015 12:00:00 AM,25130,11127,14003
9/12/2015 12:00:00 AM,11/11/2015 12:00:00 AM,25130,11127,14003
9/12/2015 12:00:00 AM,11/12/2015 12:00:00 AM,24413,11127,13286
9/12/2015 12:00:00 AM,11/13/2015 12:00:00 AM,24347,11044,13303
9/12/2015 12:00:00 AM,11/14/2015 12:00:00 AM,24499,11648,12851
9/12/2015 12:00:00 AM,11/15/2015 12:00:00 AM,23291,10977,12314
9/12/2015 12:00:00 AM,11/16/2015 12:00:00 AM,22430,10612,11818
9/12/2015 12:00:00 AM,11/17/2015 12:00:00 AM,19238,9871,9367
9/12/2015 12:00:00 AM,11/18/2015 12:00:00 AM,18621,9271,9350
9/12/2015 12:00:00 AM,11/19/2015 12:00:00 AM,18443,9271,9172
9/12/2015 12:00:00 AM,11/20/2015 12:00:00 AM,17887,8715,9172
9/12/2015 12:00:00 AM,11/21/2015 12:00:00 AM,16790,8569,8221
9/12/2015 12:00:00 AM,11/22/2015 12:00:00 AM,16401,8368,8033
9/12/2015 12:00:00 AM,11/23/2015 12:00:00 AM,13902,6991,6911
9/12/2015 12:00:00 AM,11/24/2015 12:00:00 AM,11372,4919,6453
9/12/2015 12:00:00 AM,11/25/2015 12:00:00 AM,10272,4439,5833
9/12/2015 12:00:00 AM,11/26/2015 12:00:00 AM,9737,4439,5298
9/12/2015 12:00:00 AM,11/27/2015 12:00:00 AM,9872,4439,5433
9/12/2015 12:00:00 AM,11/28/2015 12:00:00 AM,9446,4329,5117
9/12/2015 12:00:00 AM,11/29/2015 12:00:00 AM,9677,4409,5268
9/12/2015 12:00:00 AM,11/30/2015 12:00:00 AM,9613,4324,5289
9/12/2015 12:00:00 AM,12/1/2015 12:00:00 AM,8824,4307,4517
9/12/2015 12:00:00 AM,12/2/2015 12:00:00 AM,8238,3721,4517
9/12/2015 12:00:00 AM,12/3/2015 12:00:00 AM,7393,3721,3672
9/12/2015 12:00:00 AM,12/4/2015 12:00:00 AM,7393,3721,3672
9/12/2015 12:00:00 AM,12/5/2015 12:00:00 AM,9068,5441,3627
9/12/2015 12:00:00 AM,12/6/2015 12:00:00 AM,8723,5267,3456
9/12/2015 12:00:00 AM,12/7/2015 12:00:00 AM,8805,5304,3501
9/12/2015 12:00:00 AM,12/8/2015 12:00:00 AM,7505,4004,3501
9/12/2015 12:00:00 AM,12/9/2015 12:00:00 AM,7505,4004,3501
9/12/2015 12:00:00 AM,12/10/2015 12:00:00 AM,7505,4004,3501
9/12/2015 12:00:00 AM,12/11/2015 12:00:00 AM,6904,3403,3501
9/12/2015 12:00:00 AM,12/12/2015 12:00:00 AM,6822,3366,3456
9/11/2015 12:00:00 AM,9/12/2015 12:00:00 AM,7407,3935,3472
9/11/2015 12:00:00 AM,9/13/2015 12:00:00 AM,8299,4325,3974
9/11/2015 12:00:00 AM,9/14/2015 12:00:00 AM,12859,6323,6536
9/11/2015 12:00:00 AM,9/15/2015 12:00:00 AM,12829,6323,6506
9/11/2015 12:00:00 AM,9/16/2015 12:00:00 AM,13364,6393,6971
9/11/2015 12:00:00 AM,9/17/2015 12:00:00 AM,13331,6393,6938
9/11/2015 12:00:00 AM,9/18/2015 12:00:00 AM,15194,6861,8333
9/11/2015 12:00:00 AM,9/19/2015 12:00:00 AM,17809,8786,9023
9/11/2015 12:00:00 AM,9/20/2015 12:00:00 AM,17490,8896,8594
9/11/2015 12:00:00 AM,9/21/2015 12:00:00 AM,20035,9761,10274
9/11/2015 12:00:00 AM,9/22/2015 12:00:00 AM,18534,8260,10274
9/11/2015 12:00:00 AM,9/23/2015 12:00:00 AM,18909,8410,10499
9/11/2015 12:00:00 AM,9/24/2015 12:00:00 AM,18789,8310,10479
9/11/2015 12:00:00 AM,9/25/2015 12:00:00 AM,18154,7620,10534
9/11/2015 12:00:00 AM,9/26/2015 12:00:00 AM,24118,11643,12475
9/11/2015 12:00:00 AM,9/27/2015 12:00:00 AM,22542,11129,11413
9/11/2015 12:00:00 AM,9/28/2015 12:00:00 AM,24413,11306,13107
9/11/2015 12:00:00 AM,9/29/2015 12:00:00 AM,24561,11451,13110
9/11/2015 12:00:00 AM,9/30/2015 12:00:00 AM,25981,12511,13470
9/11/2015 12:00:00 AM,10/1/2015 12:00:00 AM,26635,12069,14566
9/11/2015 12:00:00 AM,10/2/2015 12:00:00 AM,27440,12361,15079
9/11/2015 12:00:00 AM,10/3/2015 12:00:00 AM,28870,13057,15813
9/11/2015 12:00:00 AM,10/4/2015 12:00:00 AM,30534,13513,17021
9/11/2015 12:00:00 AM,10/5/2015 12:00:00 AM,33317,14355,18962
9/11/2015 12:00:00 AM,10/6/2015 12:00:00 AM,32363,14355,18008
9/11/2015 12:00:00 AM,10/7/2015 12:00:00 AM,31848,13854,17994
9/11/2015 12:00:00 AM,10/8/2015 12:00:00 AM,32568,14004,18564
9/11/2015 12:00:00 AM,10/9/2015 12:00:00 AM,33620,14660,18960
9/11/2015 12:00:00 AM,10/10/2015 12:00:00 AM,36530,17816,18714
9/11/2015 12:00:00 AM,10/11/2015 12:00:00 AM,36771,17971,18800
9/11/2015 12:00:00 AM,10/12/2015 12:00:00 AM,36162,17044,19118
9/11/2015 12:00:00 AM,10/13/2015 12:00:00 AM,32785,14077,18708
9/11/2015 12:00:00 AM,10/14/2015 12:00:00 AM,32446,14271,18175
9/11/2015 12:00:00 AM,10/15/2015 12:00:00 AM,32747,14171,18576
9/11/2015 12:00:00 AM,10/16/2015 12:00:00 AM,32916,14432,18484
9/11/2015 12:00:00 AM,10/17/2015 12:00:00 AM,37374,15418,21956
9/11/2015 12:00:00 AM,10/18/2015 12:00:00 AM,35639,15041,20598
9/11/2015 12:00:00 AM,10/19/2015 12:00:00 AM,36966,14542,22424
9/11/2015 12:00:00 AM,10/20/2015 12:00:00 AM,36172,14142,22030
9/11/2015 12:00:00 AM,10/21/2015 12:00:00 AM,34947,13892,21055
9/11/2015 12:00:00 AM,10/22/2015 12:00:00 AM,34316,13561,20755
9/11/2015 12:00:00 AM,10/23/2015 12:00:00 AM,34879,14243,20636
9/11/2015 12:00:00 AM,10/24/2015 12:00:00 AM,34604,14979,19625
9/11/2015 12:00:00 AM,10/25/2015 12:00:00 AM,34115,14244,19871
9/11/2015 12:00:00 AM,10/26/2015 12:00:00 AM,33959,14275,19684
9/11/2015 12:00:00 AM,10/27/2015 12:00:00 AM,30858,12333,18525
9/11/2015 12:00:00 AM,10/28/2015 12:00:00 AM,29965,11853,18112
9/11/2015 12:00:00 AM,10/29/2015 12:00:00 AM,29706,11043,18663
9/11/2015 12:00:00 AM,10/30/2015 12:00:00 AM,32074,11724,20350
9/11/2015 12:00:00 AM,10/31/2015 12:00:00 AM,33018,13722,19296
9/11/2015 12:00:00 AM,11/1/2015 12:00:00 AM,32857,14245,18612
9/11/2015 12:00:00 AM,11/2/2015 12:00:00 AM,33299,15544,17755
9/11/2015 12:00:00 AM,11/3/2015 12:00:00 AM,32304,14549,17755
9/11/2015 12:00:00 AM,11/4/2015 12:00:00 AM,32252,14500,17752
9/11/2015 12:00:00 AM,11/5/2015 12:00:00 AM,30960,13831,17129
9/11/2015 12:00:00 AM,11/6/2015 12:00:00 AM,31576,14431,17145
9/11/2015 12:00:00 AM,11/7/2015 12:00:00 AM,31691,14260,17431
9/11/2015 12:00:00 AM,11/8/2015 12:00:00 AM,31435,14336,17099
9/11/2015 12:00:00 AM,11/9/2015 12:00:00 AM,30035,14042,15993
9/11/2015 12:00:00 AM,11/10/2015 12:00:00 AM,26324,11127,15197
9/11/2015 12:00:00 AM,11/11/2015 12:00:00 AM,26324,11127,15197
9/11/2015 12:00:00 AM,11/12/2015 12:00:00 AM,25607,11127,14480
9/11/2015 12:00:00 AM,11/13/2015 12:00:00 AM,25541,11044,14497
9/11/2015 12:00:00 AM,11/14/2015 12:00:00 AM,25452,11648,13804
9/11/2015 12:00:00 AM,11/15/2015 12:00:00 AM,23086,10977,12109
9/11/2015 12:00:00 AM,11/16/2015 12:00:00 AM,22225,10612,11613
9/11/2015 12:00:00 AM,11/17/2015 12:00:00 AM,20191,9871,10320
9/11/2015 12:00:00 AM,11/18/2015 12:00:00 AM,19574,9271,10303
9/11/2015 12:00:00 AM,11/19/2015 12:00:00 AM,19396,9271,10125
9/11/2015 12:00:00 AM,11/20/2015 12:00:00 AM,18840,8715,10125
9/11/2015 12:00:00 AM,11/21/2015 12:00:00 AM,17743,8569,9174
9/11/2015 12:00:00 AM,11/22/2015 12:00:00 AM,16196,8368,7828
9/11/2015 12:00:00 AM,11/23/2015 12:00:00 AM,13938,6991,6947
9/11/2015 12:00:00 AM,11/24/2015 12:00:00 AM,11408,4919,6489
9/11/2015 12:00:00 AM,11/25/2015 12:00:00 AM,10308,4439,5869
9/11/2015 12:00:00 AM,11/26/2015 12:00:00 AM,9773,4439,5334
9/11/2015 12:00:00 AM,11/27/2015 12:00:00 AM,9908,4439,5469
9/11/2015 12:00:00 AM,11/28/2015 12:00:00 AM,9482,4329,5153
9/11/2015 12:00:00 AM,11/29/2015 12:00:00 AM,9713,4409,5304
9/11/2015 12:00:00 AM,11/30/2015 12:00:00 AM,9649,4324,5325
9/11/2015 12:00:00 AM,12/1/2015 12:00:00 AM,8860,4307,4553
9/11/2015 12:00:00 AM,12/2/2015 12:00:00 AM,8274,3721,4553
9/11/2015 12:00:00 AM,12/3/2015 12:00:00 AM,7429,3721,3708
9/11/2015 12:00:00 AM,12/4/2015 12:00:00 AM,7429,3721,3708
9/11/2015 12:00:00 AM,12/5/2015 12:00:00 AM,9104,5441,3663
9/11/2015 12:00:00 AM,12/6/2015 12:00:00 AM,8759,5267,3492
9/11/2015 12:00:00 AM,12/7/2015 12:00:00 AM,8841,5304,3537
9/11/2015 12:00:00 AM,12/8/2015 12:00:00 AM,7541,4004,3537
9/11/2015 12:00:00 AM,12/9/2015 12:00:00 AM,7541,4004,3537
9/11/2015 12:00:00 AM,12/10/2015 12:00:00 AM,7541,4004,3537
9/11/2015 12:00:00 AM,12/11/2015 12:00:00 AM,6940,3403,3537
9/10/2015 12:00:00 AM,9/11/2015 12:00:00 AM,201,19,182
9/10/2015 12:00:00 AM,9/12/2015 12:00:00 AM,7407,3935,3472
9/10/2015 12:00:00 AM,9/13/2015 12:00:00 AM,8299,4325,3974
9/10/2015 12:00:00 AM,9/14/2015 12:00:00 AM,12859,6323,6536
9/10/2015 12:00:00 AM,9/15/2015 12:00:00 AM,12829,6323,6506
9/10/2015 12:00:00 AM,9/16/2015 12:00:00 AM,13364,6393,6971
9/10/2015 12:00:00 AM,9/17/2015 12:00:00 AM,13331,6393,6938
9/10/2015 12:00:00 AM,9/18/2015 12:00:00 AM,15194,6861,8333
9/10/2015 12:00:00 AM,9/19/2015 12:00:00 AM,17809,8786,9023
9/10/2015 12:00:00 AM,9/20/2015 12:00:00 AM,17490,8896,8594
9/10/2015 12:00:00 AM,9/21/2015 12:00:00 AM,20035,9761,10274
9/10/2015 12:00:00 AM,9/22/2015 12:00:00 AM,18534,8260,10274
9/10/2015 12:00:00 AM,9/23/2015 12:00:00 AM,18909,8410,10499
9/10/2015 12:00:00 AM,9/24/2015 12:00:00 AM,18789,8310,10479
9/10/2015 12:00:00 AM,9/25/2015 12:00:00 AM,18154,7620,10534
9/10/2015 12:00:00 AM,9/26/2015 12:00:00 AM,24118,11643,12475
9/10/2015 12:00:00 AM,9/27/2015 12:00:00 AM,22542,11129,11413
9/10/2015 12:00:00 AM,9/28/2015 12:00:00 AM,24413,11306,13107
9/10/2015 12:00:00 AM,9/29/2015 12:00:00 AM,24561,11451,13110
9/10/2015 12:00:00 AM,9/30/2015 12:00:00 AM,25981,12511,13470
9/10/2015 12:00:00 AM,10/1/2015 12:00:00 AM,26635,12069,14566
9/10/2015 12:00:00 AM,10/2/2015 12:00:00 AM,27440,12361,15079
9/10/2015 12:00:00 AM,10/3/2015 12:00:00 AM,28870,13057,15813
9/10/2015 12:00:00 AM,10/4/2015 12:00:00 AM,30534,13513,17021
9/10/2015 12:00:00 AM,10/5/2015 12:00:00 AM,33467,14505,18962
9/10/2015 12:00:00 AM,10/6/2015 12:00:00 AM,32513,14505,18008
9/10/2015 12:00:00 AM,10/7/2015 12:00:00 AM,31998,14004,17994
9/10/2015 12:00:00 AM,10/8/2015 12:00:00 AM,32718,14154,18564
9/10/2015 12:00:00 AM,10/9/2015 12:00:00 AM,33770,14810,18960
9/10/2015 12:00:00 AM,10/10/2015 12:00:00 AM,36520,17806,18714
9/10/2015 12:00:00 AM,10/11/2015 12:00:00 AM,36636,17961,18675
9/10/2015 12:00:00 AM,10/12/2015 12:00:00 AM,34742,17164,17578
9/10/2015 12:00:00 AM,10/13/2015 12:00:00 AM,31975,14047,17928
9/10/2015 12:00:00 AM,10/14/2015 12:00:00 AM,31636,14241,17395
9/10/2015 12:00:00 AM,10/15/2015 12:00:00 AM,31970,14141,17829
9/10/2015 12:00:00 AM,10/16/2015 12:00:00 AM,31379,14402,16977
9/10/2015 12:00:00 AM,10/17/2015 12:00:00 AM,36597,15388,21209
9/10/2015 12:00:00 AM,10/18/2015 12:00:00 AM,35642,15011,20631
9/10/2015 12:00:00 AM,10/19/2015 12:00:00 AM,36969,14512,22457
9/10/2015 12:00:00 AM,10/20/2015 12:00:00 AM,35415,14112,21303
9/10/2015 12:00:00 AM,10/21/2015 12:00:00 AM,34950,13862,21088
9/10/2015 12:00:00 AM,10/22/2015 12:00:00 AM,34319,13531,20788
9/10/2015 12:00:00 AM,10/23/2015 12:00:00 AM,34882,14213,20669
9/10/2015 12:00:00 AM,10/24/2015 12:00:00 AM,34607,14949,19658
9/10/2015 12:00:00 AM,10/25/2015 12:00:00 AM,34118,14214,19904
9/10/2015 12:00:00 AM,10/26/2015 12:00:00 AM,33962,14245,19717
9/10/2015 12:00:00 AM,10/27/2015 12:00:00 AM,30891,12333,18558
9/10/2015 12:00:00 AM,10/28/2015 12:00:00 AM,29998,11853,18145
9/10/2015 12:00:00 AM,10/29/2015 12:00:00 AM,29739,11043,18696
9/10/2015 12:00:00 AM,10/30/2015 12:00:00 AM,32107,11724,20383
9/10/2015 12:00:00 AM,10/31/2015 12:00:00 AM,33051,13722,19329
9/10/2015 12:00:00 AM,11/1/2015 12:00:00 AM,32890,14245,18645
9/10/2015 12:00:00 AM,11/2/2015 12:00:00 AM,33332,15544,17788
9/10/2015 12:00:00 AM,11/3/2015 12:00:00 AM,32304,14549,17755
9/10/2015 12:00:00 AM,11/4/2015 12:00:00 AM,32252,14500,17752
9/10/2015 12:00:00 AM,11/5/2015 12:00:00 AM,30960,13831,17129
9/10/2015 12:00:00 AM,11/6/2015 12:00:00 AM,31576,14431,17145
9/10/2015 12:00:00 AM,11/7/2015 12:00:00 AM,31691,14260,17431
9/10/2015 12:00:00 AM,11/8/2015 12:00:00 AM,31435,14336,17099
9/10/2015 12:00:00 AM,11/9/2015 12:00:00 AM,30035,14042,15993
9/10/2015 12:00:00 AM,11/10/2015 12:00:00 AM,26324,11127,15197
9/10/2015 12:00:00 AM,11/11/2015 12:00:00 AM,26324,11127,15197
9/10/2015 12:00:00 AM,11/12/2015 12:00:00 AM,25607,11127,14480
9/10/2015 12:00:00 AM,11/13/2015 12:00:00 AM,25524,11044,14480
9/10/2015 12:00:00 AM,11/14/2015 12:00:00 AM,25435,11648,13787
9/10/2015 12:00:00 AM,11/15/2015 12:00:00 AM,23069,10977,12092
9/10/2015 12:00:00 AM,11/16/2015 12:00:00 AM,22208,10612,11596
9/10/2015 12:00:00 AM,11/17/2015 12:00:00 AM,20174,9871,10303
9/10/2015 12:00:00 AM,11/18/2015 12:00:00 AM,19574,9271,10303
9/10/2015 12:00:00 AM,11/19/2015 12:00:00 AM,19396,9271,10125
9/10/2015 12:00:00 AM,11/20/2015 12:00:00 AM,18840,8715,10125
9/10/2015 12:00:00 AM,11/21/2015 12:00:00 AM,17743,8569,9174
9/10/2015 12:00:00 AM,11/22/2015 12:00:00 AM,16196,8368,7828
9/10/2015 12:00:00 AM,11/23/2015 12:00:00 AM,13938,6991,6947
9/10/2015 12:00:00 AM,11/24/2015 12:00:00 AM,11408,4919,6489
9/10/2015 12:00:00 AM,11/25/2015 12:00:00 AM,10308,4439,5869
9/10/2015 12:00:00 AM,11/26/2015 12:00:00 AM,9773,4439,5334
9/10/2015 12:00:00 AM,11/27/2015 12:00:00 AM,9908,4439,5469
9/10/2015 12:00:00 AM,11/28/2015 12:00:00 AM,9482,4329,5153
9/10/2015 12:00:00 AM,11/29/2015 12:00:00 AM,9713,4409,5304
9/10/2015 12:00:00 AM,11/30/2015 12:00:00 AM,9649,4324,5325
9/10/2015 12:00:00 AM,12/1/2015 12:00:00 AM,8860,4307,4553
9/10/2015 12:00:00 AM,12/2/2015 12:00:00 AM,8274,3721,4553
9/10/2015 12:00:00 AM,12/3/2015 12:00:00 AM,7429,3721,3708
9/10/2015 12:00:00 AM,12/4/2015 12:00:00 AM,7429,3721,3708
9/10/2015 12:00:00 AM,12/5/2015 12:00:00 AM,9104,5441,3663
9/10/2015 12:00:00 AM,12/6/2015 12:00:00 AM,8759,5267,3492
9/10/2015 12:00:00 AM,12/7/2015 12:00:00 AM,8841,5304,3537
9/10/2015 12:00:00 AM,12/8/2015 12:00:00 AM,7541,4004,3537
9/10/2015 12:00:00 AM,12/9/2015 12:00:00 AM,7541,4004,3537
9/10/2015 12:00:00 AM,12/10/2015 12:00:00 AM,7541,4004,3537
9/9/2015 12:00:00 AM,9/10/2015 12:00:00 AM,201,19,182
9/9/2015 12:00:00 AM,9/11/2015 12:00:00 AM,201,19,182
9/9/2015 12:00:00 AM,9/12/2015 12:00:00 AM,7374,3935,3439
9/9/2015 12:00:00 AM,9/13/2015 12:00:00 AM,8376,4435,3941
9/9/2015 12:00:00 AM,9/14/2015 12:00:00 AM,12936,6433,6503
9/9/2015 12:00:00 AM,9/15/2015 12:00:00 AM,12906,6433,6473
9/9/2015 12:00:00 AM,9/16/2015 12:00:00 AM,13441,6503,6938
9/9/2015 12:00:00 AM,9/17/2015 12:00:00 AM,13441,6503,6938
9/9/2015 12:00:00 AM,9/18/2015 12:00:00 AM,15304,6971,8333
9/9/2015 12:00:00 AM,9/19/2015 12:00:00 AM,17919,8896,9023
9/9/2015 12:00:00 AM,9/20/2015 12:00:00 AM,17600,9006,8594
9/9/2015 12:00:00 AM,9/21/2015 12:00:00 AM,20035,9761,10274
9/9/2015 12:00:00 AM,9/22/2015 12:00:00 AM,18534,8260,10274
9/9/2015 12:00:00 AM,9/23/2015 12:00:00 AM,18909,8410,10499
9/9/2015 12:00:00 AM,9/24/2015 12:00:00 AM,18789,8310,10479
9/9/2015 12:00:00 AM,9/25/2015 12:00:00 AM,18154,7620,10534
9/9/2015 12:00:00 AM,9/26/2015 12:00:00 AM,24118,11643,12475
9/9/2015 12:00:00 AM,9/27/2015 12:00:00 AM,22542,11129,11413
9/9/2015 12:00:00 AM,9/28/2015 12:00:00 AM,24413,11306,13107
9/9/2015 12:00:00 AM,9/29/2015 12:00:00 AM,24561,11451,13110
9/9/2015 12:00:00 AM,9/30/2015 12:00:00 AM,25981,12511,13470
9/9/2015 12:00:00 AM,10/1/2015 12:00:00 AM,26635,12069,14566
9/9/2015 12:00:00 AM,10/2/2015 12:00:00 AM,27440,12361,15079
9/9/2015 12:00:00 AM,10/3/2015 12:00:00 AM,28870,13057,15813
9/9/2015 12:00:00 AM,10/4/2015 12:00:00 AM,30534,13513,17021
9/9/2015 12:00:00 AM,10/5/2015 12:00:00 AM,33467,14505,18962
9/9/2015 12:00:00 AM,10/6/2015 12:00:00 AM,32513,14505,18008
9/9/2015 12:00:00 AM,10/7/2015 12:00:00 AM,31998,14004,17994
9/9/2015 12:00:00 AM,10/8/2015 12:00:00 AM,33478,14154,19324
9/9/2015 12:00:00 AM,10/9/2015 12:00:00 AM,33770,14810,18960
9/9/2015 12:00:00 AM,10/10/2015 12:00:00 AM,36520,17806,18714
9/9/2015 12:00:00 AM,10/11/2015 12:00:00 AM,36636,17961,18675
9/9/2015 12:00:00 AM,10/12/2015 12:00:00 AM,35502,17164,18338
9/9/2015 12:00:00 AM,10/13/2015 12:00:00 AM,32735,14047,18688
9/9/2015 12:00:00 AM,10/14/2015 12:00:00 AM,32396,14241,18155
9/9/2015 12:00:00 AM,10/15/2015 12:00:00 AM,32730,14141,18589
9/9/2015 12:00:00 AM,10/16/2015 12:00:00 AM,32139,14402,17737
9/9/2015 12:00:00 AM,10/17/2015 12:00:00 AM,36597,15388,21209
9/9/2015 12:00:00 AM,10/18/2015 12:00:00 AM,34759,14901,19858
9/9/2015 12:00:00 AM,10/19/2015 12:00:00 AM,36011,14402,21609
9/9/2015 12:00:00 AM,10/20/2015 12:00:00 AM,35217,14002,21215
9/9/2015 12:00:00 AM,10/21/2015 12:00:00 AM,34752,13752,21000
9/9/2015 12:00:00 AM,10/22/2015 12:00:00 AM,34121,13421,20700
9/9/2015 12:00:00 AM,10/23/2015 12:00:00 AM,34759,14103,20656
9/9/2015 12:00:00 AM,10/24/2015 12:00:00 AM,34484,14839,19645
9/9/2015 12:00:00 AM,10/25/2015 12:00:00 AM,34092,14214,19878
9/9/2015 12:00:00 AM,10/26/2015 12:00:00 AM,33949,14245,19704
9/9/2015 12:00:00 AM,10/27/2015 12:00:00 AM,30878,12333,18545
9/9/2015 12:00:00 AM,10/28/2015 12:00:00 AM,29985,11853,18132
9/9/2015 12:00:00 AM,10/29/2015 12:00:00 AM,29726,11043,18683
9/9/2015 12:00:00 AM,10/30/2015 12:00:00 AM,32094,11724,20370
9/9/2015 12:00:00 AM,10/31/2015 12:00:00 AM,33038,13722,19316
9/9/2015 12:00:00 AM,11/1/2015 12:00:00 AM,32877,14245,18632
9/9/2015 12:00:00 AM,11/2/2015 12:00:00 AM,33332,15544,17788
9/9/2015 12:00:00 AM,11/3/2015 12:00:00 AM,32304,14549,17755
9/9/2015 12:00:00 AM,11/4/2015 12:00:00 AM,32252,14500,17752
9/9/2015 12:00:00 AM,11/5/2015 12:00:00 AM,30960,13831,17129
9/9/2015 12:00:00 AM,11/6/2015 12:00:00 AM,31576,14431,17145
9/9/2015 12:00:00 AM,11/7/2015 12:00:00 AM,31691,14260,17431
9/9/2015 12:00:00 AM,11/8/2015 12:00:00 AM,31435,14336,17099
9/9/2015 12:00:00 AM,11/9/2015 12:00:00 AM,30035,14042,15993
9/9/2015 12:00:00 AM,11/10/2015 12:00:00 AM,26324,11127,15197
9/9/2015 12:00:00 AM,11/11/2015 12:00:00 AM,26324,11127,15197
9/9/2015 12:00:00 AM,11/12/2015 12:00:00 AM,25607,11127,14480
9/9/2015 12:00:00 AM,11/13/2015 12:00:00 AM,25524,11044,14480
9/9/2015 12:00:00 AM,11/14/2015 12:00:00 AM,25435,11648,13787
9/9/2015 12:00:00 AM,11/15/2015 12:00:00 AM,23069,10977,12092
9/9/2015 12:00:00 AM,11/16/2015 12:00:00 AM,22208,10612,11596
9/9/2015 12:00:00 AM,11/17/2015 12:00:00 AM,20174,9871,10303
9/9/2015 12:00:00 AM,11/18/2015 12:00:00 AM,19574,9271,10303
9/9/2015 12:00:00 AM,11/19/2015 12:00:00 AM,19396,9271,10125
9/9/2015 12:00:00 AM,11/20/2015 12:00:00 AM,18840,8715,10125
9/9/2015 12:00:00 AM,11/21/2015 12:00:00 AM,17743,8569,9174
9/9/2015 12:00:00 AM,11/22/2015 12:00:00 AM,16196,8368,7828
9/9/2015 12:00:00 AM,11/23/2015 12:00:00 AM,13938,6991,6947
9/9/2015 12:00:00 AM,11/24/2015 12:00:00 AM,11408,4919,6489
9/9/2015 12:00:00 AM,11/25/2015 12:00:00 AM,10308,4439,5869
9/9/2015 12:00:00 AM,11/26/2015 12:00:00 AM,9773,4439,5334
9/9/2015 12:00:00 AM,11/27/2015 12:00:00 AM,9908,4439,5469
9/9/2015 12:00:00 AM,11/28/2015 12:00:00 AM,9482,4329,5153
9/9/2015 12:00:00 AM,11/29/2015 12:00:00 AM,9713,4409,5304
9/9/2015 12:00:00 AM,11/30/2015 12:00:00 AM,9649,4324,5325
9/9/2015 12:00:00 AM,12/1/2015 12:00:00 AM,8860,4307,4553
9/9/2015 12:00:00 AM,12/2/2015 12:00:00 AM,8274,3721,4553
9/9/2015 12:00:00 AM,12/3/2015 12:00:00 AM,7429,3721,3708
9/9/2015 12:00:00 AM,12/4/2015 12:00:00 AM,7429,3721,3708
9/9/2015 12:00:00 AM,12/5/2015 12:00:00 AM,9104,5441,3663
9/9/2015 12:00:00 AM,12/6/2015 12:00:00 AM,8759,5267,3492
9/9/2015 12:00:00 AM,12/7/2015 12:00:00 AM,8841,5304,3537
9/9/2015 12:00:00 AM,12/8/2015 12:00:00 AM,7541,4004,3537
9/9/2015 12:00:00 AM,12/9/2015 12:00:00 AM,7541,4004,3537
9/8/2015 12:00:00 AM,9/9/2015 12:00:00 AM,201,19,182
9/8/2015 12:00:00 AM,9/10/2015 12:00:00 AM,201,19,182
9/8/2015 12:00:00 AM,9/11/2015 12:00:00 AM,201,19,182
9/8/2015 12:00:00 AM,9/12/2015 12:00:00 AM,7374,3935,3439
9/8/2015 12:00:00 AM,9/13/2015 12:00:00 AM,8376,4435,3941
9/8/2015 12:00:00 AM,9/14/2015 12:00:00 AM,12936,6433,6503
9/8/2015 12:00:00 AM,9/15/2015 12:00:00 AM,12906,6433,6473
9/8/2015 12:00:00 AM,9/16/2015 12:00:00 AM,13441,6503,6938
9/8/2015 12:00:00 AM,9/17/2015 12:00:00 AM,13441,6503,6938
9/8/2015 12:00:00 AM,9/18/2015 12:00:00 AM,15304,6971,8333
9/8/2015 12:00:00 AM,9/19/2015 12:00:00 AM,17919,8896,9023
9/8/2015 12:00:00 AM,9/20/2015 12:00:00 AM,17600,9006,8594
9/8/2015 12:00:00 AM,9/21/2015 12:00:00 AM,20035,9761,10274
9/8/2015 12:00:00 AM,9/22/2015 12:00:00 AM,18534,8260,10274
9/8/2015 12:00:00 AM,9/23/2015 12:00:00 AM,18909,8410,10499
9/8/2015 12:00:00 AM,9/24/2015 12:00:00 AM,18789,8310,10479
9/8/2015 12:00:00 AM,9/25/2015 12:00:00 AM,18154,7620,10534
9/8/2015 12:00:00 AM,9/26/2015 12:00:00 AM,24118,11643,12475
9/8/2015 12:00:00 AM,9/27/2015 12:00:00 AM,22542,11129,11413
9/8/2015 12:00:00 AM,9/28/2015 12:00:00 AM,24413,11306,13107
9/8/2015 12:00:00 AM,9/29/2015 12:00:00 AM,24561,11451,13110
9/8/2015 12:00:00 AM,9/30/2015 12:00:00 AM,25981,12511,13470
9/8/2015 12:00:00 AM,10/1/2015 12:00:00 AM,26635,12069,14566
9/8/2015 12:00:00 AM,10/2/2015 12:00:00 AM,27440,12361,15079
9/8/2015 12:00:00 AM,10/3/2015 12:00:00 AM,28870,13057,15813
9/8/2015 12:00:00 AM,10/4/2015 12:00:00 AM,30534,13513,17021
9/8/2015 12:00:00 AM,10/5/2015 12:00:00 AM,33467,14505,18962
9/8/2015 12:00:00 AM,10/6/2015 12:00:00 AM,32513,14505,18008
9/8/2015 12:00:00 AM,10/7/2015 12:00:00 AM,31998,14004,17994
9/8/2015 12:00:00 AM,10/8/2015 12:00:00 AM,33478,14154,19324
9/8/2015 12:00:00 AM,10/9/2015 12:00:00 AM,33770,14810,18960
9/8/2015 12:00:00 AM,10/10/2015 12:00:00 AM,36520,17806,18714
9/8/2015 12:00:00 AM,10/11/2015 12:00:00 AM,36636,17961,18675
9/8/2015 12:00:00 AM,10/12/2015 12:00:00 AM,35502,17164,18338
9/8/2015 12:00:00 AM,10/13/2015 12:00:00 AM,32735,14047,18688
9/8/2015 12:00:00 AM,10/14/2015 12:00:00 AM,32396,14241,18155
9/8/2015 12:00:00 AM,10/15/2015 12:00:00 AM,32730,14141,18589
9/8/2015 12:00:00 AM,10/16/2015 12:00:00 AM,32139,14402,17737
9/8/2015 12:00:00 AM,10/17/2015 12:00:00 AM,36597,15388,21209
9/8/2015 12:00:00 AM,10/18/2015 12:00:00 AM,34759,14901,19858
9/8/2015 12:00:00 AM,10/19/2015 12:00:00 AM,36011,14402,21609
9/8/2015 12:00:00 AM,10/20/2015 12:00:00 AM,35217,14002,21215
9/8/2015 12:00:00 AM,10/21/2015 12:00:00 AM,34752,13752,21000
9/8/2015 12:00:00 AM,10/22/2015 12:00:00 AM,34121,13421,20700
9/8/2015 12:00:00 AM,10/23/2015 12:00:00 AM,34759,14103,20656
9/8/2015 12:00:00 AM,10/24/2015 12:00:00 AM,34484,14839,19645
9/8/2015 12:00:00 AM,10/25/2015 12:00:00 AM,34092,14214,19878
9/8/2015 12:00:00 AM,10/26/2015 12:00:00 AM,33949,14245,19704
9/8/2015 12:00:00 AM,10/27/2015 12:00:00 AM,30878,12333,18545
9/8/2015 12:00:00 AM,10/28/2015 12:00:00 AM,29985,11853,18132
9/8/2015 12:00:00 AM,10/29/2015 12:00:00 AM,29726,11043,18683
9/8/2015 12:00:00 AM,10/30/2015 12:00:00 AM,32094,11724,20370
9/8/2015 12:00:00 AM,10/31/2015 12:00:00 AM,33038,13722,19316
9/8/2015 12:00:00 AM,11/1/2015 12:00:00 AM,32877,14245,18632
9/8/2015 12:00:00 AM,11/2/2015 12:00:00 AM,33332,15544,17788
9/8/2015 12:00:00 AM,11/3/2015 12:00:00 AM,32304,14549,17755
9/8/2015 12:00:00 AM,11/4/2015 12:00:00 AM,32252,14500,17752
9/8/2015 12:00:00 AM,11/5/2015 12:00:00 AM,30960,13831,17129
9/8/2015 12:00:00 AM,11/6/2015 12:00:00 AM,31576,14431,17145
9/8/2015 12:00:00 AM,11/7/2015 12:00:00 AM,31958,14260,17698
9/8/2015 12:00:00 AM,11/8/2015 12:00:00 AM,31702,14336,17366
9/8/2015 12:00:00 AM,11/9/2015 12:00:00 AM,30035,14042,15993
9/8/2015 12:00:00 AM,11/10/2015 12:00:00 AM,26324,11127,15197
9/8/2015 12:00:00 AM,11/11/2015 12:00:00 AM,26324,11127,15197
9/8/2015 12:00:00 AM,11/12/2015 12:00:00 AM,25607,11127,14480
9/8/2015 12:00:00 AM,11/13/2015 12:00:00 AM,25524,11044,14480
9/8/2015 12:00:00 AM,11/14/2015 12:00:00 AM,25435,11648,13787
9/8/2015 12:00:00 AM,11/15/2015 12:00:00 AM,23069,10977,12092
9/8/2015 12:00:00 AM,11/16/2015 12:00:00 AM,22208,10612,11596
9/8/2015 12:00:00 AM,11/17/2015 12:00:00 AM,20174,9871,10303
9/8/2015 12:00:00 AM,11/18/2015 12:00:00 AM,19574,9271,10303
9/8/2015 12:00:00 AM,11/19/2015 12:00:00 AM,19396,9271,10125
9/8/2015 12:00:00 AM,11/20/2015 12:00:00 AM,18840,8715,10125
9/8/2015 12:00:00 AM,11/21/2015 12:00:00 AM,17743,8569,9174
9/8/2015 12:00:00 AM,11/22/2015 12:00:00 AM,16196,8368,7828
9/8/2015 12:00:00 AM,11/23/2015 12:00:00 AM,13938,6991,6947
9/8/2015 12:00:00 AM,11/24/2015 12:00:00 AM,11408,4919,6489
9/8/2015 12:00:00 AM,11/25/2015 12:00:00 AM,10308,4439,5869
9/8/2015 12:00:00 AM,11/26/2015 12:00:00 AM,9773,4439,5334
9/8/2015 12:00:00 AM,11/27/2015 12:00:00 AM,9908,4439,5469
9/8/2015 12:00:00 AM,11/28/2015 12:00:00 AM,9482,4329,5153
9/8/2015 12:00:00 AM,11/29/2015 12:00:00 AM,9713,4409,5304
9/8/2015 12:00:00 AM,11/30/2015 12:00:00 AM,9649,4324,5325
9/8/2015 12:00:00 AM,12/1/2015 12:00:00 AM,8860,4307,4553
9/8/2015 12:00:00 AM,12/2/2015 12:00:00 AM,8274,3721,4553
9/8/2015 12:00:00 AM,12/3/2015 12:00:00 AM,7429,3721,3708
9/8/2015 12:00:00 AM,12/4/2015 12:00:00 AM,7429,3721,3708
9/8/2015 12:00:00 AM,12/5/2015 12:00:00 AM,9104,5441,3663
9/8/2015 12:00:00 AM,12/6/2015 12:00:00 AM,8759,5267,3492
9/8/2015 12:00:00 AM,12/7/2015 12:00:00 AM,8841,5304,3537
9/8/2015 12:00:00 AM,12/8/2015 12:00:00 AM,7541,4004,3537
9/7/2015 12:00:00 AM,9/8/2015 12:00:00 AM,201,19,182
9/7/2015 12:00:00 AM,9/9/2015 12:00:00 AM,201,19,182
9/7/2015 12:00:00 AM,9/10/2015 12:00:00 AM,201,19,182
9/7/2015 12:00:00 AM,9/11/2015 12:00:00 AM,201,19,182
9/7/2015 12:00:00 AM,9/12/2015 12:00:00 AM,7374,3935,3439
9/7/2015 12:00:00 AM,9/13/2015 12:00:00 AM,8376,4435,3941
9/7/2015 12:00:00 AM,9/14/2015 12:00:00 AM,12936,6433,6503
9/7/2015 12:00:00 AM,9/15/2015 12:00:00 AM,12906,6433,6473
9/7/2015 12:00:00 AM,9/16/2015 12:00:00 AM,13441,6503,6938
9/7/2015 12:00:00 AM,9/17/2015 12:00:00 AM,13441,6503,6938
9/7/2015 12:00:00 AM,9/18/2015 12:00:00 AM,15304,6971,8333
9/7/2015 12:00:00 AM,9/19/2015 12:00:00 AM,17919,8896,9023
9/7/2015 12:00:00 AM,9/20/2015 12:00:00 AM,17600,9006,8594
9/7/2015 12:00:00 AM,9/21/2015 12:00:00 AM,20035,9761,10274
9/7/2015 12:00:00 AM,9/22/2015 12:00:00 AM,18534,8260,10274
9/7/2015 12:00:00 AM,9/23/2015 12:00:00 AM,18909,8410,10499
9/7/2015 12:00:00 AM,9/24/2015 12:00:00 AM,18789,8310,10479
9/7/2015 12:00:00 AM,9/25/2015 12:00:00 AM,18154,7620,10534
9/7/2015 12:00:00 AM,9/26/2015 12:00:00 AM,24118,11643,12475
9/7/2015 12:00:00 AM,9/27/2015 12:00:00 AM,22542,11129,11413
9/7/2015 12:00:00 AM,9/28/2015 12:00:00 AM,24413,11306,13107
9/7/2015 12:00:00 AM,9/29/2015 12:00:00 AM,24561,11451,13110
9/7/2015 12:00:00 AM,9/30/2015 12:00:00 AM,25981,12511,13470
9/7/2015 12:00:00 AM,10/1/2015 12:00:00 AM,26635,12069,14566
9/7/2015 12:00:00 AM,10/2/2015 12:00:00 AM,27440,12361,15079
9/7/2015 12:00:00 AM,10/3/2015 12:00:00 AM,28870,13057,15813
9/7/2015 12:00:00 AM,10/4/2015 12:00:00 AM,30534,13513,17021
9/7/2015 12:00:00 AM,10/5/2015 12:00:00 AM,33467,14505,18962
9/7/2015 12:00:00 AM,10/6/2015 12:00:00 AM,32513,14505,18008
9/7/2015 12:00:00 AM,10/7/2015 12:00:00 AM,31998,14004,17994
9/7/2015 12:00:00 AM,10/8/2015 12:00:00 AM,33478,14154,19324
9/7/2015 12:00:00 AM,10/9/2015 12:00:00 AM,33770,14810,18960
9/7/2015 12:00:00 AM,10/10/2015 12:00:00 AM,36520,17806,18714
9/7/2015 12:00:00 AM,10/11/2015 12:00:00 AM,36636,17961,18675
9/7/2015 12:00:00 AM,10/12/2015 12:00:00 AM,35502,17164,18338
9/7/2015 12:00:00 AM,10/13/2015 12:00:00 AM,32735,14047,18688
9/7/2015 12:00:00 AM,10/14/2015 12:00:00 AM,32396,14241,18155
9/7/2015 12:00:00 AM,10/15/2015 12:00:00 AM,32730,14141,18589
9/7/2015 12:00:00 AM,10/16/2015 12:00:00 AM,32139,14402,17737
9/7/2015 12:00:00 AM,10/17/2015 12:00:00 AM,36597,15388,21209
9/7/2015 12:00:00 AM,10/18/2015 12:00:00 AM,34759,14901,19858
9/7/2015 12:00:00 AM,10/19/2015 12:00:00 AM,36011,14402,21609
9/7/2015 12:00:00 AM,10/20/2015 12:00:00 AM,35217,14002,21215
9/7/2015 12:00:00 AM,10/21/2015 12:00:00 AM,34752,13752,21000
9/7/2015 12:00:00 AM,10/22/2015 12:00:00 AM,34121,13421,20700
9/7/2015 12:00:00 AM,10/23/2015 12:00:00 AM,34759,14103,20656
9/7/2015 12:00:00 AM,10/24/2015 12:00:00 AM,34484,14839,19645
9/7/2015 12:00:00 AM,10/25/2015 12:00:00 AM,34092,14214,19878
9/7/2015 12:00:00 AM,10/26/2015 12:00:00 AM,33949,14245,19704
9/7/2015 12:00:00 AM,10/27/2015 12:00:00 AM,30878,12333,18545
9/7/2015 12:00:00 AM,10/28/2015 12:00:00 AM,29985,11853,18132
9/7/2015 12:00:00 AM,10/29/2015 12:00:00 AM,29726,11043,18683
9/7/2015 12:00:00 AM,10/30/2015 12:00:00 AM,32094,11724,20370
9/7/2015 12:00:00 AM,10/31/2015 12:00:00 AM,33038,13722,19316
9/7/2015 12:00:00 AM,11/1/2015 12:00:00 AM,32877,14245,18632
9/7/2015 12:00:00 AM,11/2/2015 12:00:00 AM,33332,15544,17788
9/7/2015 12:00:00 AM,11/3/2015 12:00:00 AM,32304,14549,17755
9/7/2015 12:00:00 AM,11/4/2015 12:00:00 AM,32252,14500,17752
9/7/2015 12:00:00 AM,11/5/2015 12:00:00 AM,30960,13831,17129
9/7/2015 12:00:00 AM,11/6/2015 12:00:00 AM,31576,14431,17145
9/7/2015 12:00:00 AM,11/7/2015 12:00:00 AM,31958,14260,17698
9/7/2015 12:00:00 AM,11/8/2015 12:00:00 AM,31702,14336,17366
9/7/2015 12:00:00 AM,11/9/2015 12:00:00 AM,30035,14042,15993
9/7/2015 12:00:00 AM,11/10/2015 12:00:00 AM,26324,11127,15197
9/7/2015 12:00:00 AM,11/11/2015 12:00:00 AM,26324,11127,15197
9/7/2015 12:00:00 AM,11/12/2015 12:00:00 AM,25607,11127,14480
9/7/2015 12:00:00 AM,11/13/2015 12:00:00 AM,25524,11044,14480
9/7/2015 12:00:00 AM,11/14/2015 12:00:00 AM,25435,11648,13787
9/7/2015 12:00:00 AM,11/15/2015 12:00:00 AM,23069,10977,12092
9/7/2015 12:00:00 AM,11/16/2015 12:00:00 AM,22208,10612,11596
9/7/2015 12:00:00 AM,11/17/2015 12:00:00 AM,20174,9871,10303
9/7/2015 12:00:00 AM,11/18/2015 12:00:00 AM,19574,9271,10303
9/7/2015 12:00:00 AM,11/19/2015 12:00:00 AM,19396,9271,10125
9/7/2015 12:00:00 AM,11/20/2015 12:00:00 AM,18840,8715,10125
9/7/2015 12:00:00 AM,11/21/2015 12:00:00 AM,17743,8569,9174
9/7/2015 12:00:00 AM,11/22/2015 12:00:00 AM,16196,8368,7828
9/7/2015 12:00:00 AM,11/23/2015 12:00:00 AM,13938,6991,6947
9/7/2015 12:00:00 AM,11/24/2015 12:00:00 AM,11408,4919,6489
9/7/2015 12:00:00 AM,11/25/2015 12:00:00 AM,10308,4439,5869
9/7/2015 12:00:00 AM,11/26/2015 12:00:00 AM,9773,4439,5334
9/7/2015 12:00:00 AM,11/27/2015 12:00:00 AM,9908,4439,5469
9/7/2015 12:00:00 AM,11/28/2015 12:00:00 AM,9482,4329,5153
9/7/2015 12:00:00 AM,11/29/2015 12:00:00 AM,9713,4409,5304
9/7/2015 12:00:00 AM,11/30/2015 12:00:00 AM,9649,4324,5325
9/7/2015 12:00:00 AM,12/1/2015 12:00:00 AM,8860,4307,4553
9/7/2015 12:00:00 AM,12/2/2015 12:00:00 AM,8274,3721,4553
9/7/2015 12:00:00 AM,12/3/2015 12:00:00 AM,7429,3721,3708
9/7/2015 12:00:00 AM,12/4/2015 12:00:00 AM,7429,3721,3708
9/7/2015 12:00:00 AM,12/5/2015 12:00:00 AM,9104,5441,3663
9/7/2015 12:00:00 AM,12/6/2015 12:00:00 AM,8759,5267,3492
9/7/2015 12:00:00 AM,12/7/2015 12:00:00 AM,8841,5304,3537
9/6/2015 12:00:00 AM,9/7/2015 12:00:00 AM,190,19,171
9/6/2015 12:00:00 AM,9/8/2015 12:00:00 AM,201,19,182
9/6/2015 12:00:00 AM,9/9/2015 12:00:00 AM,201,19,182
9/6/2015 12:00:00 AM,9/10/2015 12:00:00 AM,201,19,182
9/6/2015 12:00:00 AM,9/11/2015 12:00:00 AM,201,19,182
9/6/2015 12:00:00 AM,9/12/2015 12:00:00 AM,7374,3935,3439
9/6/2015 12:00:00 AM,9/13/2015 12:00:00 AM,8376,4435,3941
9/6/2015 12:00:00 AM,9/14/2015 12:00:00 AM,12936,6433,6503
9/6/2015 12:00:00 AM,9/15/2015 12:00:00 AM,12906,6433,6473
9/6/2015 12:00:00 AM,9/16/2015 12:00:00 AM,13441,6503,6938
9/6/2015 12:00:00 AM,9/17/2015 12:00:00 AM,13441,6503,6938
9/6/2015 12:00:00 AM,9/18/2015 12:00:00 AM,15304,6971,8333
9/6/2015 12:00:00 AM,9/19/2015 12:00:00 AM,17919,8896,9023
9/6/2015 12:00:00 AM,9/20/2015 12:00:00 AM,17600,9006,8594
9/6/2015 12:00:00 AM,9/21/2015 12:00:00 AM,20035,9761,10274
9/6/2015 12:00:00 AM,9/22/2015 12:00:00 AM,18534,8260,10274
9/6/2015 12:00:00 AM,9/23/2015 12:00:00 AM,18909,8410,10499
9/6/2015 12:00:00 AM,9/24/2015 12:00:00 AM,18789,8310,10479
9/6/2015 12:00:00 AM,9/25/2015 12:00:00 AM,18154,7620,10534
9/6/2015 12:00:00 AM,9/26/2015 12:00:00 AM,24118,11643,12475
9/6/2015 12:00:00 AM,9/27/2015 12:00:00 AM,22542,11129,11413
9/6/2015 12:00:00 AM,9/28/2015 12:00:00 AM,24413,11306,13107
9/6/2015 12:00:00 AM,9/29/2015 12:00:00 AM,24561,11451,13110
9/6/2015 12:00:00 AM,9/30/2015 12:00:00 AM,25981,12511,13470
9/6/2015 12:00:00 AM,10/1/2015 12:00:00 AM,26635,12069,14566
9/6/2015 12:00:00 AM,10/2/2015 12:00:00 AM,27440,12361,15079
9/6/2015 12:00:00 AM,10/3/2015 12:00:00 AM,28870,13057,15813
9/6/2015 12:00:00 AM,10/4/2015 12:00:00 AM,30534,13513,17021
9/6/2015 12:00:00 AM,10/5/2015 12:00:00 AM,33467,14505,18962
9/6/2015 12:00:00 AM,10/6/2015 12:00:00 AM,32513,14505,18008
9/6/2015 12:00:00 AM,10/7/2015 12:00:00 AM,31998,14004,17994
9/6/2015 12:00:00 AM,10/8/2015 12:00:00 AM,33478,14154,19324
9/6/2015 12:00:00 AM,10/9/2015 12:00:00 AM,33770,14810,18960
9/6/2015 12:00:00 AM,10/10/2015 12:00:00 AM,36520,17806,18714
9/6/2015 12:00:00 AM,10/11/2015 12:00:00 AM,36636,17961,18675
9/6/2015 12:00:00 AM,10/12/2015 12:00:00 AM,35502,17164,18338
9/6/2015 12:00:00 AM,10/13/2015 12:00:00 AM,32735,14047,18688
9/6/2015 12:00:00 AM,10/14/2015 12:00:00 AM,32396,14241,18155
9/6/2015 12:00:00 AM,10/15/2015 12:00:00 AM,32730,14141,18589
9/6/2015 12:00:00 AM,10/16/2015 12:00:00 AM,32139,14402,17737
9/6/2015 12:00:00 AM,10/17/2015 12:00:00 AM,36597,15388,21209
9/6/2015 12:00:00 AM,10/18/2015 12:00:00 AM,34759,14901,19858
9/6/2015 12:00:00 AM,10/19/2015 12:00:00 AM,36011,14402,21609
9/6/2015 12:00:00 AM,10/20/2015 12:00:00 AM,35217,14002,21215
9/6/2015 12:00:00 AM,10/21/2015 12:00:00 AM,34752,13752,21000
9/6/2015 12:00:00 AM,10/22/2015 12:00:00 AM,34121,13421,20700
9/6/2015 12:00:00 AM,10/23/2015 12:00:00 AM,34759,14103,20656
9/6/2015 12:00:00 AM,10/24/2015 12:00:00 AM,34484,14839,19645
9/6/2015 12:00:00 AM,10/25/2015 12:00:00 AM,34092,14214,19878
9/6/2015 12:00:00 AM,10/26/2015 12:00:00 AM,33949,14245,19704
9/6/2015 12:00:00 AM,10/27/2015 12:00:00 AM,30878,12333,18545
9/6/2015 12:00:00 AM,10/28/2015 12:00:00 AM,29985,11853,18132
9/6/2015 12:00:00 AM,10/29/2015 12:00:00 AM,29726,11043,18683
9/6/2015 12:00:00 AM,10/30/2015 12:00:00 AM,32094,11724,20370
9/6/2015 12:00:00 AM,10/31/2015 12:00:00 AM,33038,13722,19316
9/6/2015 12:00:00 AM,11/1/2015 12:00:00 AM,32877,14245,18632
9/6/2015 12:00:00 AM,11/2/2015 12:00:00 AM,33332,15544,17788
9/6/2015 12:00:00 AM,11/3/2015 12:00:00 AM,32304,14549,17755
9/6/2015 12:00:00 AM,11/4/2015 12:00:00 AM,32252,14500,17752
9/6/2015 12:00:00 AM,11/5/2015 12:00:00 AM,30960,13831,17129
9/6/2015 12:00:00 AM,11/6/2015 12:00:00 AM,31576,14431,17145
9/6/2015 12:00:00 AM,11/7/2015 12:00:00 AM,31958,14260,17698
9/6/2015 12:00:00 AM,11/8/2015 12:00:00 AM,31702,14336,17366
9/6/2015 12:00:00 AM,11/9/2015 12:00:00 AM,30035,14042,15993
9/6/2015 12:00:00 AM,11/10/2015 12:00:00 AM,26324,11127,15197
9/6/2015 12:00:00 AM,11/11/2015 12:00:00 AM,26324,11127,15197
9/6/2015 12:00:00 AM,11/12/2015 12:00:00 AM,25607,11127,14480
9/6/2015 12:00:00 AM,11/13/2015 12:00:00 AM,25524,11044,14480
9/6/2015 12:00:00 AM,11/14/2015 12:00:00 AM,25435,11648,13787
9/6/2015 12:00:00 AM,11/15/2015 12:00:00 AM,23069,10977,12092
9/6/2015 12:00:00 AM,11/16/2015 12:00:00 AM,22208,10612,11596
9/6/2015 12:00:00 AM,11/17/2015 12:00:00 AM,20174,9871,10303
9/6/2015 12:00:00 AM,11/18/2015 12:00:00 AM,19574,9271,10303
9/6/2015 12:00:00 AM,11/19/2015 12:00:00 AM,19396,9271,10125
9/6/2015 12:00:00 AM,11/20/2015 12:00:00 AM,18840,8715,10125
9/6/2015 12:00:00 AM,11/21/2015 12:00:00 AM,17743,8569,9174
9/6/2015 12:00:00 AM,11/22/2015 12:00:00 AM,16196,8368,7828
9/6/2015 12:00:00 AM,11/23/2015 12:00:00 AM,13938,6991,6947
9/6/2015 12:00:00 AM,11/24/2015 12:00:00 AM,11408,4919,6489
9/6/2015 12:00:00 AM,11/25/2015 12:00:00 AM,10308,4439,5869
9/6/2015 12:00:00 AM,11/26/2015 12:00:00 AM,9773,4439,5334
9/6/2015 12:00:00 AM,11/27/2015 12:00:00 AM,9908,4439,5469
9/6/2015 12:00:00 AM,11/28/2015 12:00:00 AM,9482,4329,5153
9/6/2015 12:00:00 AM,11/29/2015 12:00:00 AM,9713,4409,5304
9/6/2015 12:00:00 AM,11/30/2015 12:00:00 AM,9649,4324,5325
9/6/2015 12:00:00 AM,12/1/2015 12:00:00 AM,8860,4307,4553
9/6/2015 12:00:00 AM,12/2/2015 12:00:00 AM,8274,3721,4553
9/6/2015 12:00:00 AM,12/3/2015 12:00:00 AM,7429,3721,3708
9/6/2015 12:00:00 AM,12/4/2015 12:00:00 AM,7429,3721,3708
9/6/2015 12:00:00 AM,12/5/2015 12:00:00 AM,9104,5441,3663
9/6/2015 12:00:00 AM,12/6/2015 12:00:00 AM,8759,5267,3492
9/5/2015 12:00:00 AM,9/6/2015 12:00:00 AM,141,19,122
9/5/2015 12:00:00 AM,9/7/2015 12:00:00 AM,190,19,171
9/5/2015 12:00:00 AM,9/8/2015 12:00:00 AM,201,19,182
9/5/2015 12:00:00 AM,9/9/2015 12:00:00 AM,201,19,182
9/5/2015 12:00:00 AM,9/10/2015 12:00:00 AM,201,19,182
9/5/2015 12:00:00 AM,9/11/2015 12:00:00 AM,201,19,182
9/5/2015 12:00:00 AM,9/12/2015 12:00:00 AM,7374,3935,3439
9/5/2015 12:00:00 AM,9/13/2015 12:00:00 AM,8376,4435,3941
9/5/2015 12:00:00 AM,9/14/2015 12:00:00 AM,12936,6433,6503
9/5/2015 12:00:00 AM,9/15/2015 12:00:00 AM,12906,6433,6473
9/5/2015 12:00:00 AM,9/16/2015 12:00:00 AM,13441,6503,6938
9/5/2015 12:00:00 AM,9/17/2015 12:00:00 AM,13441,6503,6938
9/5/2015 12:00:00 AM,9/18/2015 12:00:00 AM,15304,6971,8333
9/5/2015 12:00:00 AM,9/19/2015 12:00:00 AM,17919,8896,9023
9/5/2015 12:00:00 AM,9/20/2015 12:00:00 AM,17600,9006,8594
9/5/2015 12:00:00 AM,9/21/2015 12:00:00 AM,20035,9761,10274
9/5/2015 12:00:00 AM,9/22/2015 12:00:00 AM,18534,8260,10274
9/5/2015 12:00:00 AM,9/23/2015 12:00:00 AM,18909,8410,10499
9/5/2015 12:00:00 AM,9/24/2015 12:00:00 AM,18789,8310,10479
9/5/2015 12:00:00 AM,9/25/2015 12:00:00 AM,18154,7620,10534
9/5/2015 12:00:00 AM,9/26/2015 12:00:00 AM,24118,11643,12475
9/5/2015 12:00:00 AM,9/27/2015 12:00:00 AM,22542,11129,11413
9/5/2015 12:00:00 AM,9/28/2015 12:00:00 AM,24413,11306,13107
9/5/2015 12:00:00 AM,9/29/2015 12:00:00 AM,24561,11451,13110
9/5/2015 12:00:00 AM,9/30/2015 12:00:00 AM,25981,12511,13470
9/5/2015 12:00:00 AM,10/1/2015 12:00:00 AM,26635,12069,14566
9/5/2015 12:00:00 AM,10/2/2015 12:00:00 AM,27440,12361,15079
9/5/2015 12:00:00 AM,10/3/2015 12:00:00 AM,28870,13057,15813
9/5/2015 12:00:00 AM,10/4/2015 12:00:00 AM,30534,13513,17021
9/5/2015 12:00:00 AM,10/5/2015 12:00:00 AM,33467,14505,18962
9/5/2015 12:00:00 AM,10/6/2015 12:00:00 AM,32513,14505,18008
9/5/2015 12:00:00 AM,10/7/2015 12:00:00 AM,31998,14004,17994
9/5/2015 12:00:00 AM,10/8/2015 12:00:00 AM,33478,14154,19324
9/5/2015 12:00:00 AM,10/9/2015 12:00:00 AM,33770,14810,18960
9/5/2015 12:00:00 AM,10/10/2015 12:00:00 AM,36520,17806,18714
9/5/2015 12:00:00 AM,10/11/2015 12:00:00 AM,36636,17961,18675
9/5/2015 12:00:00 AM,10/12/2015 12:00:00 AM,35502,17164,18338
9/5/2015 12:00:00 AM,10/13/2015 12:00:00 AM,32735,14047,18688
9/5/2015 12:00:00 AM,10/14/2015 12:00:00 AM,32396,14241,18155
9/5/2015 12:00:00 AM,10/15/2015 12:00:00 AM,32730,14141,18589
9/5/2015 12:00:00 AM,10/16/2015 12:00:00 AM,32139,14402,17737
9/5/2015 12:00:00 AM,10/17/2015 12:00:00 AM,36597,15388,21209
9/5/2015 12:00:00 AM,10/18/2015 12:00:00 AM,34759,14901,19858
9/5/2015 12:00:00 AM,10/19/2015 12:00:00 AM,36011,14402,21609
9/5/2015 12:00:00 AM,10/20/2015 12:00:00 AM,35217,14002,21215
9/5/2015 12:00:00 AM,10/21/2015 12:00:00 AM,34752,13752,21000
9/5/2015 12:00:00 AM,10/22/2015 12:00:00 AM,34121,13421,20700
9/5/2015 12:00:00 AM,10/23/2015 12:00:00 AM,34759,14103,20656
9/5/2015 12:00:00 AM,10/24/2015 12:00:00 AM,34484,14839,19645
9/5/2015 12:00:00 AM,10/25/2015 12:00:00 AM,34092,14214,19878
9/5/2015 12:00:00 AM,10/26/2015 12:00:00 AM,33949,14245,19704
9/5/2015 12:00:00 AM,10/27/2015 12:00:00 AM,30878,12333,18545
9/5/2015 12:00:00 AM,10/28/2015 12:00:00 AM,29985,11853,18132
9/5/2015 12:00:00 AM,10/29/2015 12:00:00 AM,29726,11043,18683
9/5/2015 12:00:00 AM,10/30/2015 12:00:00 AM,32094,11724,20370
9/5/2015 12:00:00 AM,10/31/2015 12:00:00 AM,33038,13722,19316
9/5/2015 12:00:00 AM,11/1/2015 12:00:00 AM,32877,14245,18632
9/5/2015 12:00:00 AM,11/2/2015 12:00:00 AM,33332,15544,17788
9/5/2015 12:00:00 AM,11/3/2015 12:00:00 AM,32304,14549,17755
9/5/2015 12:00:00 AM,11/4/2015 12:00:00 AM,32252,14500,17752
9/5/2015 12:00:00 AM,11/5/2015 12:00:00 AM,30960,13831,17129
9/5/2015 12:00:00 AM,11/6/2015 12:00:00 AM,31576,14431,17145
9/5/2015 12:00:00 AM,11/7/2015 12:00:00 AM,31958,14260,17698
9/5/2015 12:00:00 AM,11/8/2015 12:00:00 AM,31702,14336,17366
9/5/2015 12:00:00 AM,11/9/2015 12:00:00 AM,30035,14042,15993
9/5/2015 12:00:00 AM,11/10/2015 12:00:00 AM,26324,11127,15197
9/5/2015 12:00:00 AM,11/11/2015 12:00:00 AM,26324,11127,15197
9/5/2015 12:00:00 AM,11/12/2015 12:00:00 AM,25607,11127,14480
9/5/2015 12:00:00 AM,11/13/2015 12:00:00 AM,25524,11044,14480
9/5/2015 12:00:00 AM,11/14/2015 12:00:00 AM,25435,11648,13787
9/5/2015 12:00:00 AM,11/15/2015 12:00:00 AM,23069,10977,12092
9/5/2015 12:00:00 AM,11/16/2015 12:00:00 AM,22208,10612,11596
9/5/2015 12:00:00 AM,11/17/2015 12:00:00 AM,20174,9871,10303
9/5/2015 12:00:00 AM,11/18/2015 12:00:00 AM,19574,9271,10303
9/5/2015 12:00:00 AM,11/19/2015 12:00:00 AM,19396,9271,10125
9/5/2015 12:00:00 AM,11/20/2015 12:00:00 AM,18840,8715,10125
9/5/2015 12:00:00 AM,11/21/2015 12:00:00 AM,17743,8569,9174
9/5/2015 12:00:00 AM,11/22/2015 12:00:00 AM,16196,8368,7828
9/5/2015 12:00:00 AM,11/23/2015 12:00:00 AM,13938,6991,6947
9/5/2015 12:00:00 AM,11/24/2015 12:00:00 AM,11408,4919,6489
9/5/2015 12:00:00 AM,11/25/2015 12:00:00 AM,10308,4439,5869
9/5/2015 12:00:00 AM,11/26/2015 12:00:00 AM,9773,4439,5334
9/5/2015 12:00:00 AM,11/27/2015 12:00:00 AM,9908,4439,5469
9/5/2015 12:00:00 AM,11/28/2015 12:00:00 AM,9482,4329,5153
9/5/2015 12:00:00 AM,11/29/2015 12:00:00 AM,9713,4409,5304
9/5/2015 12:00:00 AM,11/30/2015 12:00:00 AM,9649,4324,5325
9/5/2015 12:00:00 AM,12/1/2015 12:00:00 AM,8860,4307,4553
9/5/2015 12:00:00 AM,12/2/2015 12:00:00 AM,8274,3721,4553
9/5/2015 12:00:00 AM,12/3/2015 12:00:00 AM,7429,3721,3708
9/5/2015 12:00:00 AM,12/4/2015 12:00:00 AM,7429,3721,3708
9/5/2015 12:00:00 AM,12/5/2015 12:00:00 AM,9104,5441,3663
9/4/2015 12:00:00 AM,9/5/2015 12:00:00 AM,141,19,122
9/4/2015 12:00:00 AM,9/6/2015 12:00:00 AM,141,19,122
9/4/2015 12:00:00 AM,9/7/2015 12:00:00 AM,190,19,171
9/4/2015 12:00:00 AM,9/8/2015 12:00:00 AM,201,19,182
9/4/2015 12:00:00 AM,9/9/2015 12:00:00 AM,266,19,247
9/4/2015 12:00:00 AM,9/10/2015 12:00:00 AM,201,19,182
9/4/2015 12:00:00 AM,9/11/2015 12:00:00 AM,201,19,182
9/4/2015 12:00:00 AM,9/12/2015 12:00:00 AM,7374,3935,3439
9/4/2015 12:00:00 AM,9/13/2015 12:00:00 AM,8376,4435,3941
9/4/2015 12:00:00 AM,9/14/2015 12:00:00 AM,12936,6433,6503
9/4/2015 12:00:00 AM,9/15/2015 12:00:00 AM,12906,6433,6473
9/4/2015 12:00:00 AM,9/16/2015 12:00:00 AM,13441,6503,6938
9/4/2015 12:00:00 AM,9/17/2015 12:00:00 AM,13441,6503,6938
9/4/2015 12:00:00 AM,9/18/2015 12:00:00 AM,15304,6971,8333
9/4/2015 12:00:00 AM,9/19/2015 12:00:00 AM,17919,8896,9023
9/4/2015 12:00:00 AM,9/20/2015 12:00:00 AM,17600,9006,8594
9/4/2015 12:00:00 AM,9/21/2015 12:00:00 AM,20035,9761,10274
9/4/2015 12:00:00 AM,9/22/2015 12:00:00 AM,18534,8260,10274
9/4/2015 12:00:00 AM,9/23/2015 12:00:00 AM,18909,8410,10499
9/4/2015 12:00:00 AM,9/24/2015 12:00:00 AM,18789,8310,10479
9/4/2015 12:00:00 AM,9/25/2015 12:00:00 AM,18154,7620,10534
9/4/2015 12:00:00 AM,9/26/2015 12:00:00 AM,24118,11643,12475
9/4/2015 12:00:00 AM,9/27/2015 12:00:00 AM,22542,11129,11413
9/4/2015 12:00:00 AM,9/28/2015 12:00:00 AM,24413,11306,13107
9/4/2015 12:00:00 AM,9/29/2015 12:00:00 AM,24561,11451,13110
9/4/2015 12:00:00 AM,9/30/2015 12:00:00 AM,25981,12511,13470
9/4/2015 12:00:00 AM,10/1/2015 12:00:00 AM,26635,12069,14566
9/4/2015 12:00:00 AM,10/2/2015 12:00:00 AM,27440,12361,15079
9/4/2015 12:00:00 AM,10/3/2015 12:00:00 AM,28870,13057,15813
9/4/2015 12:00:00 AM,10/4/2015 12:00:00 AM,30534,13513,17021
9/4/2015 12:00:00 AM,10/5/2015 12:00:00 AM,33467,14505,18962
9/4/2015 12:00:00 AM,10/6/2015 12:00:00 AM,32513,14505,18008
9/4/2015 12:00:00 AM,10/7/2015 12:00:00 AM,31998,14004,17994
9/4/2015 12:00:00 AM,10/8/2015 12:00:00 AM,33478,14154,19324
9/4/2015 12:00:00 AM,10/9/2015 12:00:00 AM,33770,14810,18960
9/4/2015 12:00:00 AM,10/10/2015 12:00:00 AM,36520,17806,18714
9/4/2015 12:00:00 AM,10/11/2015 12:00:00 AM,36636,17961,18675
9/4/2015 12:00:00 AM,10/12/2015 12:00:00 AM,35502,17164,18338
9/4/2015 12:00:00 AM,10/13/2015 12:00:00 AM,32735,14047,18688
9/4/2015 12:00:00 AM,10/14/2015 12:00:00 AM,32396,14241,18155
9/4/2015 12:00:00 AM,10/15/2015 12:00:00 AM,32730,14141,18589
9/4/2015 12:00:00 AM,10/16/2015 12:00:00 AM,32139,14402,17737
9/4/2015 12:00:00 AM,10/17/2015 12:00:00 AM,36310,15101,21209
9/4/2015 12:00:00 AM,10/18/2015 12:00:00 AM,34472,14614,19858
9/4/2015 12:00:00 AM,10/19/2015 12:00:00 AM,35724,14115,21609
9/4/2015 12:00:00 AM,10/20/2015 12:00:00 AM,34950,13715,21235
9/4/2015 12:00:00 AM,10/21/2015 12:00:00 AM,34485,13465,21020
9/4/2015 12:00:00 AM,10/22/2015 12:00:00 AM,34141,13421,20720
9/4/2015 12:00:00 AM,10/23/2015 12:00:00 AM,34779,14103,20676
9/4/2015 12:00:00 AM,10/24/2015 12:00:00 AM,34504,14839,19665
9/4/2015 12:00:00 AM,10/25/2015 12:00:00 AM,34092,14214,19878
9/4/2015 12:00:00 AM,10/26/2015 12:00:00 AM,33949,14245,19704
9/4/2015 12:00:00 AM,10/27/2015 12:00:00 AM,30878,12333,18545
9/4/2015 12:00:00 AM,10/28/2015 12:00:00 AM,29985,11853,18132
9/4/2015 12:00:00 AM,10/29/2015 12:00:00 AM,29726,11043,18683
9/4/2015 12:00:00 AM,10/30/2015 12:00:00 AM,32094,11724,20370
9/4/2015 12:00:00 AM,10/31/2015 12:00:00 AM,33038,13722,19316
9/4/2015 12:00:00 AM,11/1/2015 12:00:00 AM,32877,14245,18632
9/4/2015 12:00:00 AM,11/2/2015 12:00:00 AM,33332,15544,17788
9/4/2015 12:00:00 AM,11/3/2015 12:00:00 AM,32304,14549,17755
9/4/2015 12:00:00 AM,11/4/2015 12:00:00 AM,32252,14500,17752
9/4/2015 12:00:00 AM,11/5/2015 12:00:00 AM,30960,13831,17129
9/4/2015 12:00:00 AM,11/6/2015 12:00:00 AM,31576,14431,17145
9/4/2015 12:00:00 AM,11/7/2015 12:00:00 AM,31958,14260,17698
9/4/2015 12:00:00 AM,11/8/2015 12:00:00 AM,31702,14336,17366
9/4/2015 12:00:00 AM,11/9/2015 12:00:00 AM,30035,14042,15993
9/4/2015 12:00:00 AM,11/10/2015 12:00:00 AM,26174,10977,15197
9/4/2015 12:00:00 AM,11/11/2015 12:00:00 AM,26154,10977,15177
9/4/2015 12:00:00 AM,11/12/2015 12:00:00 AM,25437,10977,14460
9/4/2015 12:00:00 AM,11/13/2015 12:00:00 AM,25354,10894,14460
9/4/2015 12:00:00 AM,11/14/2015 12:00:00 AM,25265,11498,13767
9/4/2015 12:00:00 AM,11/15/2015 12:00:00 AM,22899,10827,12072
9/4/2015 12:00:00 AM,11/16/2015 12:00:00 AM,22058,10462,11596
9/4/2015 12:00:00 AM,11/17/2015 12:00:00 AM,20024,9721,10303
9/4/2015 12:00:00 AM,11/18/2015 12:00:00 AM,19424,9121,10303
9/4/2015 12:00:00 AM,11/19/2015 12:00:00 AM,19246,9121,10125
9/4/2015 12:00:00 AM,11/20/2015 12:00:00 AM,18840,8715,10125
9/4/2015 12:00:00 AM,11/21/2015 12:00:00 AM,17743,8569,9174
9/4/2015 12:00:00 AM,11/22/2015 12:00:00 AM,16196,8368,7828
9/4/2015 12:00:00 AM,11/23/2015 12:00:00 AM,13938,6991,6947
9/4/2015 12:00:00 AM,11/24/2015 12:00:00 AM,11408,4919,6489
9/4/2015 12:00:00 AM,11/25/2015 12:00:00 AM,10308,4439,5869
9/4/2015 12:00:00 AM,11/26/2015 12:00:00 AM,9773,4439,5334
9/4/2015 12:00:00 AM,11/27/2015 12:00:00 AM,9908,4439,5469
9/4/2015 12:00:00 AM,11/28/2015 12:00:00 AM,9482,4329,5153
9/4/2015 12:00:00 AM,11/29/2015 12:00:00 AM,9713,4409,5304
9/4/2015 12:00:00 AM,11/30/2015 12:00:00 AM,9649,4324,5325
9/4/2015 12:00:00 AM,12/1/2015 12:00:00 AM,8860,4307,4553
9/4/2015 12:00:00 AM,12/2/2015 12:00:00 AM,8274,3721,4553
9/4/2015 12:00:00 AM,12/3/2015 12:00:00 AM,7429,3721,3708
9/4/2015 12:00:00 AM,12/4/2015 12:00:00 AM,7429,3721,3708
9/3/2015 12:00:00 AM,9/4/2015 12:00:00 AM,141,19,122
9/3/2015 12:00:00 AM,9/5/2015 12:00:00 AM,141,19,122
9/3/2015 12:00:00 AM,9/6/2015 12:00:00 AM,141,19,122
9/3/2015 12:00:00 AM,9/7/2015 12:00:00 AM,190,19,171
9/3/2015 12:00:00 AM,9/8/2015 12:00:00 AM,201,19,182
9/3/2015 12:00:00 AM,9/9/2015 12:00:00 AM,266,19,247
9/3/2015 12:00:00 AM,9/10/2015 12:00:00 AM,201,19,182
9/3/2015 12:00:00 AM,9/11/2015 12:00:00 AM,201,19,182
9/3/2015 12:00:00 AM,9/12/2015 12:00:00 AM,7935,4496,3439
9/3/2015 12:00:00 AM,9/13/2015 12:00:00 AM,8937,4996,3941
9/3/2015 12:00:00 AM,9/14/2015 12:00:00 AM,13497,6994,6503
9/3/2015 12:00:00 AM,9/15/2015 12:00:00 AM,13467,6994,6473
9/3/2015 12:00:00 AM,9/16/2015 12:00:00 AM,14002,7064,6938
9/3/2015 12:00:00 AM,9/17/2015 12:00:00 AM,13441,6503,6938
9/3/2015 12:00:00 AM,9/18/2015 12:00:00 AM,14722,6971,7751
9/3/2015 12:00:00 AM,9/19/2015 12:00:00 AM,16776,8335,8441
9/3/2015 12:00:00 AM,9/20/2015 12:00:00 AM,16480,8445,8035
9/3/2015 12:00:00 AM,9/21/2015 12:00:00 AM,18915,9200,9715
9/3/2015 12:00:00 AM,9/22/2015 12:00:00 AM,17414,7699,9715
9/3/2015 12:00:00 AM,9/23/2015 12:00:00 AM,17789,7849,9940
9/3/2015 12:00:00 AM,9/24/2015 12:00:00 AM,17669,7749,9920
9/3/2015 12:00:00 AM,9/25/2015 12:00:00 AM,17595,7620,9975
9/3/2015 12:00:00 AM,9/26/2015 12:00:00 AM,23559,11643,11916
9/3/2015 12:00:00 AM,9/27/2015 12:00:00 AM,21983,11129,10854
9/3/2015 12:00:00 AM,9/28/2015 12:00:00 AM,23831,11306,12525
9/3/2015 12:00:00 AM,9/29/2015 12:00:00 AM,23979,11451,12528
9/3/2015 12:00:00 AM,9/30/2015 12:00:00 AM,25399,12511,12888
9/3/2015 12:00:00 AM,10/1/2015 12:00:00 AM,26053,12069,13984
9/3/2015 12:00:00 AM,10/2/2015 12:00:00 AM,26858,12361,14497
9/3/2015 12:00:00 AM,10/3/2015 12:00:00 AM,28988,13757,15231
9/3/2015 12:00:00 AM,10/4/2015 12:00:00 AM,30686,14213,16473
9/3/2015 12:00:00 AM,10/5/2015 12:00:00 AM,33663,15205,18458
9/3/2015 12:00:00 AM,10/6/2015 12:00:00 AM,32709,15205,17504
9/3/2015 12:00:00 AM,10/7/2015 12:00:00 AM,32160,14704,17456
9/3/2015 12:00:00 AM,10/8/2015 12:00:00 AM,33640,14854,18786
9/3/2015 12:00:00 AM,10/9/2015 12:00:00 AM,33932,15510,18422
9/3/2015 12:00:00 AM,10/10/2015 12:00:00 AM,36682,18506,18176
9/3/2015 12:00:00 AM,10/11/2015 12:00:00 AM,36798,18661,18137
9/3/2015 12:00:00 AM,10/12/2015 12:00:00 AM,35620,17864,17756
9/3/2015 12:00:00 AM,10/13/2015 12:00:00 AM,32853,14747,18106
9/3/2015 12:00:00 AM,10/14/2015 12:00:00 AM,32514,14941,17573
9/3/2015 12:00:00 AM,10/15/2015 12:00:00 AM,32848,14841,18007
9/3/2015 12:00:00 AM,10/16/2015 12:00:00 AM,32059,15102,16957
9/3/2015 12:00:00 AM,10/17/2015 12:00:00 AM,36230,15801,20429
9/3/2015 12:00:00 AM,10/18/2015 12:00:00 AM,34432,15314,19118
9/3/2015 12:00:00 AM,10/19/2015 12:00:00 AM,35684,14815,20869
9/3/2015 12:00:00 AM,10/20/2015 12:00:00 AM,34866,14415,20451
9/3/2015 12:00:00 AM,10/21/2015 12:00:00 AM,34401,14165,20236
9/3/2015 12:00:00 AM,10/22/2015 12:00:00 AM,34057,14121,19936
9/3/2015 12:00:00 AM,10/23/2015 12:00:00 AM,34695,14803,19892
9/3/2015 12:00:00 AM,10/24/2015 12:00:00 AM,34420,15539,18881
9/3/2015 12:00:00 AM,10/25/2015 12:00:00 AM,34008,14914,19094
9/3/2015 12:00:00 AM,10/26/2015 12:00:00 AM,33865,14945,18920
9/3/2015 12:00:00 AM,10/27/2015 12:00:00 AM,30838,13033,17805
9/3/2015 12:00:00 AM,10/28/2015 12:00:00 AM,29945,12553,17392
9/3/2015 12:00:00 AM,10/29/2015 12:00:00 AM,29686,11743,17943
9/3/2015 12:00:00 AM,10/30/2015 12:00:00 AM,32054,12424,19630
9/3/2015 12:00:00 AM,10/31/2015 12:00:00 AM,33580,14422,19158
9/3/2015 12:00:00 AM,11/1/2015 12:00:00 AM,33419,14945,18474
9/3/2015 12:00:00 AM,11/2/2015 12:00:00 AM,33174,15544,17630
9/3/2015 12:00:00 AM,11/3/2015 12:00:00 AM,32146,14549,17597
9/3/2015 12:00:00 AM,11/4/2015 12:00:00 AM,32094,14500,17594
9/3/2015 12:00:00 AM,11/5/2015 12:00:00 AM,30802,13831,16971
9/3/2015 12:00:00 AM,11/6/2015 12:00:00 AM,31418,14431,16987
9/3/2015 12:00:00 AM,11/7/2015 12:00:00 AM,31800,14260,17540
9/3/2015 12:00:00 AM,11/8/2015 12:00:00 AM,31521,14336,17185
9/3/2015 12:00:00 AM,11/9/2015 12:00:00 AM,29818,14042,15776
9/3/2015 12:00:00 AM,11/10/2015 12:00:00 AM,25957,10977,14980
9/3/2015 12:00:00 AM,11/11/2015 12:00:00 AM,25937,10977,14960
9/3/2015 12:00:00 AM,11/12/2015 12:00:00 AM,25220,10977,14243
9/3/2015 12:00:00 AM,11/13/2015 12:00:00 AM,25137,10894,14243
9/3/2015 12:00:00 AM,11/14/2015 12:00:00 AM,25084,11498,13586
9/3/2015 12:00:00 AM,11/15/2015 12:00:00 AM,22718,10827,11891
9/3/2015 12:00:00 AM,11/16/2015 12:00:00 AM,21877,10462,11415
9/3/2015 12:00:00 AM,11/17/2015 12:00:00 AM,19866,9721,10145
9/3/2015 12:00:00 AM,11/18/2015 12:00:00 AM,19266,9121,10145
9/3/2015 12:00:00 AM,11/19/2015 12:00:00 AM,19088,9121,9967
9/3/2015 12:00:00 AM,11/20/2015 12:00:00 AM,18682,8715,9967
9/3/2015 12:00:00 AM,11/21/2015 12:00:00 AM,17585,8569,9016
9/3/2015 12:00:00 AM,11/22/2015 12:00:00 AM,16038,8368,7670
9/3/2015 12:00:00 AM,11/23/2015 12:00:00 AM,13780,6991,6789
9/3/2015 12:00:00 AM,11/24/2015 12:00:00 AM,11250,4919,6331
9/3/2015 12:00:00 AM,11/25/2015 12:00:00 AM,10150,4439,5711
9/3/2015 12:00:00 AM,11/26/2015 12:00:00 AM,9615,4439,5176
9/3/2015 12:00:00 AM,11/27/2015 12:00:00 AM,9750,4439,5311
9/3/2015 12:00:00 AM,11/28/2015 12:00:00 AM,9324,4329,4995
9/3/2015 12:00:00 AM,11/29/2015 12:00:00 AM,9475,4329,5146
9/3/2015 12:00:00 AM,11/30/2015 12:00:00 AM,9411,4244,5167
9/3/2015 12:00:00 AM,12/1/2015 12:00:00 AM,8622,4227,4395
9/3/2015 12:00:00 AM,12/2/2015 12:00:00 AM,8036,3641,4395
9/3/2015 12:00:00 AM,12/3/2015 12:00:00 AM,7191,3641,3550
9/2/2015 12:00:00 AM,9/3/2015 12:00:00 AM,141,19,122
9/2/2015 12:00:00 AM,9/4/2015 12:00:00 AM,141,19,122
9/2/2015 12:00:00 AM,9/5/2015 12:00:00 AM,141,19,122
9/2/2015 12:00:00 AM,9/6/2015 12:00:00 AM,141,19,122
9/2/2015 12:00:00 AM,9/7/2015 12:00:00 AM,190,19,171
9/2/2015 12:00:00 AM,9/8/2015 12:00:00 AM,201,19,182
9/2/2015 12:00:00 AM,9/9/2015 12:00:00 AM,266,19,247
9/2/2015 12:00:00 AM,9/10/2015 12:00:00 AM,201,19,182
9/2/2015 12:00:00 AM,9/11/2015 12:00:00 AM,201,19,182
9/2/2015 12:00:00 AM,9/12/2015 12:00:00 AM,8100,4496,3604
9/2/2015 12:00:00 AM,9/13/2015 12:00:00 AM,9102,4996,4106
9/2/2015 12:00:00 AM,9/14/2015 12:00:00 AM,13662,6994,6668
9/2/2015 12:00:00 AM,9/15/2015 12:00:00 AM,13632,6994,6638
9/2/2015 12:00:00 AM,9/16/2015 12:00:00 AM,14167,7064,7103
9/2/2015 12:00:00 AM,9/17/2015 12:00:00 AM,13606,6503,7103
9/2/2015 12:00:00 AM,9/18/2015 12:00:00 AM,14887,6971,7916
9/2/2015 12:00:00 AM,9/19/2015 12:00:00 AM,16941,8335,8606
9/2/2015 12:00:00 AM,9/20/2015 12:00:00 AM,16645,8445,8200
9/2/2015 12:00:00 AM,9/21/2015 12:00:00 AM,19080,9200,9880
9/2/2015 12:00:00 AM,9/22/2015 12:00:00 AM,17579,7699,9880
9/2/2015 12:00:00 AM,9/23/2015 12:00:00 AM,17954,7849,10105
9/2/2015 12:00:00 AM,9/24/2015 12:00:00 AM,17834,7749,10085
9/2/2015 12:00:00 AM,9/25/2015 12:00:00 AM,17760,7620,10140
9/2/2015 12:00:00 AM,9/26/2015 12:00:00 AM,24161,11643,12518
9/2/2015 12:00:00 AM,9/27/2015 12:00:00 AM,22585,11129,11456
9/2/2015 12:00:00 AM,9/28/2015 12:00:00 AM,24433,11306,13127
9/2/2015 12:00:00 AM,9/29/2015 12:00:00 AM,24581,11451,13130
9/2/2015 12:00:00 AM,9/30/2015 12:00:00 AM,26001,12511,13490
9/2/2015 12:00:00 AM,10/1/2015 12:00:00 AM,26655,12069,14586
9/2/2015 12:00:00 AM,10/2/2015 12:00:00 AM,27023,12361,14662
9/2/2015 12:00:00 AM,10/3/2015 12:00:00 AM,29128,13757,15371
9/2/2015 12:00:00 AM,10/4/2015 12:00:00 AM,30826,14213,16613
9/2/2015 12:00:00 AM,10/5/2015 12:00:00 AM,33103,14505,18598
9/2/2015 12:00:00 AM,10/6/2015 12:00:00 AM,32149,14505,17644
9/2/2015 12:00:00 AM,10/7/2015 12:00:00 AM,31631,14004,17627
9/2/2015 12:00:00 AM,10/8/2015 12:00:00 AM,33026,14154,18872
9/2/2015 12:00:00 AM,10/9/2015 12:00:00 AM,33318,14810,18508
9/2/2015 12:00:00 AM,10/10/2015 12:00:00 AM,35903,17806,18097
9/2/2015 12:00:00 AM,10/11/2015 12:00:00 AM,36019,17961,18058
9/2/2015 12:00:00 AM,10/12/2015 12:00:00 AM,34841,17164,17677
9/2/2015 12:00:00 AM,10/13/2015 12:00:00 AM,32074,14047,18027
9/2/2015 12:00:00 AM,10/14/2015 12:00:00 AM,31729,14241,17488
9/2/2015 12:00:00 AM,10/15/2015 12:00:00 AM,32332,14141,18191
9/2/2015 12:00:00 AM,10/16/2015 12:00:00 AM,31274,14402,16872
9/2/2015 12:00:00 AM,10/17/2015 12:00:00 AM,35458,15101,20357
9/2/2015 12:00:00 AM,10/18/2015 12:00:00 AM,33660,14614,19046
9/2/2015 12:00:00 AM,10/19/2015 12:00:00 AM,34912,14115,20797
9/2/2015 12:00:00 AM,10/20/2015 12:00:00 AM,34094,13715,20379
9/2/2015 12:00:00 AM,10/21/2015 12:00:00 AM,33629,13465,20164
9/2/2015 12:00:00 AM,10/22/2015 12:00:00 AM,33285,13421,19864
9/2/2015 12:00:00 AM,10/23/2015 12:00:00 AM,33923,14103,19820
9/2/2015 12:00:00 AM,10/24/2015 12:00:00 AM,33648,14839,18809
9/2/2015 12:00:00 AM,10/25/2015 12:00:00 AM,33236,14214,19022
9/2/2015 12:00:00 AM,10/26/2015 12:00:00 AM,33080,14245,18835
9/2/2015 12:00:00 AM,10/27/2015 12:00:00 AM,30053,12333,17720
9/2/2015 12:00:00 AM,10/28/2015 12:00:00 AM,29160,11853,17307
9/2/2015 12:00:00 AM,10/29/2015 12:00:00 AM,28901,11043,17858
9/2/2015 12:00:00 AM,10/30/2015 12:00:00 AM,31269,11724,19545
9/2/2015 12:00:00 AM,10/31/2015 12:00:00 AM,32795,13722,19073
9/2/2015 12:00:00 AM,11/1/2015 12:00:00 AM,32634,14245,18389
9/2/2015 12:00:00 AM,11/2/2015 12:00:00 AM,32389,14844,17545
9/2/2015 12:00:00 AM,11/3/2015 12:00:00 AM,31361,13849,17512
9/2/2015 12:00:00 AM,11/4/2015 12:00:00 AM,32009,14500,17509
9/2/2015 12:00:00 AM,11/5/2015 12:00:00 AM,30717,13831,16886
9/2/2015 12:00:00 AM,11/6/2015 12:00:00 AM,31346,14431,16915
9/2/2015 12:00:00 AM,11/7/2015 12:00:00 AM,31728,14260,17468
9/2/2015 12:00:00 AM,11/8/2015 12:00:00 AM,31534,14336,17198
9/2/2015 12:00:00 AM,11/9/2015 12:00:00 AM,29831,14042,15789
9/2/2015 12:00:00 AM,11/10/2015 12:00:00 AM,25970,10977,14993
9/2/2015 12:00:00 AM,11/11/2015 12:00:00 AM,25950,10977,14973
9/2/2015 12:00:00 AM,11/12/2015 12:00:00 AM,25233,10977,14256
9/2/2015 12:00:00 AM,11/13/2015 12:00:00 AM,25150,10894,14256
9/2/2015 12:00:00 AM,11/14/2015 12:00:00 AM,25084,11498,13586
9/2/2015 12:00:00 AM,11/15/2015 12:00:00 AM,22718,10827,11891
9/2/2015 12:00:00 AM,11/16/2015 12:00:00 AM,21877,10462,11415
9/2/2015 12:00:00 AM,11/17/2015 12:00:00 AM,19866,9721,10145
9/2/2015 12:00:00 AM,11/18/2015 12:00:00 AM,19266,9121,10145
9/2/2015 12:00:00 AM,11/19/2015 12:00:00 AM,19088,9121,9967
9/2/2015 12:00:00 AM,11/20/2015 12:00:00 AM,18682,8715,9967
9/2/2015 12:00:00 AM,11/21/2015 12:00:00 AM,17585,8569,9016
9/2/2015 12:00:00 AM,11/22/2015 12:00:00 AM,16038,8368,7670
9/2/2015 12:00:00 AM,11/23/2015 12:00:00 AM,13780,6991,6789
9/2/2015 12:00:00 AM,11/24/2015 12:00:00 AM,11250,4919,6331
9/2/2015 12:00:00 AM,11/25/2015 12:00:00 AM,10150,4439,5711
9/2/2015 12:00:00 AM,11/26/2015 12:00:00 AM,9615,4439,5176
9/2/2015 12:00:00 AM,11/27/2015 12:00:00 AM,9750,4439,5311
9/2/2015 12:00:00 AM,11/28/2015 12:00:00 AM,9324,4329,4995
9/2/2015 12:00:00 AM,11/29/2015 12:00:00 AM,9475,4329,5146
9/2/2015 12:00:00 AM,11/30/2015 12:00:00 AM,9411,4244,5167
9/2/2015 12:00:00 AM,12/1/2015 12:00:00 AM,8622,4227,4395
9/2/2015 12:00:00 AM,12/2/2015 12:00:00 AM,8036,3641,4395
9/1/2015 12:00:00 AM,9/2/2015 12:00:00 AM,141,19,122
9/1/2015 12:00:00 AM,9/3/2015 12:00:00 AM,141,19,122
9/1/2015 12:00:00 AM,9/4/2015 12:00:00 AM,141,19,122
9/1/2015 12:00:00 AM,9/5/2015 12:00:00 AM,141,19,122
9/1/2015 12:00:00 AM,9/6/2015 12:00:00 AM,141,19,122
9/1/2015 12:00:00 AM,9/7/2015 12:00:00 AM,190,19,171
9/1/2015 12:00:00 AM,9/8/2015 12:00:00 AM,201,19,182
9/1/2015 12:00:00 AM,9/9/2015 12:00:00 AM,266,19,247
9/1/2015 12:00:00 AM,9/10/2015 12:00:00 AM,201,19,182
9/1/2015 12:00:00 AM,9/11/2015 12:00:00 AM,201,19,182
9/1/2015 12:00:00 AM,9/12/2015 12:00:00 AM,8100,4496,3604
9/1/2015 12:00:00 AM,9/13/2015 12:00:00 AM,9102,4996,4106
9/1/2015 12:00:00 AM,9/14/2015 12:00:00 AM,13662,6994,6668
9/1/2015 12:00:00 AM,9/15/2015 12:00:00 AM,13632,6994,6638
9/1/2015 12:00:00 AM,9/16/2015 12:00:00 AM,14167,7064,7103
9/1/2015 12:00:00 AM,9/17/2015 12:00:00 AM,13606,6503,7103
9/1/2015 12:00:00 AM,9/18/2015 12:00:00 AM,14887,6971,7916
9/1/2015 12:00:00 AM,9/19/2015 12:00:00 AM,16941,8335,8606
9/1/2015 12:00:00 AM,9/20/2015 12:00:00 AM,16645,8445,8200
9/1/2015 12:00:00 AM,9/21/2015 12:00:00 AM,19080,9200,9880
9/1/2015 12:00:00 AM,9/22/2015 12:00:00 AM,17579,7699,9880
9/1/2015 12:00:00 AM,9/23/2015 12:00:00 AM,17954,7849,10105
9/1/2015 12:00:00 AM,9/24/2015 12:00:00 AM,17834,7749,10085
9/1/2015 12:00:00 AM,9/25/2015 12:00:00 AM,17760,7620,10140
9/1/2015 12:00:00 AM,9/26/2015 12:00:00 AM,24244,11643,12601
9/1/2015 12:00:00 AM,9/27/2015 12:00:00 AM,22668,11129,11539
9/1/2015 12:00:00 AM,9/28/2015 12:00:00 AM,24516,11306,13210
9/1/2015 12:00:00 AM,9/29/2015 12:00:00 AM,24664,11451,13213
9/1/2015 12:00:00 AM,9/30/2015 12:00:00 AM,26084,12511,13573
9/1/2015 12:00:00 AM,10/1/2015 12:00:00 AM,26738,12069,14669
9/1/2015 12:00:00 AM,10/2/2015 12:00:00 AM,27106,12361,14745
9/1/2015 12:00:00 AM,10/3/2015 12:00:00 AM,29211,13757,15454
9/1/2015 12:00:00 AM,10/4/2015 12:00:00 AM,30909,14213,16696
9/1/2015 12:00:00 AM,10/5/2015 12:00:00 AM,33103,14505,18598
9/1/2015 12:00:00 AM,10/6/2015 12:00:00 AM,32149,14505,17644
9/1/2015 12:00:00 AM,10/7/2015 12:00:00 AM,31631,14004,17627
9/1/2015 12:00:00 AM,10/8/2015 12:00:00 AM,32876,14004,18872
9/1/2015 12:00:00 AM,10/9/2015 12:00:00 AM,32863,14660,18203
9/1/2015 12:00:00 AM,10/10/2015 12:00:00 AM,35582,17656,17926
9/1/2015 12:00:00 AM,10/11/2015 12:00:00 AM,35564,17811,17753
9/1/2015 12:00:00 AM,10/12/2015 12:00:00 AM,34386,17014,17372
9/1/2015 12:00:00 AM,10/13/2015 12:00:00 AM,31619,13897,17722
9/1/2015 12:00:00 AM,10/14/2015 12:00:00 AM,31274,14091,17183
9/1/2015 12:00:00 AM,10/15/2015 12:00:00 AM,32027,14141,17886
9/1/2015 12:00:00 AM,10/16/2015 12:00:00 AM,31274,14402,16872
9/1/2015 12:00:00 AM,10/17/2015 12:00:00 AM,35445,15401,20044
9/1/2015 12:00:00 AM,10/18/2015 12:00:00 AM,33497,14764,18733
9/1/2015 12:00:00 AM,10/19/2015 12:00:00 AM,34749,14265,20484
9/1/2015 12:00:00 AM,10/20/2015 12:00:00 AM,33931,13865,20066
9/1/2015 12:00:00 AM,10/21/2015 12:00:00 AM,33466,13615,19851
9/1/2015 12:00:00 AM,10/22/2015 12:00:00 AM,33352,13571,19781
9/1/2015 12:00:00 AM,10/23/2015 12:00:00 AM,33990,14253,19737
9/1/2015 12:00:00 AM,10/24/2015 12:00:00 AM,33715,14989,18726
9/1/2015 12:00:00 AM,10/25/2015 12:00:00 AM,33153,14214,18939
9/1/2015 12:00:00 AM,10/26/2015 12:00:00 AM,32997,14245,18752
9/1/2015 12:00:00 AM,10/27/2015 12:00:00 AM,30275,12333,17942
9/1/2015 12:00:00 AM,10/28/2015 12:00:00 AM,29382,11853,17529
9/1/2015 12:00:00 AM,10/29/2015 12:00:00 AM,29123,11043,18080
9/1/2015 12:00:00 AM,10/30/2015 12:00:00 AM,31491,11724,19767
9/1/2015 12:00:00 AM,10/31/2015 12:00:00 AM,32883,13722,19161
9/1/2015 12:00:00 AM,11/1/2015 12:00:00 AM,32856,14245,18611
9/1/2015 12:00:00 AM,11/2/2015 12:00:00 AM,32611,14844,17767
9/1/2015 12:00:00 AM,11/3/2015 12:00:00 AM,31278,13849,17429
9/1/2015 12:00:00 AM,11/4/2015 12:00:00 AM,31926,14500,17426
9/1/2015 12:00:00 AM,11/5/2015 12:00:00 AM,30634,13831,16803
9/1/2015 12:00:00 AM,11/6/2015 12:00:00 AM,31398,14431,16967
9/1/2015 12:00:00 AM,11/7/2015 12:00:00 AM,31780,14260,17520
9/1/2015 12:00:00 AM,11/8/2015 12:00:00 AM,31669,14336,17333
9/1/2015 12:00:00 AM,11/9/2015 12:00:00 AM,29966,14042,15924
9/1/2015 12:00:00 AM,11/10/2015 12:00:00 AM,26105,10977,15128
9/1/2015 12:00:00 AM,11/11/2015 12:00:00 AM,26085,10977,15108
9/1/2015 12:00:00 AM,11/12/2015 12:00:00 AM,25368,10977,14391
9/1/2015 12:00:00 AM,11/13/2015 12:00:00 AM,25285,10894,14391
9/1/2015 12:00:00 AM,11/14/2015 12:00:00 AM,25754,11498,14256
9/1/2015 12:00:00 AM,11/15/2015 12:00:00 AM,23388,10827,12561
9/1/2015 12:00:00 AM,11/16/2015 12:00:00 AM,22012,10462,11550
9/1/2015 12:00:00 AM,11/17/2015 12:00:00 AM,20001,9721,10280
9/1/2015 12:00:00 AM,11/18/2015 12:00:00 AM,19401,9121,10280
9/1/2015 12:00:00 AM,11/19/2015 12:00:00 AM,19223,9121,10102
9/1/2015 12:00:00 AM,11/20/2015 12:00:00 AM,18817,8715,10102
9/1/2015 12:00:00 AM,11/21/2015 12:00:00 AM,17720,8569,9151
9/1/2015 12:00:00 AM,11/22/2015 12:00:00 AM,16173,8368,7805
9/1/2015 12:00:00 AM,11/23/2015 12:00:00 AM,13915,6991,6924
9/1/2015 12:00:00 AM,11/24/2015 12:00:00 AM,10715,4919,5796
9/1/2015 12:00:00 AM,11/25/2015 12:00:00 AM,9615,4439,5176
9/1/2015 12:00:00 AM,11/26/2015 12:00:00 AM,9615,4439,5176
9/1/2015 12:00:00 AM,11/27/2015 12:00:00 AM,9615,4439,5176
9/1/2015 12:00:00 AM,11/28/2015 12:00:00 AM,9189,4329,4860
9/1/2015 12:00:00 AM,11/29/2015 12:00:00 AM,9340,4329,5011
9/1/2015 12:00:00 AM,11/30/2015 12:00:00 AM,9276,4244,5032
9/1/2015 12:00:00 AM,12/1/2015 12:00:00 AM,8487,4227,4260
8/31/2015 12:00:00 AM,9/1/2015 12:00:00 AM,141,19,122
8/31/2015 12:00:00 AM,9/2/2015 12:00:00 AM,141,19,122
8/31/2015 12:00:00 AM,9/3/2015 12:00:00 AM,141,19,122
8/31/2015 12:00:00 AM,9/4/2015 12:00:00 AM,141,19,122
8/31/2015 12:00:00 AM,9/5/2015 12:00:00 AM,108,19,89
8/31/2015 12:00:00 AM,9/6/2015 12:00:00 AM,108,19,89
8/31/2015 12:00:00 AM,9/7/2015 12:00:00 AM,157,19,138
8/31/2015 12:00:00 AM,9/8/2015 12:00:00 AM,168,19,149
8/31/2015 12:00:00 AM,9/9/2015 12:00:00 AM,233,19,214
8/31/2015 12:00:00 AM,9/10/2015 12:00:00 AM,168,19,149
8/31/2015 12:00:00 AM,9/11/2015 12:00:00 AM,168,19,149
8/31/2015 12:00:00 AM,9/12/2015 12:00:00 AM,8100,4496,3604
8/31/2015 12:00:00 AM,9/13/2015 12:00:00 AM,9102,4996,4106
8/31/2015 12:00:00 AM,9/14/2015 12:00:00 AM,13662,6994,6668
8/31/2015 12:00:00 AM,9/15/2015 12:00:00 AM,13632,6994,6638
8/31/2015 12:00:00 AM,9/16/2015 12:00:00 AM,14167,7064,7103
8/31/2015 12:00:00 AM,9/17/2015 12:00:00 AM,13606,6503,7103
8/31/2015 12:00:00 AM,9/18/2015 12:00:00 AM,15469,6971,8498
8/31/2015 12:00:00 AM,9/19/2015 12:00:00 AM,17523,8335,9188
8/31/2015 12:00:00 AM,9/20/2015 12:00:00 AM,17227,8445,8782
8/31/2015 12:00:00 AM,9/21/2015 12:00:00 AM,19662,9200,10462
8/31/2015 12:00:00 AM,9/22/2015 12:00:00 AM,18161,7699,10462
8/31/2015 12:00:00 AM,9/23/2015 12:00:00 AM,18536,7849,10687
8/31/2015 12:00:00 AM,9/24/2015 12:00:00 AM,18416,7749,10667
8/31/2015 12:00:00 AM,9/25/2015 12:00:00 AM,18342,7620,10722
8/31/2015 12:00:00 AM,9/26/2015 12:00:00 AM,24826,11643,13183
8/31/2015 12:00:00 AM,9/27/2015 12:00:00 AM,23250,11129,12121
8/31/2015 12:00:00 AM,9/28/2015 12:00:00 AM,25098,11306,13792
8/31/2015 12:00:00 AM,9/29/2015 12:00:00 AM,25246,11451,13795
8/31/2015 12:00:00 AM,9/30/2015 12:00:00 AM,26666,12511,14155
8/31/2015 12:00:00 AM,10/1/2015 12:00:00 AM,27320,12069,15251
8/31/2015 12:00:00 AM,10/2/2015 12:00:00 AM,27688,12361,15327
8/31/2015 12:00:00 AM,10/3/2015 12:00:00 AM,29793,13757,16036
8/31/2015 12:00:00 AM,10/4/2015 12:00:00 AM,31491,14213,17278
8/31/2015 12:00:00 AM,10/5/2015 12:00:00 AM,33535,14355,19180
8/31/2015 12:00:00 AM,10/6/2015 12:00:00 AM,32581,14355,18226
8/31/2015 12:00:00 AM,10/7/2015 12:00:00 AM,32063,13854,18209
8/31/2015 12:00:00 AM,10/8/2015 12:00:00 AM,33308,13854,19454
8/31/2015 12:00:00 AM,10/9/2015 12:00:00 AM,33295,14510,18785
8/31/2015 12:00:00 AM,10/10/2015 12:00:00 AM,36014,17506,18508
8/31/2015 12:00:00 AM,10/11/2015 12:00:00 AM,35996,17661,18335
8/31/2015 12:00:00 AM,10/12/2015 12:00:00 AM,34818,16864,17954
8/31/2015 12:00:00 AM,10/13/2015 12:00:00 AM,32051,13747,18304
8/31/2015 12:00:00 AM,10/14/2015 12:00:00 AM,31556,13791,17765
8/31/2015 12:00:00 AM,10/15/2015 12:00:00 AM,32309,13841,18468
8/31/2015 12:00:00 AM,10/16/2015 12:00:00 AM,31556,14102,17454
8/31/2015 12:00:00 AM,10/17/2015 12:00:00 AM,35727,15101,20626
8/31/2015 12:00:00 AM,10/18/2015 12:00:00 AM,33629,14314,19315
8/31/2015 12:00:00 AM,10/19/2015 12:00:00 AM,35031,13965,21066
8/31/2015 12:00:00 AM,10/20/2015 12:00:00 AM,34063,13415,20648
8/31/2015 12:00:00 AM,10/21/2015 12:00:00 AM,33748,13315,20433
8/31/2015 12:00:00 AM,10/22/2015 12:00:00 AM,33634,13271,20363
8/31/2015 12:00:00 AM,10/23/2015 12:00:00 AM,34272,13953,20319
8/31/2015 12:00:00 AM,10/24/2015 12:00:00 AM,33934,14626,19308
8/31/2015 12:00:00 AM,10/25/2015 12:00:00 AM,33522,14001,19521
8/31/2015 12:00:00 AM,10/26/2015 12:00:00 AM,33366,14032,19334
8/31/2015 12:00:00 AM,10/27/2015 12:00:00 AM,30794,12270,18524
8/31/2015 12:00:00 AM,10/28/2015 12:00:00 AM,29901,11790,18111
8/31/2015 12:00:00 AM,10/29/2015 12:00:00 AM,29642,10980,18662
8/31/2015 12:00:00 AM,10/30/2015 12:00:00 AM,32010,11661,20349
8/31/2015 12:00:00 AM,10/31/2015 12:00:00 AM,34525,14022,20503
8/31/2015 12:00:00 AM,11/1/2015 12:00:00 AM,34348,14395,19953
8/31/2015 12:00:00 AM,11/2/2015 12:00:00 AM,34103,14994,19109
8/31/2015 12:00:00 AM,11/3/2015 12:00:00 AM,32770,13999,18771
8/31/2015 12:00:00 AM,11/4/2015 12:00:00 AM,33418,14650,18768
8/31/2015 12:00:00 AM,11/5/2015 12:00:00 AM,32339,14194,18145
8/31/2015 12:00:00 AM,11/6/2015 12:00:00 AM,33103,14794,18309
8/31/2015 12:00:00 AM,11/7/2015 12:00:00 AM,33635,14773,18862
8/31/2015 12:00:00 AM,11/8/2015 12:00:00 AM,33374,14699,18675
8/31/2015 12:00:00 AM,11/9/2015 12:00:00 AM,31458,14192,17266
8/31/2015 12:00:00 AM,11/10/2015 12:00:00 AM,27597,11127,16470
8/31/2015 12:00:00 AM,11/11/2015 12:00:00 AM,27577,11127,16450
8/31/2015 12:00:00 AM,11/12/2015 12:00:00 AM,26860,11127,15733
8/31/2015 12:00:00 AM,11/13/2015 12:00:00 AM,26777,11044,15733
8/31/2015 12:00:00 AM,11/14/2015 12:00:00 AM,26054,11798,14256
8/31/2015 12:00:00 AM,11/15/2015 12:00:00 AM,23538,10977,12561
8/31/2015 12:00:00 AM,11/16/2015 12:00:00 AM,22162,10612,11550
8/31/2015 12:00:00 AM,11/17/2015 12:00:00 AM,20151,9871,10280
8/31/2015 12:00:00 AM,11/18/2015 12:00:00 AM,19551,9271,10280
8/31/2015 12:00:00 AM,11/19/2015 12:00:00 AM,19373,9271,10102
8/31/2015 12:00:00 AM,11/20/2015 12:00:00 AM,18967,8865,10102
8/31/2015 12:00:00 AM,11/21/2015 12:00:00 AM,18020,8869,9151
8/31/2015 12:00:00 AM,11/22/2015 12:00:00 AM,16323,8518,7805
8/31/2015 12:00:00 AM,11/23/2015 12:00:00 AM,14065,7141,6924
8/31/2015 12:00:00 AM,11/24/2015 12:00:00 AM,10865,5069,5796
8/31/2015 12:00:00 AM,11/25/2015 12:00:00 AM,9765,4589,5176
8/31/2015 12:00:00 AM,11/26/2015 12:00:00 AM,9765,4589,5176
8/31/2015 12:00:00 AM,11/27/2015 12:00:00 AM,9765,4589,5176
8/31/2015 12:00:00 AM,11/28/2015 12:00:00 AM,9339,4479,4860
8/31/2015 12:00:00 AM,11/29/2015 12:00:00 AM,9340,4329,5011
8/31/2015 12:00:00 AM,11/30/2015 12:00:00 AM,9276,4244,5032
8/30/2015 12:00:00 AM,8/31/2015 12:00:00 AM,117,19,98
8/30/2015 12:00:00 AM,9/1/2015 12:00:00 AM,141,19,122
8/30/2015 12:00:00 AM,9/2/2015 12:00:00 AM,141,19,122
8/30/2015 12:00:00 AM,9/3/2015 12:00:00 AM,141,19,122
8/30/2015 12:00:00 AM,9/4/2015 12:00:00 AM,141,19,122
8/30/2015 12:00:00 AM,9/5/2015 12:00:00 AM,108,19,89
8/30/2015 12:00:00 AM,9/6/2015 12:00:00 AM,108,19,89
8/30/2015 12:00:00 AM,9/7/2015 12:00:00 AM,157,19,138
8/30/2015 12:00:00 AM,9/8/2015 12:00:00 AM,168,19,149
8/30/2015 12:00:00 AM,9/9/2015 12:00:00 AM,233,19,214
8/30/2015 12:00:00 AM,9/10/2015 12:00:00 AM,168,19,149
8/30/2015 12:00:00 AM,9/11/2015 12:00:00 AM,168,19,149
8/30/2015 12:00:00 AM,9/12/2015 12:00:00 AM,8100,4496,3604
8/30/2015 12:00:00 AM,9/13/2015 12:00:00 AM,9102,4996,4106
8/30/2015 12:00:00 AM,9/14/2015 12:00:00 AM,13662,6994,6668
8/30/2015 12:00:00 AM,9/15/2015 12:00:00 AM,13632,6994,6638
8/30/2015 12:00:00 AM,9/16/2015 12:00:00 AM,14167,7064,7103
8/30/2015 12:00:00 AM,9/17/2015 12:00:00 AM,13606,6503,7103
8/30/2015 12:00:00 AM,9/18/2015 12:00:00 AM,15469,6971,8498
8/30/2015 12:00:00 AM,9/19/2015 12:00:00 AM,17523,8335,9188
8/30/2015 12:00:00 AM,9/20/2015 12:00:00 AM,17227,8445,8782
8/30/2015 12:00:00 AM,9/21/2015 12:00:00 AM,19662,9200,10462
8/30/2015 12:00:00 AM,9/22/2015 12:00:00 AM,18161,7699,10462
8/30/2015 12:00:00 AM,9/23/2015 12:00:00 AM,18536,7849,10687
8/30/2015 12:00:00 AM,9/24/2015 12:00:00 AM,18416,7749,10667
8/30/2015 12:00:00 AM,9/25/2015 12:00:00 AM,18342,7620,10722
8/30/2015 12:00:00 AM,9/26/2015 12:00:00 AM,24826,11643,13183
8/30/2015 12:00:00 AM,9/27/2015 12:00:00 AM,23250,11129,12121
8/30/2015 12:00:00 AM,9/28/2015 12:00:00 AM,25098,11306,13792
8/30/2015 12:00:00 AM,9/29/2015 12:00:00 AM,25246,11451,13795
8/30/2015 12:00:00 AM,9/30/2015 12:00:00 AM,26666,12511,14155
8/30/2015 12:00:00 AM,10/1/2015 12:00:00 AM,27320,12069,15251
8/30/2015 12:00:00 AM,10/2/2015 12:00:00 AM,27688,12361,15327
8/30/2015 12:00:00 AM,10/3/2015 12:00:00 AM,29793,13757,16036
8/30/2015 12:00:00 AM,10/4/2015 12:00:00 AM,31491,14213,17278
8/30/2015 12:00:00 AM,10/5/2015 12:00:00 AM,33535,14355,19180
8/30/2015 12:00:00 AM,10/6/2015 12:00:00 AM,32581,14355,18226
8/30/2015 12:00:00 AM,10/7/2015 12:00:00 AM,32063,13854,18209
8/30/2015 12:00:00 AM,10/8/2015 12:00:00 AM,33308,13854,19454
8/30/2015 12:00:00 AM,10/9/2015 12:00:00 AM,33295,14510,18785
8/30/2015 12:00:00 AM,10/10/2015 12:00:00 AM,36014,17506,18508
8/30/2015 12:00:00 AM,10/11/2015 12:00:00 AM,35996,17661,18335
8/30/2015 12:00:00 AM,10/12/2015 12:00:00 AM,34818,16864,17954
8/30/2015 12:00:00 AM,10/13/2015 12:00:00 AM,32051,13747,18304
8/30/2015 12:00:00 AM,10/14/2015 12:00:00 AM,31556,13791,17765
8/30/2015 12:00:00 AM,10/15/2015 12:00:00 AM,32309,13841,18468
8/30/2015 12:00:00 AM,10/16/2015 12:00:00 AM,31556,14102,17454
8/30/2015 12:00:00 AM,10/17/2015 12:00:00 AM,35727,15101,20626
8/30/2015 12:00:00 AM,10/18/2015 12:00:00 AM,33629,14314,19315
8/30/2015 12:00:00 AM,10/19/2015 12:00:00 AM,35031,13965,21066
8/30/2015 12:00:00 AM,10/20/2015 12:00:00 AM,34063,13415,20648
8/30/2015 12:00:00 AM,10/21/2015 12:00:00 AM,33748,13315,20433
8/30/2015 12:00:00 AM,10/22/2015 12:00:00 AM,33634,13271,20363
8/30/2015 12:00:00 AM,10/23/2015 12:00:00 AM,34272,13953,20319
8/30/2015 12:00:00 AM,10/24/2015 12:00:00 AM,33934,14626,19308
8/30/2015 12:00:00 AM,10/25/2015 12:00:00 AM,33522,14001,19521
8/30/2015 12:00:00 AM,10/26/2015 12:00:00 AM,33366,14032,19334
8/30/2015 12:00:00 AM,10/27/2015 12:00:00 AM,30794,12270,18524
8/30/2015 12:00:00 AM,10/28/2015 12:00:00 AM,29901,11790,18111
8/30/2015 12:00:00 AM,10/29/2015 12:00:00 AM,29642,10980,18662
8/30/2015 12:00:00 AM,10/30/2015 12:00:00 AM,32010,11661,20349
8/30/2015 12:00:00 AM,10/31/2015 12:00:00 AM,34525,14022,20503
8/30/2015 12:00:00 AM,11/1/2015 12:00:00 AM,34348,14395,19953
8/30/2015 12:00:00 AM,11/2/2015 12:00:00 AM,34103,14994,19109
8/30/2015 12:00:00 AM,11/3/2015 12:00:00 AM,32770,13999,18771
8/30/2015 12:00:00 AM,11/4/2015 12:00:00 AM,33418,14650,18768
8/30/2015 12:00:00 AM,11/5/2015 12:00:00 AM,32339,14194,18145
8/30/2015 12:00:00 AM,11/6/2015 12:00:00 AM,33103,14794,18309
8/30/2015 12:00:00 AM,11/7/2015 12:00:00 AM,33635,14773,18862
8/30/2015 12:00:00 AM,11/8/2015 12:00:00 AM,33374,14699,18675
8/30/2015 12:00:00 AM,11/9/2015 12:00:00 AM,31458,14192,17266
8/30/2015 12:00:00 AM,11/10/2015 12:00:00 AM,27597,11127,16470
8/30/2015 12:00:00 AM,11/11/2015 12:00:00 AM,27577,11127,16450
8/30/2015 12:00:00 AM,11/12/2015 12:00:00 AM,26860,11127,15733
8/30/2015 12:00:00 AM,11/13/2015 12:00:00 AM,26777,11044,15733
8/30/2015 12:00:00 AM,11/14/2015 12:00:00 AM,26054,11798,14256
8/30/2015 12:00:00 AM,11/15/2015 12:00:00 AM,23538,10977,12561
8/30/2015 12:00:00 AM,11/16/2015 12:00:00 AM,22162,10612,11550
8/30/2015 12:00:00 AM,11/17/2015 12:00:00 AM,20151,9871,10280
8/30/2015 12:00:00 AM,11/18/2015 12:00:00 AM,19551,9271,10280
8/30/2015 12:00:00 AM,11/19/2015 12:00:00 AM,19373,9271,10102
8/30/2015 12:00:00 AM,11/20/2015 12:00:00 AM,18967,8865,10102
8/30/2015 12:00:00 AM,11/21/2015 12:00:00 AM,18020,8869,9151
8/30/2015 12:00:00 AM,11/22/2015 12:00:00 AM,16323,8518,7805
8/30/2015 12:00:00 AM,11/23/2015 12:00:00 AM,14065,7141,6924
8/30/2015 12:00:00 AM,11/24/2015 12:00:00 AM,10865,5069,5796
8/30/2015 12:00:00 AM,11/25/2015 12:00:00 AM,9765,4589,5176
8/30/2015 12:00:00 AM,11/26/2015 12:00:00 AM,9765,4589,5176
8/30/2015 12:00:00 AM,11/27/2015 12:00:00 AM,9765,4589,5176
8/30/2015 12:00:00 AM,11/28/2015 12:00:00 AM,9339,4479,4860
8/30/2015 12:00:00 AM,11/29/2015 12:00:00 AM,9340,4329,5011
8/29/2015 12:00:00 AM,8/30/2015 12:00:00 AM,117,19,98
8/29/2015 12:00:00 AM,8/31/2015 12:00:00 AM,117,19,98
8/29/2015 12:00:00 AM,9/1/2015 12:00:00 AM,141,19,122
8/29/2015 12:00:00 AM,9/2/2015 12:00:00 AM,141,19,122
8/29/2015 12:00:00 AM,9/3/2015 12:00:00 AM,141,19,122
8/29/2015 12:00:00 AM,9/4/2015 12:00:00 AM,141,19,122
8/29/2015 12:00:00 AM,9/5/2015 12:00:00 AM,108,19,89
8/29/2015 12:00:00 AM,9/6/2015 12:00:00 AM,108,19,89
8/29/2015 12:00:00 AM,9/7/2015 12:00:00 AM,157,19,138
8/29/2015 12:00:00 AM,9/8/2015 12:00:00 AM,168,19,149
8/29/2015 12:00:00 AM,9/9/2015 12:00:00 AM,233,19,214
8/29/2015 12:00:00 AM,9/10/2015 12:00:00 AM,168,19,149
8/29/2015 12:00:00 AM,9/11/2015 12:00:00 AM,168,19,149
8/29/2015 12:00:00 AM,9/12/2015 12:00:00 AM,8100,4496,3604
8/29/2015 12:00:00 AM,9/13/2015 12:00:00 AM,9102,4996,4106
8/29/2015 12:00:00 AM,9/14/2015 12:00:00 AM,13662,6994,6668
8/29/2015 12:00:00 AM,9/15/2015 12:00:00 AM,13632,6994,6638
8/29/2015 12:00:00 AM,9/16/2015 12:00:00 AM,14167,7064,7103
8/29/2015 12:00:00 AM,9/17/2015 12:00:00 AM,13606,6503,7103
8/29/2015 12:00:00 AM,9/18/2015 12:00:00 AM,15469,6971,8498
8/29/2015 12:00:00 AM,9/19/2015 12:00:00 AM,17523,8335,9188
8/29/2015 12:00:00 AM,9/20/2015 12:00:00 AM,17227,8445,8782
8/29/2015 12:00:00 AM,9/21/2015 12:00:00 AM,19662,9200,10462
8/29/2015 12:00:00 AM,9/22/2015 12:00:00 AM,18161,7699,10462
8/29/2015 12:00:00 AM,9/23/2015 12:00:00 AM,18536,7849,10687
8/29/2015 12:00:00 AM,9/24/2015 12:00:00 AM,18416,7749,10667
8/29/2015 12:00:00 AM,9/25/2015 12:00:00 AM,18342,7620,10722
8/29/2015 12:00:00 AM,9/26/2015 12:00:00 AM,24826,11643,13183
8/29/2015 12:00:00 AM,9/27/2015 12:00:00 AM,23250,11129,12121
8/29/2015 12:00:00 AM,9/28/2015 12:00:00 AM,25098,11306,13792
8/29/2015 12:00:00 AM,9/29/2015 12:00:00 AM,25246,11451,13795
8/29/2015 12:00:00 AM,9/30/2015 12:00:00 AM,26666,12511,14155
8/29/2015 12:00:00 AM,10/1/2015 12:00:00 AM,27320,12069,15251
8/29/2015 12:00:00 AM,10/2/2015 12:00:00 AM,27688,12361,15327
8/29/2015 12:00:00 AM,10/3/2015 12:00:00 AM,29793,13757,16036
8/29/2015 12:00:00 AM,10/4/2015 12:00:00 AM,31491,14213,17278
8/29/2015 12:00:00 AM,10/5/2015 12:00:00 AM,33535,14355,19180
8/29/2015 12:00:00 AM,10/6/2015 12:00:00 AM,32581,14355,18226
8/29/2015 12:00:00 AM,10/7/2015 12:00:00 AM,32063,13854,18209
8/29/2015 12:00:00 AM,10/8/2015 12:00:00 AM,33308,13854,19454
8/29/2015 12:00:00 AM,10/9/2015 12:00:00 AM,33295,14510,18785
8/29/2015 12:00:00 AM,10/10/2015 12:00:00 AM,36014,17506,18508
8/29/2015 12:00:00 AM,10/11/2015 12:00:00 AM,35996,17661,18335
8/29/2015 12:00:00 AM,10/12/2015 12:00:00 AM,34818,16864,17954
8/29/2015 12:00:00 AM,10/13/2015 12:00:00 AM,32051,13747,18304
8/29/2015 12:00:00 AM,10/14/2015 12:00:00 AM,31556,13791,17765
8/29/2015 12:00:00 AM,10/15/2015 12:00:00 AM,32309,13841,18468
8/29/2015 12:00:00 AM,10/16/2015 12:00:00 AM,31556,14102,17454
8/29/2015 12:00:00 AM,10/17/2015 12:00:00 AM,35727,15101,20626
8/29/2015 12:00:00 AM,10/18/2015 12:00:00 AM,33629,14314,19315
8/29/2015 12:00:00 AM,10/19/2015 12:00:00 AM,35031,13965,21066
8/29/2015 12:00:00 AM,10/20/2015 12:00:00 AM,34063,13415,20648
8/29/2015 12:00:00 AM,10/21/2015 12:00:00 AM,33748,13315,20433
8/29/2015 12:00:00 AM,10/22/2015 12:00:00 AM,33634,13271,20363
8/29/2015 12:00:00 AM,10/23/2015 12:00:00 AM,34272,13953,20319
8/29/2015 12:00:00 AM,10/24/2015 12:00:00 AM,33934,14626,19308
8/29/2015 12:00:00 AM,10/25/2015 12:00:00 AM,33522,14001,19521
8/29/2015 12:00:00 AM,10/26/2015 12:00:00 AM,33366,14032,19334
8/29/2015 12:00:00 AM,10/27/2015 12:00:00 AM,30794,12270,18524
8/29/2015 12:00:00 AM,10/28/2015 12:00:00 AM,29901,11790,18111
8/29/2015 12:00:00 AM,10/29/2015 12:00:00 AM,29642,10980,18662
8/29/2015 12:00:00 AM,10/30/2015 12:00:00 AM,32010,11661,20349
8/29/2015 12:00:00 AM,10/31/2015 12:00:00 AM,34525,14022,20503
8/29/2015 12:00:00 AM,11/1/2015 12:00:00 AM,34348,14395,19953
8/29/2015 12:00:00 AM,11/2/2015 12:00:00 AM,34103,14994,19109
8/29/2015 12:00:00 AM,11/3/2015 12:00:00 AM,32770,13999,18771
8/29/2015 12:00:00 AM,11/4/2015 12:00:00 AM,33418,14650,18768
8/29/2015 12:00:00 AM,11/5/2015 12:00:00 AM,32339,14194,18145
8/29/2015 12:00:00 AM,11/6/2015 12:00:00 AM,33103,14794,18309
8/29/2015 12:00:00 AM,11/7/2015 12:00:00 AM,33635,14773,18862
8/29/2015 12:00:00 AM,11/8/2015 12:00:00 AM,33374,14699,18675
8/29/2015 12:00:00 AM,11/9/2015 12:00:00 AM,31458,14192,17266
8/29/2015 12:00:00 AM,11/10/2015 12:00:00 AM,27597,11127,16470
8/29/2015 12:00:00 AM,11/11/2015 12:00:00 AM,27577,11127,16450
8/29/2015 12:00:00 AM,11/12/2015 12:00:00 AM,26860,11127,15733
8/29/2015 12:00:00 AM,11/13/2015 12:00:00 AM,26777,11044,15733
8/29/2015 12:00:00 AM,11/14/2015 12:00:00 AM,26054,11798,14256
8/29/2015 12:00:00 AM,11/15/2015 12:00:00 AM,23538,10977,12561
8/29/2015 12:00:00 AM,11/16/2015 12:00:00 AM,22162,10612,11550
8/29/2015 12:00:00 AM,11/17/2015 12:00:00 AM,20151,9871,10280
8/29/2015 12:00:00 AM,11/18/2015 12:00:00 AM,19551,9271,10280
8/29/2015 12:00:00 AM,11/19/2015 12:00:00 AM,19373,9271,10102
8/29/2015 12:00:00 AM,11/20/2015 12:00:00 AM,18967,8865,10102
8/29/2015 12:00:00 AM,11/21/2015 12:00:00 AM,18020,8869,9151
8/29/2015 12:00:00 AM,11/22/2015 12:00:00 AM,16323,8518,7805
8/29/2015 12:00:00 AM,11/23/2015 12:00:00 AM,14065,7141,6924
8/29/2015 12:00:00 AM,11/24/2015 12:00:00 AM,10865,5069,5796
8/29/2015 12:00:00 AM,11/25/2015 12:00:00 AM,9765,4589,5176
8/29/2015 12:00:00 AM,11/26/2015 12:00:00 AM,9765,4589,5176
8/29/2015 12:00:00 AM,11/27/2015 12:00:00 AM,9765,4589,5176
8/29/2015 12:00:00 AM,11/28/2015 12:00:00 AM,9339,4479,4860
8/28/2015 12:00:00 AM,8/29/2015 12:00:00 AM,117,19,98
8/28/2015 12:00:00 AM,8/30/2015 12:00:00 AM,337,19,318
8/28/2015 12:00:00 AM,8/31/2015 12:00:00 AM,337,19,318
8/28/2015 12:00:00 AM,9/1/2015 12:00:00 AM,361,19,342
8/28/2015 12:00:00 AM,9/2/2015 12:00:00 AM,361,19,342
8/28/2015 12:00:00 AM,9/3/2015 12:00:00 AM,361,19,342
8/28/2015 12:00:00 AM,9/4/2015 12:00:00 AM,361,19,342
8/28/2015 12:00:00 AM,9/5/2015 12:00:00 AM,328,19,309
8/28/2015 12:00:00 AM,9/6/2015 12:00:00 AM,108,19,89
8/28/2015 12:00:00 AM,9/7/2015 12:00:00 AM,157,19,138
8/28/2015 12:00:00 AM,9/8/2015 12:00:00 AM,168,19,149
8/28/2015 12:00:00 AM,9/9/2015 12:00:00 AM,233,19,214
8/28/2015 12:00:00 AM,9/10/2015 12:00:00 AM,168,19,149
8/28/2015 12:00:00 AM,9/11/2015 12:00:00 AM,168,19,149
8/28/2015 12:00:00 AM,9/12/2015 12:00:00 AM,8100,4496,3604
8/28/2015 12:00:00 AM,9/13/2015 12:00:00 AM,9102,4996,4106
8/28/2015 12:00:00 AM,9/14/2015 12:00:00 AM,13662,6994,6668
8/28/2015 12:00:00 AM,9/15/2015 12:00:00 AM,13632,6994,6638
8/28/2015 12:00:00 AM,9/16/2015 12:00:00 AM,14167,7064,7103
8/28/2015 12:00:00 AM,9/17/2015 12:00:00 AM,13606,6503,7103
8/28/2015 12:00:00 AM,9/18/2015 12:00:00 AM,15469,6971,8498
8/28/2015 12:00:00 AM,9/19/2015 12:00:00 AM,17523,8335,9188
8/28/2015 12:00:00 AM,9/20/2015 12:00:00 AM,17227,8445,8782
8/28/2015 12:00:00 AM,9/21/2015 12:00:00 AM,19662,9200,10462
8/28/2015 12:00:00 AM,9/22/2015 12:00:00 AM,18161,7699,10462
8/28/2015 12:00:00 AM,9/23/2015 12:00:00 AM,18536,7849,10687
8/28/2015 12:00:00 AM,9/24/2015 12:00:00 AM,18416,7749,10667
8/28/2015 12:00:00 AM,9/25/2015 12:00:00 AM,18342,7620,10722
8/28/2015 12:00:00 AM,9/26/2015 12:00:00 AM,24826,11643,13183
8/28/2015 12:00:00 AM,9/27/2015 12:00:00 AM,23950,11829,12121
8/28/2015 12:00:00 AM,9/28/2015 12:00:00 AM,25798,12006,13792
8/28/2015 12:00:00 AM,9/29/2015 12:00:00 AM,25946,12151,13795
8/28/2015 12:00:00 AM,9/30/2015 12:00:00 AM,27366,13211,14155
8/28/2015 12:00:00 AM,10/1/2015 12:00:00 AM,28020,12769,15251
8/28/2015 12:00:00 AM,10/2/2015 12:00:00 AM,28388,13061,15327
8/28/2015 12:00:00 AM,10/3/2015 12:00:00 AM,30328,13757,16571
8/28/2015 12:00:00 AM,10/4/2015 12:00:00 AM,31491,14213,17278
8/28/2015 12:00:00 AM,10/5/2015 12:00:00 AM,32987,14355,18632
8/28/2015 12:00:00 AM,10/6/2015 12:00:00 AM,32568,14355,18213
8/28/2015 12:00:00 AM,10/7/2015 12:00:00 AM,32050,13854,18196
8/28/2015 12:00:00 AM,10/8/2015 12:00:00 AM,33295,13854,19441
8/28/2015 12:00:00 AM,10/9/2015 12:00:00 AM,33315,14510,18805
8/28/2015 12:00:00 AM,10/10/2015 12:00:00 AM,36435,17506,18929
8/28/2015 12:00:00 AM,10/11/2015 12:00:00 AM,35863,17508,18355
8/28/2015 12:00:00 AM,10/12/2015 12:00:00 AM,34838,16864,17974
8/28/2015 12:00:00 AM,10/13/2015 12:00:00 AM,32071,13747,18324
8/28/2015 12:00:00 AM,10/14/2015 12:00:00 AM,31576,13791,17785
8/28/2015 12:00:00 AM,10/15/2015 12:00:00 AM,32329,13841,18488
8/28/2015 12:00:00 AM,10/16/2015 12:00:00 AM,31543,14102,17441
8/28/2015 12:00:00 AM,10/17/2015 12:00:00 AM,35714,15101,20613
8/28/2015 12:00:00 AM,10/18/2015 12:00:00 AM,33616,14314,19302
8/28/2015 12:00:00 AM,10/19/2015 12:00:00 AM,35018,13965,21053
8/28/2015 12:00:00 AM,10/20/2015 12:00:00 AM,34050,13415,20635
8/28/2015 12:00:00 AM,10/21/2015 12:00:00 AM,33735,13315,20420
8/28/2015 12:00:00 AM,10/22/2015 12:00:00 AM,33621,13271,20350
8/28/2015 12:00:00 AM,10/23/2015 12:00:00 AM,33991,13953,20038
8/28/2015 12:00:00 AM,10/24/2015 12:00:00 AM,33653,14626,19027
8/28/2015 12:00:00 AM,10/25/2015 12:00:00 AM,32974,14001,18973
8/28/2015 12:00:00 AM,10/26/2015 12:00:00 AM,32118,13332,18786
8/28/2015 12:00:00 AM,10/27/2015 12:00:00 AM,29781,11570,18211
8/28/2015 12:00:00 AM,10/28/2015 12:00:00 AM,28891,11090,17801
8/28/2015 12:00:00 AM,10/29/2015 12:00:00 AM,28629,10280,18349
8/28/2015 12:00:00 AM,10/30/2015 12:00:00 AM,30354,10961,19393
8/28/2015 12:00:00 AM,10/31/2015 12:00:00 AM,32735,13322,19413
8/28/2015 12:00:00 AM,11/1/2015 12:00:00 AM,32959,13695,19264
8/28/2015 12:00:00 AM,11/2/2015 12:00:00 AM,33414,14994,18420
8/28/2015 12:00:00 AM,11/3/2015 12:00:00 AM,32114,13999,18115
8/28/2015 12:00:00 AM,11/4/2015 12:00:00 AM,32762,14650,18112
8/28/2015 12:00:00 AM,11/5/2015 12:00:00 AM,31683,14194,17489
8/28/2015 12:00:00 AM,11/6/2015 12:00:00 AM,32447,14794,17653
8/28/2015 12:00:00 AM,11/7/2015 12:00:00 AM,32979,14773,18206
8/28/2015 12:00:00 AM,11/8/2015 12:00:00 AM,32718,14699,18019
8/28/2015 12:00:00 AM,11/9/2015 12:00:00 AM,30802,14192,16610
8/28/2015 12:00:00 AM,11/10/2015 12:00:00 AM,26941,11127,15814
8/28/2015 12:00:00 AM,11/11/2015 12:00:00 AM,26921,11127,15794
8/28/2015 12:00:00 AM,11/12/2015 12:00:00 AM,26204,11127,15077
8/28/2015 12:00:00 AM,11/13/2015 12:00:00 AM,26121,11044,15077
8/28/2015 12:00:00 AM,11/14/2015 12:00:00 AM,25411,11798,13613
8/28/2015 12:00:00 AM,11/15/2015 12:00:00 AM,22895,10977,11918
8/28/2015 12:00:00 AM,11/16/2015 12:00:00 AM,21519,10612,10907
8/28/2015 12:00:00 AM,11/17/2015 12:00:00 AM,20151,9871,10280
8/28/2015 12:00:00 AM,11/18/2015 12:00:00 AM,19551,9271,10280
8/28/2015 12:00:00 AM,11/19/2015 12:00:00 AM,19373,9271,10102
8/28/2015 12:00:00 AM,11/20/2015 12:00:00 AM,18967,8865,10102
8/28/2015 12:00:00 AM,11/21/2015 12:00:00 AM,18020,8869,9151
8/28/2015 12:00:00 AM,11/22/2015 12:00:00 AM,16323,8518,7805
8/28/2015 12:00:00 AM,11/23/2015 12:00:00 AM,14065,7141,6924
8/28/2015 12:00:00 AM,11/24/2015 12:00:00 AM,10865,5069,5796
8/28/2015 12:00:00 AM,11/25/2015 12:00:00 AM,9765,4589,5176
8/28/2015 12:00:00 AM,11/26/2015 12:00:00 AM,9765,4589,5176
8/28/2015 12:00:00 AM,11/27/2015 12:00:00 AM,9765,4589,5176
8/27/2015 12:00:00 AM,8/28/2015 12:00:00 AM,118,19,99
8/27/2015 12:00:00 AM,8/29/2015 12:00:00 AM,117,19,98
8/27/2015 12:00:00 AM,8/30/2015 12:00:00 AM,337,19,318
8/27/2015 12:00:00 AM,8/31/2015 12:00:00 AM,337,19,318
8/27/2015 12:00:00 AM,9/1/2015 12:00:00 AM,361,19,342
8/27/2015 12:00:00 AM,9/2/2015 12:00:00 AM,361,19,342
8/27/2015 12:00:00 AM,9/3/2015 12:00:00 AM,361,19,342
8/27/2015 12:00:00 AM,9/4/2015 12:00:00 AM,361,19,342
8/27/2015 12:00:00 AM,9/5/2015 12:00:00 AM,328,19,309
8/27/2015 12:00:00 AM,9/6/2015 12:00:00 AM,108,19,89
8/27/2015 12:00:00 AM,9/7/2015 12:00:00 AM,157,19,138
8/27/2015 12:00:00 AM,9/8/2015 12:00:00 AM,168,19,149
8/27/2015 12:00:00 AM,9/9/2015 12:00:00 AM,233,19,214
8/27/2015 12:00:00 AM,9/10/2015 12:00:00 AM,168,19,149
8/27/2015 12:00:00 AM,9/11/2015 12:00:00 AM,168,19,149
8/27/2015 12:00:00 AM,9/12/2015 12:00:00 AM,8100,4496,3604
8/27/2015 12:00:00 AM,9/13/2015 12:00:00 AM,9102,4996,4106
8/27/2015 12:00:00 AM,9/14/2015 12:00:00 AM,13662,6994,6668
8/27/2015 12:00:00 AM,9/15/2015 12:00:00 AM,13632,6994,6638
8/27/2015 12:00:00 AM,9/16/2015 12:00:00 AM,14167,7064,7103
8/27/2015 12:00:00 AM,9/17/2015 12:00:00 AM,13606,6503,7103
8/27/2015 12:00:00 AM,9/18/2015 12:00:00 AM,15469,6971,8498
8/27/2015 12:00:00 AM,9/19/2015 12:00:00 AM,17523,8335,9188
8/27/2015 12:00:00 AM,9/20/2015 12:00:00 AM,17227,8445,8782
8/27/2015 12:00:00 AM,9/21/2015 12:00:00 AM,19662,9200,10462
8/27/2015 12:00:00 AM,9/22/2015 12:00:00 AM,18161,7699,10462
8/27/2015 12:00:00 AM,9/23/2015 12:00:00 AM,18536,7849,10687
8/27/2015 12:00:00 AM,9/24/2015 12:00:00 AM,18416,7749,10667
8/27/2015 12:00:00 AM,9/25/2015 12:00:00 AM,18342,7620,10722
8/27/2015 12:00:00 AM,9/26/2015 12:00:00 AM,24826,11643,13183
8/27/2015 12:00:00 AM,9/27/2015 12:00:00 AM,23481,11360,12121
8/27/2015 12:00:00 AM,9/28/2015 12:00:00 AM,25329,11537,13792
8/27/2015 12:00:00 AM,9/29/2015 12:00:00 AM,25477,11682,13795
8/27/2015 12:00:00 AM,9/30/2015 12:00:00 AM,26897,12742,14155
8/27/2015 12:00:00 AM,10/1/2015 12:00:00 AM,27551,12300,15251
8/27/2015 12:00:00 AM,10/2/2015 12:00:00 AM,27439,12592,14847
8/27/2015 12:00:00 AM,10/3/2015 12:00:00 AM,29224,13133,16091
8/27/2015 12:00:00 AM,10/4/2015 12:00:00 AM,30387,13589,16798
8/27/2015 12:00:00 AM,10/5/2015 12:00:00 AM,31427,13576,17851
8/27/2015 12:00:00 AM,10/6/2015 12:00:00 AM,31003,13576,17427
8/27/2015 12:00:00 AM,10/7/2015 12:00:00 AM,30485,13075,17410
8/27/2015 12:00:00 AM,10/8/2015 12:00:00 AM,31730,13075,18655
8/27/2015 12:00:00 AM,10/9/2015 12:00:00 AM,31755,13731,18024
8/27/2015 12:00:00 AM,10/10/2015 12:00:00 AM,35176,16727,18449
8/27/2015 12:00:00 AM,10/11/2015 12:00:00 AM,34602,16727,17875
8/27/2015 12:00:00 AM,10/12/2015 12:00:00 AM,33658,16164,17494
8/27/2015 12:00:00 AM,10/13/2015 12:00:00 AM,30886,13047,17839
8/27/2015 12:00:00 AM,10/14/2015 12:00:00 AM,30871,13091,17780
8/27/2015 12:00:00 AM,10/15/2015 12:00:00 AM,31624,13141,18483
8/27/2015 12:00:00 AM,10/16/2015 12:00:00 AM,30843,13402,17441
8/27/2015 12:00:00 AM,10/17/2015 12:00:00 AM,35494,14401,21093
8/27/2015 12:00:00 AM,10/18/2015 12:00:00 AM,33396,13614,19782
8/27/2015 12:00:00 AM,10/19/2015 12:00:00 AM,34798,13265,21533
8/27/2015 12:00:00 AM,10/20/2015 12:00:00 AM,33830,12715,21115
8/27/2015 12:00:00 AM,10/21/2015 12:00:00 AM,33515,12615,20900
8/27/2015 12:00:00 AM,10/22/2015 12:00:00 AM,33401,12571,20830
8/27/2015 12:00:00 AM,10/23/2015 12:00:00 AM,33771,13253,20518
8/27/2015 12:00:00 AM,10/24/2015 12:00:00 AM,33074,13567,19507
8/27/2015 12:00:00 AM,10/25/2015 12:00:00 AM,32551,13098,19453
8/27/2015 12:00:00 AM,10/26/2015 12:00:00 AM,31915,13129,18786
8/27/2015 12:00:00 AM,10/27/2015 12:00:00 AM,29578,11367,18211
8/27/2015 12:00:00 AM,10/28/2015 12:00:00 AM,28688,10887,17801
8/27/2015 12:00:00 AM,10/29/2015 12:00:00 AM,28426,10077,18349
8/27/2015 12:00:00 AM,10/30/2015 12:00:00 AM,29500,10107,19393
8/27/2015 12:00:00 AM,10/31/2015 12:00:00 AM,32084,12671,19413
8/27/2015 12:00:00 AM,11/1/2015 12:00:00 AM,32308,13044,19264
8/27/2015 12:00:00 AM,11/2/2015 12:00:00 AM,32763,14343,18420
8/27/2015 12:00:00 AM,11/3/2015 12:00:00 AM,31463,13348,18115
8/27/2015 12:00:00 AM,11/4/2015 12:00:00 AM,31460,13348,18112
8/27/2015 12:00:00 AM,11/5/2015 12:00:00 AM,30787,13298,17489
8/27/2015 12:00:00 AM,11/6/2015 12:00:00 AM,31551,13898,17653
8/27/2015 12:00:00 AM,11/7/2015 12:00:00 AM,32083,13877,18206
8/27/2015 12:00:00 AM,11/8/2015 12:00:00 AM,31746,13727,18019
8/27/2015 12:00:00 AM,11/9/2015 12:00:00 AM,29424,12814,16610
8/27/2015 12:00:00 AM,11/10/2015 12:00:00 AM,26214,10400,15814
8/27/2015 12:00:00 AM,11/11/2015 12:00:00 AM,26194,10400,15794
8/27/2015 12:00:00 AM,11/12/2015 12:00:00 AM,25477,10400,15077
8/27/2015 12:00:00 AM,11/13/2015 12:00:00 AM,25394,10317,15077
8/27/2015 12:00:00 AM,11/14/2015 12:00:00 AM,24684,11071,13613
8/27/2015 12:00:00 AM,11/15/2015 12:00:00 AM,22819,10901,11918
8/27/2015 12:00:00 AM,11/16/2015 12:00:00 AM,21443,10536,10907
8/27/2015 12:00:00 AM,11/17/2015 12:00:00 AM,20075,9795,10280
8/27/2015 12:00:00 AM,11/18/2015 12:00:00 AM,19475,9195,10280
8/27/2015 12:00:00 AM,11/19/2015 12:00:00 AM,19297,9195,10102
8/27/2015 12:00:00 AM,11/20/2015 12:00:00 AM,18891,8789,10102
8/27/2015 12:00:00 AM,11/21/2015 12:00:00 AM,18020,8869,9151
8/27/2015 12:00:00 AM,11/22/2015 12:00:00 AM,16323,8518,7805
8/27/2015 12:00:00 AM,11/23/2015 12:00:00 AM,14065,7141,6924
8/27/2015 12:00:00 AM,11/24/2015 12:00:00 AM,10865,5069,5796
8/27/2015 12:00:00 AM,11/25/2015 12:00:00 AM,9765,4589,5176
8/27/2015 12:00:00 AM,11/26/2015 12:00:00 AM,9765,4589,5176
8/26/2015 12:00:00 AM,8/27/2015 12:00:00 AM,118,19,99
8/26/2015 12:00:00 AM,8/28/2015 12:00:00 AM,118,19,99
8/26/2015 12:00:00 AM,8/29/2015 12:00:00 AM,117,19,98
8/26/2015 12:00:00 AM,8/30/2015 12:00:00 AM,337,19,318
8/26/2015 12:00:00 AM,8/31/2015 12:00:00 AM,369,19,350
8/26/2015 12:00:00 AM,9/1/2015 12:00:00 AM,393,19,374
8/26/2015 12:00:00 AM,9/2/2015 12:00:00 AM,393,19,374
8/26/2015 12:00:00 AM,9/3/2015 12:00:00 AM,393,19,374
8/26/2015 12:00:00 AM,9/4/2015 12:00:00 AM,393,19,374
8/26/2015 12:00:00 AM,9/5/2015 12:00:00 AM,360,19,341
8/26/2015 12:00:00 AM,9/6/2015 12:00:00 AM,140,19,121
8/26/2015 12:00:00 AM,9/7/2015 12:00:00 AM,189,19,170
8/26/2015 12:00:00 AM,9/8/2015 12:00:00 AM,200,19,181
8/26/2015 12:00:00 AM,9/9/2015 12:00:00 AM,265,19,246
8/26/2015 12:00:00 AM,9/10/2015 12:00:00 AM,200,19,181
8/26/2015 12:00:00 AM,9/11/2015 12:00:00 AM,200,19,181
8/26/2015 12:00:00 AM,9/12/2015 12:00:00 AM,8132,4496,3636
8/26/2015 12:00:00 AM,9/13/2015 12:00:00 AM,9134,4996,4138
8/26/2015 12:00:00 AM,9/14/2015 12:00:00 AM,13711,6994,6717
8/26/2015 12:00:00 AM,9/15/2015 12:00:00 AM,13681,6994,6687
8/26/2015 12:00:00 AM,9/16/2015 12:00:00 AM,14216,7064,7152
8/26/2015 12:00:00 AM,9/17/2015 12:00:00 AM,13655,6503,7152
8/26/2015 12:00:00 AM,9/18/2015 12:00:00 AM,15518,6971,8547
8/26/2015 12:00:00 AM,9/19/2015 12:00:00 AM,17572,8335,9237
8/26/2015 12:00:00 AM,9/20/2015 12:00:00 AM,17276,8445,8831
8/26/2015 12:00:00 AM,9/21/2015 12:00:00 AM,19711,9200,10511
8/26/2015 12:00:00 AM,9/22/2015 12:00:00 AM,18210,7699,10511
8/26/2015 12:00:00 AM,9/23/2015 12:00:00 AM,18585,7849,10736
8/26/2015 12:00:00 AM,9/24/2015 12:00:00 AM,18465,7749,10716
8/26/2015 12:00:00 AM,9/25/2015 12:00:00 AM,18391,7620,10771
8/26/2015 12:00:00 AM,9/26/2015 12:00:00 AM,24843,11643,13200
8/26/2015 12:00:00 AM,9/27/2015 12:00:00 AM,23498,11360,12138
8/26/2015 12:00:00 AM,9/28/2015 12:00:00 AM,25346,11537,13809
8/26/2015 12:00:00 AM,9/29/2015 12:00:00 AM,25494,11682,13812
8/26/2015 12:00:00 AM,9/30/2015 12:00:00 AM,26914,12742,14172
8/26/2015 12:00:00 AM,10/1/2015 12:00:00 AM,27568,12300,15268
8/26/2015 12:00:00 AM,10/2/2015 12:00:00 AM,27765,12592,15173
8/26/2015 12:00:00 AM,10/3/2015 12:00:00 AM,29533,13133,16400
8/26/2015 12:00:00 AM,10/4/2015 12:00:00 AM,30696,13589,17107
8/26/2015 12:00:00 AM,10/5/2015 12:00:00 AM,31670,13510,18160
8/26/2015 12:00:00 AM,10/6/2015 12:00:00 AM,31246,13510,17736
8/26/2015 12:00:00 AM,10/7/2015 12:00:00 AM,30728,13009,17719
8/26/2015 12:00:00 AM,10/8/2015 12:00:00 AM,31973,13009,18964
8/26/2015 12:00:00 AM,10/9/2015 12:00:00 AM,31998,13665,18333
8/26/2015 12:00:00 AM,10/10/2015 12:00:00 AM,35419,16661,18758
8/26/2015 12:00:00 AM,10/11/2015 12:00:00 AM,34845,16661,18184
8/26/2015 12:00:00 AM,10/12/2015 12:00:00 AM,33901,16098,17803
8/26/2015 12:00:00 AM,10/13/2015 12:00:00 AM,31129,12981,18148
8/26/2015 12:00:00 AM,10/14/2015 12:00:00 AM,31114,13025,18089
8/26/2015 12:00:00 AM,10/15/2015 12:00:00 AM,31801,13009,18792
8/26/2015 12:00:00 AM,10/16/2015 12:00:00 AM,31086,13336,17750
8/26/2015 12:00:00 AM,10/17/2015 12:00:00 AM,35428,14335,21093
8/26/2015 12:00:00 AM,10/18/2015 12:00:00 AM,33330,13548,19782
8/26/2015 12:00:00 AM,10/19/2015 12:00:00 AM,34732,13199,21533
8/26/2015 12:00:00 AM,10/20/2015 12:00:00 AM,33764,12649,21115
8/26/2015 12:00:00 AM,10/21/2015 12:00:00 AM,33449,12549,20900
8/26/2015 12:00:00 AM,10/22/2015 12:00:00 AM,33335,12505,20830
8/26/2015 12:00:00 AM,10/23/2015 12:00:00 AM,33705,13187,20518
8/26/2015 12:00:00 AM,10/24/2015 12:00:00 AM,33008,13501,19507
8/26/2015 12:00:00 AM,10/25/2015 12:00:00 AM,32485,13032,19453
8/26/2015 12:00:00 AM,10/26/2015 12:00:00 AM,31915,13129,18786
8/26/2015 12:00:00 AM,10/27/2015 12:00:00 AM,29578,11367,18211
8/26/2015 12:00:00 AM,10/28/2015 12:00:00 AM,28688,10887,17801
8/26/2015 12:00:00 AM,10/29/2015 12:00:00 AM,28426,10077,18349
8/26/2015 12:00:00 AM,10/30/2015 12:00:00 AM,29500,10107,19393
8/26/2015 12:00:00 AM,10/31/2015 12:00:00 AM,32084,12671,19413
8/26/2015 12:00:00 AM,11/1/2015 12:00:00 AM,32308,13044,19264
8/26/2015 12:00:00 AM,11/2/2015 12:00:00 AM,32763,14343,18420
8/26/2015 12:00:00 AM,11/3/2015 12:00:00 AM,31463,13348,18115
8/26/2015 12:00:00 AM,11/4/2015 12:00:00 AM,31460,13348,18112
8/26/2015 12:00:00 AM,11/5/2015 12:00:00 AM,30787,13298,17489
8/26/2015 12:00:00 AM,11/6/2015 12:00:00 AM,31242,13898,17344
8/26/2015 12:00:00 AM,11/7/2015 12:00:00 AM,31774,13877,17897
8/26/2015 12:00:00 AM,11/8/2015 12:00:00 AM,31437,13727,17710
8/26/2015 12:00:00 AM,11/9/2015 12:00:00 AM,29115,12814,16301
8/26/2015 12:00:00 AM,11/10/2015 12:00:00 AM,25905,10400,15505
8/26/2015 12:00:00 AM,11/11/2015 12:00:00 AM,25885,10400,15485
8/26/2015 12:00:00 AM,11/12/2015 12:00:00 AM,25168,10400,14768
8/26/2015 12:00:00 AM,11/13/2015 12:00:00 AM,25085,10317,14768
8/26/2015 12:00:00 AM,11/14/2015 12:00:00 AM,24375,11071,13304
8/26/2015 12:00:00 AM,11/15/2015 12:00:00 AM,22510,10901,11609
8/26/2015 12:00:00 AM,11/16/2015 12:00:00 AM,21134,10536,10598
8/26/2015 12:00:00 AM,11/17/2015 12:00:00 AM,19766,9795,9971
8/26/2015 12:00:00 AM,11/18/2015 12:00:00 AM,19166,9195,9971
8/26/2015 12:00:00 AM,11/19/2015 12:00:00 AM,18988,9195,9793
8/26/2015 12:00:00 AM,11/20/2015 12:00:00 AM,18582,8789,9793
8/26/2015 12:00:00 AM,11/21/2015 12:00:00 AM,18020,8869,9151
8/26/2015 12:00:00 AM,11/22/2015 12:00:00 AM,16323,8518,7805
8/26/2015 12:00:00 AM,11/23/2015 12:00:00 AM,14065,7141,6924
8/26/2015 12:00:00 AM,11/24/2015 12:00:00 AM,10865,5069,5796
8/26/2015 12:00:00 AM,11/25/2015 12:00:00 AM,9765,4589,5176
8/25/2015 12:00:00 AM,8/26/2015 12:00:00 AM,118,19,99
8/25/2015 12:00:00 AM,8/27/2015 12:00:00 AM,118,19,99
8/25/2015 12:00:00 AM,8/28/2015 12:00:00 AM,118,19,99
8/25/2015 12:00:00 AM,8/29/2015 12:00:00 AM,117,19,98
8/25/2015 12:00:00 AM,8/30/2015 12:00:00 AM,337,19,318
8/25/2015 12:00:00 AM,8/31/2015 12:00:00 AM,369,19,350
8/25/2015 12:00:00 AM,9/1/2015 12:00:00 AM,393,19,374
8/25/2015 12:00:00 AM,9/2/2015 12:00:00 AM,393,19,374
8/25/2015 12:00:00 AM,9/3/2015 12:00:00 AM,393,19,374
8/25/2015 12:00:00 AM,9/4/2015 12:00:00 AM,393,19,374
8/25/2015 12:00:00 AM,9/5/2015 12:00:00 AM,360,19,341
8/25/2015 12:00:00 AM,9/6/2015 12:00:00 AM,140,19,121
8/25/2015 12:00:00 AM,9/7/2015 12:00:00 AM,189,19,170
8/25/2015 12:00:00 AM,9/8/2015 12:00:00 AM,200,19,181
8/25/2015 12:00:00 AM,9/9/2015 12:00:00 AM,265,19,246
8/25/2015 12:00:00 AM,9/10/2015 12:00:00 AM,200,19,181
8/25/2015 12:00:00 AM,9/11/2015 12:00:00 AM,200,19,181
8/25/2015 12:00:00 AM,9/12/2015 12:00:00 AM,8132,4496,3636
8/25/2015 12:00:00 AM,9/13/2015 12:00:00 AM,9134,4996,4138
8/25/2015 12:00:00 AM,9/14/2015 12:00:00 AM,13711,6994,6717
8/25/2015 12:00:00 AM,9/15/2015 12:00:00 AM,13681,6994,6687
8/25/2015 12:00:00 AM,9/16/2015 12:00:00 AM,14216,7064,7152
8/25/2015 12:00:00 AM,9/17/2015 12:00:00 AM,13655,6503,7152
8/25/2015 12:00:00 AM,9/18/2015 12:00:00 AM,15518,6971,8547
8/25/2015 12:00:00 AM,9/19/2015 12:00:00 AM,17572,8335,9237
8/25/2015 12:00:00 AM,9/20/2015 12:00:00 AM,17289,8445,8844
8/25/2015 12:00:00 AM,9/21/2015 12:00:00 AM,19724,9200,10524
8/25/2015 12:00:00 AM,9/22/2015 12:00:00 AM,18223,7699,10524
8/25/2015 12:00:00 AM,9/23/2015 12:00:00 AM,18598,7849,10749
8/25/2015 12:00:00 AM,9/24/2015 12:00:00 AM,18478,7749,10729
8/25/2015 12:00:00 AM,9/25/2015 12:00:00 AM,18404,7620,10784
8/25/2015 12:00:00 AM,9/26/2015 12:00:00 AM,24843,11643,13200
8/25/2015 12:00:00 AM,9/27/2015 12:00:00 AM,23330,11205,12125
8/25/2015 12:00:00 AM,9/28/2015 12:00:00 AM,25178,11382,13796
8/25/2015 12:00:00 AM,9/29/2015 12:00:00 AM,25326,11527,13799
8/25/2015 12:00:00 AM,9/30/2015 12:00:00 AM,26746,12587,14159
8/25/2015 12:00:00 AM,10/1/2015 12:00:00 AM,27400,12145,15255
8/25/2015 12:00:00 AM,10/2/2015 12:00:00 AM,27597,12437,15160
8/25/2015 12:00:00 AM,10/3/2015 12:00:00 AM,29520,13133,16387
8/25/2015 12:00:00 AM,10/4/2015 12:00:00 AM,30683,13589,17094
8/25/2015 12:00:00 AM,10/5/2015 12:00:00 AM,31585,13510,18075
8/25/2015 12:00:00 AM,10/6/2015 12:00:00 AM,31161,13510,17651
8/25/2015 12:00:00 AM,10/7/2015 12:00:00 AM,30643,13009,17634
8/25/2015 12:00:00 AM,10/8/2015 12:00:00 AM,31973,13009,18964
8/25/2015 12:00:00 AM,10/9/2015 12:00:00 AM,32048,13665,18383
8/25/2015 12:00:00 AM,10/10/2015 12:00:00 AM,35469,16661,18808
8/25/2015 12:00:00 AM,10/11/2015 12:00:00 AM,34895,16661,18234
8/25/2015 12:00:00 AM,10/12/2015 12:00:00 AM,33951,16098,17853
8/25/2015 12:00:00 AM,10/13/2015 12:00:00 AM,31179,12981,18198
8/25/2015 12:00:00 AM,10/14/2015 12:00:00 AM,31164,13025,18139
8/25/2015 12:00:00 AM,10/15/2015 12:00:00 AM,31851,13009,18842
8/25/2015 12:00:00 AM,10/16/2015 12:00:00 AM,31136,13336,17800
8/25/2015 12:00:00 AM,10/17/2015 12:00:00 AM,35384,14335,21049
8/25/2015 12:00:00 AM,10/18/2015 12:00:00 AM,33299,13548,19751
8/25/2015 12:00:00 AM,10/19/2015 12:00:00 AM,34701,13199,21502
8/25/2015 12:00:00 AM,10/20/2015 12:00:00 AM,33733,12649,21084
8/25/2015 12:00:00 AM,10/21/2015 12:00:00 AM,33418,12549,20869
8/25/2015 12:00:00 AM,10/22/2015 12:00:00 AM,33254,12505,20749
8/25/2015 12:00:00 AM,10/23/2015 12:00:00 AM,33624,13187,20437
8/25/2015 12:00:00 AM,10/24/2015 12:00:00 AM,32927,13501,19426
8/25/2015 12:00:00 AM,10/25/2015 12:00:00 AM,32404,13032,19372
8/25/2015 12:00:00 AM,10/26/2015 12:00:00 AM,31915,13129,18786
8/25/2015 12:00:00 AM,10/27/2015 12:00:00 AM,29578,11367,18211
8/25/2015 12:00:00 AM,10/28/2015 12:00:00 AM,28688,10887,17801
8/25/2015 12:00:00 AM,10/29/2015 12:00:00 AM,28426,10077,18349
8/25/2015 12:00:00 AM,10/30/2015 12:00:00 AM,29500,10107,19393
8/25/2015 12:00:00 AM,10/31/2015 12:00:00 AM,32084,12671,19413
8/25/2015 12:00:00 AM,11/1/2015 12:00:00 AM,32308,13044,19264
8/25/2015 12:00:00 AM,11/2/2015 12:00:00 AM,32763,14343,18420
8/25/2015 12:00:00 AM,11/3/2015 12:00:00 AM,31463,13348,18115
8/25/2015 12:00:00 AM,11/4/2015 12:00:00 AM,31460,13348,18112
8/25/2015 12:00:00 AM,11/5/2015 12:00:00 AM,30787,13298,17489
8/25/2015 12:00:00 AM,11/6/2015 12:00:00 AM,31242,13898,17344
8/25/2015 12:00:00 AM,11/7/2015 12:00:00 AM,31774,13877,17897
8/25/2015 12:00:00 AM,11/8/2015 12:00:00 AM,31437,13727,17710
8/25/2015 12:00:00 AM,11/9/2015 12:00:00 AM,29115,12814,16301
8/25/2015 12:00:00 AM,11/10/2015 12:00:00 AM,25905,10400,15505
8/25/2015 12:00:00 AM,11/11/2015 12:00:00 AM,25885,10400,15485
8/25/2015 12:00:00 AM,11/12/2015 12:00:00 AM,25168,10400,14768
8/25/2015 12:00:00 AM,11/13/2015 12:00:00 AM,25085,10317,14768
8/25/2015 12:00:00 AM,11/14/2015 12:00:00 AM,24375,11071,13304
8/25/2015 12:00:00 AM,11/15/2015 12:00:00 AM,22510,10901,11609
8/25/2015 12:00:00 AM,11/16/2015 12:00:00 AM,21134,10536,10598
8/25/2015 12:00:00 AM,11/17/2015 12:00:00 AM,19766,9795,9971
8/25/2015 12:00:00 AM,11/18/2015 12:00:00 AM,19166,9195,9971
8/25/2015 12:00:00 AM,11/19/2015 12:00:00 AM,18988,9195,9793
8/25/2015 12:00:00 AM,11/20/2015 12:00:00 AM,18582,8789,9793
8/25/2015 12:00:00 AM,11/21/2015 12:00:00 AM,18020,8869,9151
8/25/2015 12:00:00 AM,11/22/2015 12:00:00 AM,16323,8518,7805
8/25/2015 12:00:00 AM,11/23/2015 12:00:00 AM,14065,7141,6924
8/25/2015 12:00:00 AM,11/24/2015 12:00:00 AM,10865,5069,5796
8/24/2015 12:00:00 AM,8/25/2015 12:00:00 AM,118,19,99
8/24/2015 12:00:00 AM,8/26/2015 12:00:00 AM,118,19,99
8/24/2015 12:00:00 AM,8/27/2015 12:00:00 AM,118,19,99
8/24/2015 12:00:00 AM,8/28/2015 12:00:00 AM,118,19,99
8/24/2015 12:00:00 AM,8/29/2015 12:00:00 AM,117,19,98
8/24/2015 12:00:00 AM,8/30/2015 12:00:00 AM,337,19,318
8/24/2015 12:00:00 AM,8/31/2015 12:00:00 AM,369,19,350
8/24/2015 12:00:00 AM,9/1/2015 12:00:00 AM,393,19,374
8/24/2015 12:00:00 AM,9/2/2015 12:00:00 AM,393,19,374
8/24/2015 12:00:00 AM,9/3/2015 12:00:00 AM,393,19,374
8/24/2015 12:00:00 AM,9/4/2015 12:00:00 AM,393,19,374
8/24/2015 12:00:00 AM,9/5/2015 12:00:00 AM,360,19,341
8/24/2015 12:00:00 AM,9/6/2015 12:00:00 AM,140,19,121
8/24/2015 12:00:00 AM,9/7/2015 12:00:00 AM,189,19,170
8/24/2015 12:00:00 AM,9/8/2015 12:00:00 AM,200,19,181
8/24/2015 12:00:00 AM,9/9/2015 12:00:00 AM,265,19,246
8/24/2015 12:00:00 AM,9/10/2015 12:00:00 AM,200,19,181
8/24/2015 12:00:00 AM,9/11/2015 12:00:00 AM,200,19,181
8/24/2015 12:00:00 AM,9/12/2015 12:00:00 AM,8132,4496,3636
8/24/2015 12:00:00 AM,9/13/2015 12:00:00 AM,9134,4996,4138
8/24/2015 12:00:00 AM,9/14/2015 12:00:00 AM,13711,6994,6717
8/24/2015 12:00:00 AM,9/15/2015 12:00:00 AM,13681,6994,6687
8/24/2015 12:00:00 AM,9/16/2015 12:00:00 AM,14216,7064,7152
8/24/2015 12:00:00 AM,9/17/2015 12:00:00 AM,13655,6503,7152
8/24/2015 12:00:00 AM,9/18/2015 12:00:00 AM,15518,6971,8547
8/24/2015 12:00:00 AM,9/19/2015 12:00:00 AM,17572,8335,9237
8/24/2015 12:00:00 AM,9/20/2015 12:00:00 AM,17289,8445,8844
8/24/2015 12:00:00 AM,9/21/2015 12:00:00 AM,19724,9200,10524
8/24/2015 12:00:00 AM,9/22/2015 12:00:00 AM,18223,7699,10524
8/24/2015 12:00:00 AM,9/23/2015 12:00:00 AM,18598,7849,10749
8/24/2015 12:00:00 AM,9/24/2015 12:00:00 AM,18478,7749,10729
8/24/2015 12:00:00 AM,9/25/2015 12:00:00 AM,18404,7620,10784
8/24/2015 12:00:00 AM,9/26/2015 12:00:00 AM,24483,11643,12840
8/24/2015 12:00:00 AM,9/27/2015 12:00:00 AM,22970,11205,11765
8/24/2015 12:00:00 AM,9/28/2015 12:00:00 AM,24818,11382,13436
8/24/2015 12:00:00 AM,9/29/2015 12:00:00 AM,24966,11527,13439
8/24/2015 12:00:00 AM,9/30/2015 12:00:00 AM,26026,12587,13439
8/24/2015 12:00:00 AM,10/1/2015 12:00:00 AM,26680,12145,14535
8/24/2015 12:00:00 AM,10/2/2015 12:00:00 AM,26077,11637,14440
8/24/2015 12:00:00 AM,10/3/2015 12:00:00 AM,28000,12333,15667
8/24/2015 12:00:00 AM,10/4/2015 12:00:00 AM,29163,12789,16374
8/24/2015 12:00:00 AM,10/5/2015 12:00:00 AM,30020,12710,17310
8/24/2015 12:00:00 AM,10/6/2015 12:00:00 AM,30316,12710,17606
8/24/2015 12:00:00 AM,10/7/2015 12:00:00 AM,29798,12209,17589
8/24/2015 12:00:00 AM,10/8/2015 12:00:00 AM,31128,12209,18919
8/24/2015 12:00:00 AM,10/9/2015 12:00:00 AM,31215,12865,18350
8/24/2015 12:00:00 AM,10/10/2015 12:00:00 AM,34636,15861,18775
8/24/2015 12:00:00 AM,10/11/2015 12:00:00 AM,34062,15861,18201
8/24/2015 12:00:00 AM,10/12/2015 12:00:00 AM,33873,16098,17775
8/24/2015 12:00:00 AM,10/13/2015 12:00:00 AM,31101,12981,18120
8/24/2015 12:00:00 AM,10/14/2015 12:00:00 AM,31086,13025,18061
8/24/2015 12:00:00 AM,10/15/2015 12:00:00 AM,31773,13009,18764
8/24/2015 12:00:00 AM,10/16/2015 12:00:00 AM,31103,13336,17767
8/24/2015 12:00:00 AM,10/17/2015 12:00:00 AM,35351,14335,21016
8/24/2015 12:00:00 AM,10/18/2015 12:00:00 AM,33266,13548,19718
8/24/2015 12:00:00 AM,10/19/2015 12:00:00 AM,34623,13199,21424
8/24/2015 12:00:00 AM,10/20/2015 12:00:00 AM,33655,12649,21006
8/24/2015 12:00:00 AM,10/21/2015 12:00:00 AM,33340,12549,20791
8/24/2015 12:00:00 AM,10/22/2015 12:00:00 AM,33176,12505,20671
8/24/2015 12:00:00 AM,10/23/2015 12:00:00 AM,33591,13187,20404
8/24/2015 12:00:00 AM,10/24/2015 12:00:00 AM,32894,13501,19393
8/24/2015 12:00:00 AM,10/25/2015 12:00:00 AM,32371,13032,19339
8/24/2015 12:00:00 AM,10/26/2015 12:00:00 AM,31837,13129,18708
8/24/2015 12:00:00 AM,10/27/2015 12:00:00 AM,29533,11367,18166
8/24/2015 12:00:00 AM,10/28/2015 12:00:00 AM,28643,10887,17756
8/24/2015 12:00:00 AM,10/29/2015 12:00:00 AM,28381,10077,18304
8/24/2015 12:00:00 AM,10/30/2015 12:00:00 AM,29500,10107,19393
8/24/2015 12:00:00 AM,10/31/2015 12:00:00 AM,32084,12671,19413
8/24/2015 12:00:00 AM,11/1/2015 12:00:00 AM,32308,13044,19264
8/24/2015 12:00:00 AM,11/2/2015 12:00:00 AM,32763,14343,18420
8/24/2015 12:00:00 AM,11/3/2015 12:00:00 AM,31463,13348,18115
8/24/2015 12:00:00 AM,11/4/2015 12:00:00 AM,31460,13348,18112
8/24/2015 12:00:00 AM,11/5/2015 12:00:00 AM,30787,13298,17489
8/24/2015 12:00:00 AM,11/6/2015 12:00:00 AM,31242,13898,17344
8/24/2015 12:00:00 AM,11/7/2015 12:00:00 AM,31774,13877,17897
8/24/2015 12:00:00 AM,11/8/2015 12:00:00 AM,31437,13727,17710
8/24/2015 12:00:00 AM,11/9/2015 12:00:00 AM,29115,12814,16301
8/24/2015 12:00:00 AM,11/10/2015 12:00:00 AM,25905,10400,15505
8/24/2015 12:00:00 AM,11/11/2015 12:00:00 AM,25885,10400,15485
8/24/2015 12:00:00 AM,11/12/2015 12:00:00 AM,25168,10400,14768
8/24/2015 12:00:00 AM,11/13/2015 12:00:00 AM,25085,10317,14768
8/24/2015 12:00:00 AM,11/14/2015 12:00:00 AM,24375,11071,13304
8/24/2015 12:00:00 AM,11/15/2015 12:00:00 AM,22510,10901,11609
8/24/2015 12:00:00 AM,11/16/2015 12:00:00 AM,21134,10536,10598
8/24/2015 12:00:00 AM,11/17/2015 12:00:00 AM,19766,9795,9971
8/24/2015 12:00:00 AM,11/18/2015 12:00:00 AM,19166,9195,9971
8/24/2015 12:00:00 AM,11/19/2015 12:00:00 AM,18988,9195,9793
8/24/2015 12:00:00 AM,11/20/2015 12:00:00 AM,18582,8789,9793
8/24/2015 12:00:00 AM,11/21/2015 12:00:00 AM,18020,8869,9151
8/24/2015 12:00:00 AM,11/22/2015 12:00:00 AM,16323,8518,7805
8/24/2015 12:00:00 AM,11/23/2015 12:00:00 AM,14065,7141,6924
8/23/2015 12:00:00 AM,8/24/2015 12:00:00 AM,118,19,99
8/23/2015 12:00:00 AM,8/25/2015 12:00:00 AM,118,19,99
8/23/2015 12:00:00 AM,8/26/2015 12:00:00 AM,118,19,99
8/23/2015 12:00:00 AM,8/27/2015 12:00:00 AM,118,19,99
8/23/2015 12:00:00 AM,8/28/2015 12:00:00 AM,118,19,99
8/23/2015 12:00:00 AM,8/29/2015 12:00:00 AM,117,19,98
8/23/2015 12:00:00 AM,8/30/2015 12:00:00 AM,337,19,318
8/23/2015 12:00:00 AM,8/31/2015 12:00:00 AM,369,19,350
8/23/2015 12:00:00 AM,9/1/2015 12:00:00 AM,393,19,374
8/23/2015 12:00:00 AM,9/2/2015 12:00:00 AM,393,19,374
8/23/2015 12:00:00 AM,9/3/2015 12:00:00 AM,393,19,374
8/23/2015 12:00:00 AM,9/4/2015 12:00:00 AM,393,19,374
8/23/2015 12:00:00 AM,9/5/2015 12:00:00 AM,360,19,341
8/23/2015 12:00:00 AM,9/6/2015 12:00:00 AM,140,19,121
8/23/2015 12:00:00 AM,9/7/2015 12:00:00 AM,189,19,170
8/23/2015 12:00:00 AM,9/8/2015 12:00:00 AM,200,19,181
8/23/2015 12:00:00 AM,9/9/2015 12:00:00 AM,265,19,246
8/23/2015 12:00:00 AM,9/10/2015 12:00:00 AM,200,19,181
8/23/2015 12:00:00 AM,9/11/2015 12:00:00 AM,200,19,181
8/23/2015 12:00:00 AM,9/12/2015 12:00:00 AM,8132,4496,3636
8/23/2015 12:00:00 AM,9/13/2015 12:00:00 AM,9134,4996,4138
8/23/2015 12:00:00 AM,9/14/2015 12:00:00 AM,13711,6994,6717
8/23/2015 12:00:00 AM,9/15/2015 12:00:00 AM,13681,6994,6687
8/23/2015 12:00:00 AM,9/16/2015 12:00:00 AM,14216,7064,7152
8/23/2015 12:00:00 AM,9/17/2015 12:00:00 AM,13655,6503,7152
8/23/2015 12:00:00 AM,9/18/2015 12:00:00 AM,15518,6971,8547
8/23/2015 12:00:00 AM,9/19/2015 12:00:00 AM,17572,8335,9237
8/23/2015 12:00:00 AM,9/20/2015 12:00:00 AM,17289,8445,8844
8/23/2015 12:00:00 AM,9/21/2015 12:00:00 AM,19724,9200,10524
8/23/2015 12:00:00 AM,9/22/2015 12:00:00 AM,18223,7699,10524
8/23/2015 12:00:00 AM,9/23/2015 12:00:00 AM,18598,7849,10749
8/23/2015 12:00:00 AM,9/24/2015 12:00:00 AM,18478,7749,10729
8/23/2015 12:00:00 AM,9/25/2015 12:00:00 AM,18404,7620,10784
8/23/2015 12:00:00 AM,9/26/2015 12:00:00 AM,24483,11643,12840
8/23/2015 12:00:00 AM,9/27/2015 12:00:00 AM,22970,11205,11765
8/23/2015 12:00:00 AM,9/28/2015 12:00:00 AM,24818,11382,13436
8/23/2015 12:00:00 AM,9/29/2015 12:00:00 AM,24966,11527,13439
8/23/2015 12:00:00 AM,9/30/2015 12:00:00 AM,26026,12587,13439
8/23/2015 12:00:00 AM,10/1/2015 12:00:00 AM,26680,12145,14535
8/23/2015 12:00:00 AM,10/2/2015 12:00:00 AM,26077,11637,14440
8/23/2015 12:00:00 AM,10/3/2015 12:00:00 AM,28000,12333,15667
8/23/2015 12:00:00 AM,10/4/2015 12:00:00 AM,29163,12789,16374
8/23/2015 12:00:00 AM,10/5/2015 12:00:00 AM,30020,12710,17310
8/23/2015 12:00:00 AM,10/6/2015 12:00:00 AM,30316,12710,17606
8/23/2015 12:00:00 AM,10/7/2015 12:00:00 AM,29798,12209,17589
8/23/2015 12:00:00 AM,10/8/2015 12:00:00 AM,31128,12209,18919
8/23/2015 12:00:00 AM,10/9/2015 12:00:00 AM,31215,12865,18350
8/23/2015 12:00:00 AM,10/10/2015 12:00:00 AM,34636,15861,18775
8/23/2015 12:00:00 AM,10/11/2015 12:00:00 AM,34062,15861,18201
8/23/2015 12:00:00 AM,10/12/2015 12:00:00 AM,33873,16098,17775
8/23/2015 12:00:00 AM,10/13/2015 12:00:00 AM,31101,12981,18120
8/23/2015 12:00:00 AM,10/14/2015 12:00:00 AM,31086,13025,18061
8/23/2015 12:00:00 AM,10/15/2015 12:00:00 AM,31773,13009,18764
8/23/2015 12:00:00 AM,10/16/2015 12:00:00 AM,31103,13336,17767
8/23/2015 12:00:00 AM,10/17/2015 12:00:00 AM,35351,14335,21016
8/23/2015 12:00:00 AM,10/18/2015 12:00:00 AM,33266,13548,19718
8/23/2015 12:00:00 AM,10/19/2015 12:00:00 AM,34623,13199,21424
8/23/2015 12:00:00 AM,10/20/2015 12:00:00 AM,33655,12649,21006
8/23/2015 12:00:00 AM,10/21/2015 12:00:00 AM,33340,12549,20791
8/23/2015 12:00:00 AM,10/22/2015 12:00:00 AM,33176,12505,20671
8/23/2015 12:00:00 AM,10/23/2015 12:00:00 AM,33591,13187,20404
8/23/2015 12:00:00 AM,10/24/2015 12:00:00 AM,32894,13501,19393
8/23/2015 12:00:00 AM,10/25/2015 12:00:00 AM,32371,13032,19339
8/23/2015 12:00:00 AM,10/26/2015 12:00:00 AM,31837,13129,18708
8/23/2015 12:00:00 AM,10/27/2015 12:00:00 AM,29533,11367,18166
8/23/2015 12:00:00 AM,10/28/2015 12:00:00 AM,28643,10887,17756
8/23/2015 12:00:00 AM,10/29/2015 12:00:00 AM,28381,10077,18304
8/23/2015 12:00:00 AM,10/30/2015 12:00:00 AM,29500,10107,19393
8/23/2015 12:00:00 AM,10/31/2015 12:00:00 AM,32084,12671,19413
8/23/2015 12:00:00 AM,11/1/2015 12:00:00 AM,32308,13044,19264
8/23/2015 12:00:00 AM,11/2/2015 12:00:00 AM,32763,14343,18420
8/23/2015 12:00:00 AM,11/3/2015 12:00:00 AM,31463,13348,18115
8/23/2015 12:00:00 AM,11/4/2015 12:00:00 AM,31460,13348,18112
8/23/2015 12:00:00 AM,11/5/2015 12:00:00 AM,30787,13298,17489
8/23/2015 12:00:00 AM,11/6/2015 12:00:00 AM,31242,13898,17344
8/23/2015 12:00:00 AM,11/7/2015 12:00:00 AM,31774,13877,17897
8/23/2015 12:00:00 AM,11/8/2015 12:00:00 AM,31437,13727,17710
8/23/2015 12:00:00 AM,11/9/2015 12:00:00 AM,29115,12814,16301
8/23/2015 12:00:00 AM,11/10/2015 12:00:00 AM,25905,10400,15505
8/23/2015 12:00:00 AM,11/11/2015 12:00:00 AM,25885,10400,15485
8/23/2015 12:00:00 AM,11/12/2015 12:00:00 AM,25168,10400,14768
8/23/2015 12:00:00 AM,11/13/2015 12:00:00 AM,25085,10317,14768
8/23/2015 12:00:00 AM,11/14/2015 12:00:00 AM,24375,11071,13304
8/23/2015 12:00:00 AM,11/15/2015 12:00:00 AM,22510,10901,11609
8/23/2015 12:00:00 AM,11/16/2015 12:00:00 AM,21134,10536,10598
8/23/2015 12:00:00 AM,11/17/2015 12:00:00 AM,19766,9795,9971
8/23/2015 12:00:00 AM,11/18/2015 12:00:00 AM,19166,9195,9971
8/23/2015 12:00:00 AM,11/19/2015 12:00:00 AM,18988,9195,9793
8/23/2015 12:00:00 AM,11/20/2015 12:00:00 AM,18582,8789,9793
8/23/2015 12:00:00 AM,11/21/2015 12:00:00 AM,18020,8869,9151
8/23/2015 12:00:00 AM,11/22/2015 12:00:00 AM,16323,8518,7805
8/22/2015 12:00:00 AM,8/23/2015 12:00:00 AM,118,19,99
8/22/2015 12:00:00 AM,8/24/2015 12:00:00 AM,118,19,99
8/22/2015 12:00:00 AM,8/25/2015 12:00:00 AM,118,19,99
8/22/2015 12:00:00 AM,8/26/2015 12:00:00 AM,118,19,99
8/22/2015 12:00:00 AM,8/27/2015 12:00:00 AM,118,19,99
8/22/2015 12:00:00 AM,8/28/2015 12:00:00 AM,118,19,99
8/22/2015 12:00:00 AM,8/29/2015 12:00:00 AM,117,19,98
8/22/2015 12:00:00 AM,8/30/2015 12:00:00 AM,337,19,318
8/22/2015 12:00:00 AM,8/31/2015 12:00:00 AM,369,19,350
8/22/2015 12:00:00 AM,9/1/2015 12:00:00 AM,393,19,374
8/22/2015 12:00:00 AM,9/2/2015 12:00:00 AM,393,19,374
8/22/2015 12:00:00 AM,9/3/2015 12:00:00 AM,393,19,374
8/22/2015 12:00:00 AM,9/4/2015 12:00:00 AM,393,19,374
8/22/2015 12:00:00 AM,9/5/2015 12:00:00 AM,360,19,341
8/22/2015 12:00:00 AM,9/6/2015 12:00:00 AM,140,19,121
8/22/2015 12:00:00 AM,9/7/2015 12:00:00 AM,189,19,170
8/22/2015 12:00:00 AM,9/8/2015 12:00:00 AM,200,19,181
8/22/2015 12:00:00 AM,9/9/2015 12:00:00 AM,265,19,246
8/22/2015 12:00:00 AM,9/10/2015 12:00:00 AM,200,19,181
8/22/2015 12:00:00 AM,9/11/2015 12:00:00 AM,200,19,181
8/22/2015 12:00:00 AM,9/12/2015 12:00:00 AM,8132,4496,3636
8/22/2015 12:00:00 AM,9/13/2015 12:00:00 AM,9134,4996,4138
8/22/2015 12:00:00 AM,9/14/2015 12:00:00 AM,13711,6994,6717
8/22/2015 12:00:00 AM,9/15/2015 12:00:00 AM,13681,6994,6687
8/22/2015 12:00:00 AM,9/16/2015 12:00:00 AM,14216,7064,7152
8/22/2015 12:00:00 AM,9/17/2015 12:00:00 AM,13655,6503,7152
8/22/2015 12:00:00 AM,9/18/2015 12:00:00 AM,15518,6971,8547
8/22/2015 12:00:00 AM,9/19/2015 12:00:00 AM,17572,8335,9237
8/22/2015 12:00:00 AM,9/20/2015 12:00:00 AM,17289,8445,8844
8/22/2015 12:00:00 AM,9/21/2015 12:00:00 AM,19724,9200,10524
8/22/2015 12:00:00 AM,9/22/2015 12:00:00 AM,18223,7699,10524
8/22/2015 12:00:00 AM,9/23/2015 12:00:00 AM,18598,7849,10749
8/22/2015 12:00:00 AM,9/24/2015 12:00:00 AM,18478,7749,10729
8/22/2015 12:00:00 AM,9/25/2015 12:00:00 AM,18404,7620,10784
8/22/2015 12:00:00 AM,9/26/2015 12:00:00 AM,24483,11643,12840
8/22/2015 12:00:00 AM,9/27/2015 12:00:00 AM,22970,11205,11765
8/22/2015 12:00:00 AM,9/28/2015 12:00:00 AM,24818,11382,13436
8/22/2015 12:00:00 AM,9/29/2015 12:00:00 AM,24966,11527,13439
8/22/2015 12:00:00 AM,9/30/2015 12:00:00 AM,26026,12587,13439
8/22/2015 12:00:00 AM,10/1/2015 12:00:00 AM,26680,12145,14535
8/22/2015 12:00:00 AM,10/2/2015 12:00:00 AM,26077,11637,14440
8/22/2015 12:00:00 AM,10/3/2015 12:00:00 AM,28000,12333,15667
8/22/2015 12:00:00 AM,10/4/2015 12:00:00 AM,29163,12789,16374
8/22/2015 12:00:00 AM,10/5/2015 12:00:00 AM,30020,12710,17310
8/22/2015 12:00:00 AM,10/6/2015 12:00:00 AM,30316,12710,17606
8/22/2015 12:00:00 AM,10/7/2015 12:00:00 AM,29798,12209,17589
8/22/2015 12:00:00 AM,10/8/2015 12:00:00 AM,31128,12209,18919
8/22/2015 12:00:00 AM,10/9/2015 12:00:00 AM,31215,12865,18350
8/22/2015 12:00:00 AM,10/10/2015 12:00:00 AM,34636,15861,18775
8/22/2015 12:00:00 AM,10/11/2015 12:00:00 AM,34062,15861,18201
8/22/2015 12:00:00 AM,10/12/2015 12:00:00 AM,33873,16098,17775
8/22/2015 12:00:00 AM,10/13/2015 12:00:00 AM,31101,12981,18120
8/22/2015 12:00:00 AM,10/14/2015 12:00:00 AM,31086,13025,18061
8/22/2015 12:00:00 AM,10/15/2015 12:00:00 AM,31773,13009,18764
8/22/2015 12:00:00 AM,10/16/2015 12:00:00 AM,31103,13336,17767
8/22/2015 12:00:00 AM,10/17/2015 12:00:00 AM,35351,14335,21016
8/22/2015 12:00:00 AM,10/18/2015 12:00:00 AM,33266,13548,19718
8/22/2015 12:00:00 AM,10/19/2015 12:00:00 AM,34623,13199,21424
8/22/2015 12:00:00 AM,10/20/2015 12:00:00 AM,33655,12649,21006
8/22/2015 12:00:00 AM,10/21/2015 12:00:00 AM,33340,12549,20791
8/22/2015 12:00:00 AM,10/22/2015 12:00:00 AM,33176,12505,20671
8/22/2015 12:00:00 AM,10/23/2015 12:00:00 AM,33591,13187,20404
8/22/2015 12:00:00 AM,10/24/2015 12:00:00 AM,32894,13501,19393
8/22/2015 12:00:00 AM,10/25/2015 12:00:00 AM,32371,13032,19339
8/22/2015 12:00:00 AM,10/26/2015 12:00:00 AM,31837,13129,18708
8/22/2015 12:00:00 AM,10/27/2015 12:00:00 AM,29533,11367,18166
8/22/2015 12:00:00 AM,10/28/2015 12:00:00 AM,28643,10887,17756
8/22/2015 12:00:00 AM,10/29/2015 12:00:00 AM,28381,10077,18304
8/22/2015 12:00:00 AM,10/30/2015 12:00:00 AM,29500,10107,19393
8/22/2015 12:00:00 AM,10/31/2015 12:00:00 AM,32084,12671,19413
8/22/2015 12:00:00 AM,11/1/2015 12:00:00 AM,32308,13044,19264
8/22/2015 12:00:00 AM,11/2/2015 12:00:00 AM,32562,14142,18420
8/22/2015 12:00:00 AM,11/3/2015 12:00:00 AM,31262,13147,18115
8/22/2015 12:00:00 AM,11/4/2015 12:00:00 AM,31259,13147,18112
8/22/2015 12:00:00 AM,11/5/2015 12:00:00 AM,30586,13097,17489
8/22/2015 12:00:00 AM,11/6/2015 12:00:00 AM,31041,13697,17344
8/22/2015 12:00:00 AM,11/7/2015 12:00:00 AM,31573,13676,17897
8/22/2015 12:00:00 AM,11/8/2015 12:00:00 AM,31236,13526,17710
8/22/2015 12:00:00 AM,11/9/2015 12:00:00 AM,28914,12613,16301
8/22/2015 12:00:00 AM,11/10/2015 12:00:00 AM,25704,10199,15505
8/22/2015 12:00:00 AM,11/11/2015 12:00:00 AM,25684,10199,15485
8/22/2015 12:00:00 AM,11/12/2015 12:00:00 AM,24967,10199,14768
8/22/2015 12:00:00 AM,11/13/2015 12:00:00 AM,24884,10116,14768
8/22/2015 12:00:00 AM,11/14/2015 12:00:00 AM,24174,10870,13304
8/22/2015 12:00:00 AM,11/15/2015 12:00:00 AM,22309,10700,11609
8/22/2015 12:00:00 AM,11/16/2015 12:00:00 AM,20933,10335,10598
8/22/2015 12:00:00 AM,11/17/2015 12:00:00 AM,19565,9594,9971
8/22/2015 12:00:00 AM,11/18/2015 12:00:00 AM,18965,8994,9971
8/22/2015 12:00:00 AM,11/19/2015 12:00:00 AM,18787,8994,9793
8/22/2015 12:00:00 AM,11/20/2015 12:00:00 AM,18381,8588,9793
8/22/2015 12:00:00 AM,11/21/2015 12:00:00 AM,17819,8668,9151
8/21/2015 12:00:00 AM,8/22/2015 12:00:00 AM,118,19,99
8/21/2015 12:00:00 AM,8/23/2015 12:00:00 AM,118,19,99
8/21/2015 12:00:00 AM,8/24/2015 12:00:00 AM,118,19,99
8/21/2015 12:00:00 AM,8/25/2015 12:00:00 AM,118,19,99
8/21/2015 12:00:00 AM,8/26/2015 12:00:00 AM,118,19,99
8/21/2015 12:00:00 AM,8/27/2015 12:00:00 AM,118,19,99
8/21/2015 12:00:00 AM,8/28/2015 12:00:00 AM,118,19,99
8/21/2015 12:00:00 AM,8/29/2015 12:00:00 AM,117,19,98
8/21/2015 12:00:00 AM,8/30/2015 12:00:00 AM,337,19,318
8/21/2015 12:00:00 AM,8/31/2015 12:00:00 AM,369,19,350
8/21/2015 12:00:00 AM,9/1/2015 12:00:00 AM,393,19,374
8/21/2015 12:00:00 AM,9/2/2015 12:00:00 AM,393,19,374
8/21/2015 12:00:00 AM,9/3/2015 12:00:00 AM,393,19,374
8/21/2015 12:00:00 AM,9/4/2015 12:00:00 AM,393,19,374
8/21/2015 12:00:00 AM,9/5/2015 12:00:00 AM,360,19,341
8/21/2015 12:00:00 AM,9/6/2015 12:00:00 AM,140,19,121
8/21/2015 12:00:00 AM,9/7/2015 12:00:00 AM,189,19,170
8/21/2015 12:00:00 AM,9/8/2015 12:00:00 AM,200,19,181
8/21/2015 12:00:00 AM,9/9/2015 12:00:00 AM,265,19,246
8/21/2015 12:00:00 AM,9/10/2015 12:00:00 AM,200,19,181
8/21/2015 12:00:00 AM,9/11/2015 12:00:00 AM,200,19,181
8/21/2015 12:00:00 AM,9/12/2015 12:00:00 AM,8132,4496,3636
8/21/2015 12:00:00 AM,9/13/2015 12:00:00 AM,9134,4996,4138
8/21/2015 12:00:00 AM,9/14/2015 12:00:00 AM,13711,6994,6717
8/21/2015 12:00:00 AM,9/15/2015 12:00:00 AM,13681,6994,6687
8/21/2015 12:00:00 AM,9/16/2015 12:00:00 AM,14216,7064,7152
8/21/2015 12:00:00 AM,9/17/2015 12:00:00 AM,13655,6503,7152
8/21/2015 12:00:00 AM,9/18/2015 12:00:00 AM,15518,6971,8547
8/21/2015 12:00:00 AM,9/19/2015 12:00:00 AM,17572,8335,9237
8/21/2015 12:00:00 AM,9/20/2015 12:00:00 AM,17289,8445,8844
8/21/2015 12:00:00 AM,9/21/2015 12:00:00 AM,19724,9200,10524
8/21/2015 12:00:00 AM,9/22/2015 12:00:00 AM,18223,7699,10524
8/21/2015 12:00:00 AM,9/23/2015 12:00:00 AM,18598,7849,10749
8/21/2015 12:00:00 AM,9/24/2015 12:00:00 AM,18478,7749,10729
8/21/2015 12:00:00 AM,9/25/2015 12:00:00 AM,18404,7620,10784
8/21/2015 12:00:00 AM,9/26/2015 12:00:00 AM,24483,11643,12840
8/21/2015 12:00:00 AM,9/27/2015 12:00:00 AM,22970,11205,11765
8/21/2015 12:00:00 AM,9/28/2015 12:00:00 AM,24818,11382,13436
8/21/2015 12:00:00 AM,9/29/2015 12:00:00 AM,24966,11527,13439
8/21/2015 12:00:00 AM,9/30/2015 12:00:00 AM,26026,12587,13439
8/21/2015 12:00:00 AM,10/1/2015 12:00:00 AM,26680,12145,14535
8/21/2015 12:00:00 AM,10/2/2015 12:00:00 AM,26077,11637,14440
8/21/2015 12:00:00 AM,10/3/2015 12:00:00 AM,28000,12333,15667
8/21/2015 12:00:00 AM,10/4/2015 12:00:00 AM,29323,12949,16374
8/21/2015 12:00:00 AM,10/5/2015 12:00:00 AM,30103,12870,17233
8/21/2015 12:00:00 AM,10/6/2015 12:00:00 AM,30399,12870,17529
8/21/2015 12:00:00 AM,10/7/2015 12:00:00 AM,29958,12369,17589
8/21/2015 12:00:00 AM,10/8/2015 12:00:00 AM,31211,12369,18842
8/21/2015 12:00:00 AM,10/9/2015 12:00:00 AM,31298,13025,18273
8/21/2015 12:00:00 AM,10/10/2015 12:00:00 AM,34680,16021,18659
8/21/2015 12:00:00 AM,10/11/2015 12:00:00 AM,33946,15861,18085
8/21/2015 12:00:00 AM,10/12/2015 12:00:00 AM,33806,16098,17708
8/21/2015 12:00:00 AM,10/13/2015 12:00:00 AM,31034,12981,18053
8/21/2015 12:00:00 AM,10/14/2015 12:00:00 AM,31019,13025,17994
8/21/2015 12:00:00 AM,10/15/2015 12:00:00 AM,31706,13009,18697
8/21/2015 12:00:00 AM,10/16/2015 12:00:00 AM,31036,13336,17700
8/21/2015 12:00:00 AM,10/17/2015 12:00:00 AM,35245,14335,20910
8/21/2015 12:00:00 AM,10/18/2015 12:00:00 AM,33160,13548,19612
8/21/2015 12:00:00 AM,10/19/2015 12:00:00 AM,34594,13199,21395
8/21/2015 12:00:00 AM,10/20/2015 12:00:00 AM,33626,12649,20977
8/21/2015 12:00:00 AM,10/21/2015 12:00:00 AM,33311,12549,20762
8/21/2015 12:00:00 AM,10/22/2015 12:00:00 AM,33147,12505,20642
8/21/2015 12:00:00 AM,10/23/2015 12:00:00 AM,33562,13187,20375
8/21/2015 12:00:00 AM,10/24/2015 12:00:00 AM,32865,13501,19364
8/21/2015 12:00:00 AM,10/25/2015 12:00:00 AM,32342,13032,19310
8/21/2015 12:00:00 AM,10/26/2015 12:00:00 AM,31488,12809,18679
8/21/2015 12:00:00 AM,10/27/2015 12:00:00 AM,29184,11047,18137
8/21/2015 12:00:00 AM,10/28/2015 12:00:00 AM,28217,10567,17650
8/21/2015 12:00:00 AM,10/29/2015 12:00:00 AM,27955,9757,18198
8/21/2015 12:00:00 AM,10/30/2015 12:00:00 AM,29074,9787,19287
8/21/2015 12:00:00 AM,10/31/2015 12:00:00 AM,31929,12671,19258
8/21/2015 12:00:00 AM,11/1/2015 12:00:00 AM,32308,13044,19264
8/21/2015 12:00:00 AM,11/2/2015 12:00:00 AM,32562,14142,18420
8/21/2015 12:00:00 AM,11/3/2015 12:00:00 AM,31262,13147,18115
8/21/2015 12:00:00 AM,11/4/2015 12:00:00 AM,31259,13147,18112
8/21/2015 12:00:00 AM,11/5/2015 12:00:00 AM,30586,13097,17489
8/21/2015 12:00:00 AM,11/6/2015 12:00:00 AM,31041,13697,17344
8/21/2015 12:00:00 AM,11/7/2015 12:00:00 AM,31573,13676,17897
8/21/2015 12:00:00 AM,11/8/2015 12:00:00 AM,31236,13526,17710
8/21/2015 12:00:00 AM,11/9/2015 12:00:00 AM,28914,12613,16301
8/21/2015 12:00:00 AM,11/10/2015 12:00:00 AM,25704,10199,15505
8/21/2015 12:00:00 AM,11/11/2015 12:00:00 AM,25684,10199,15485
8/21/2015 12:00:00 AM,11/12/2015 12:00:00 AM,24967,10199,14768
8/21/2015 12:00:00 AM,11/13/2015 12:00:00 AM,24884,10116,14768
8/21/2015 12:00:00 AM,11/14/2015 12:00:00 AM,24174,10870,13304
8/21/2015 12:00:00 AM,11/15/2015 12:00:00 AM,22309,10700,11609
8/21/2015 12:00:00 AM,11/16/2015 12:00:00 AM,20933,10335,10598
8/21/2015 12:00:00 AM,11/17/2015 12:00:00 AM,19565,9594,9971
8/21/2015 12:00:00 AM,11/18/2015 12:00:00 AM,18965,8994,9971
8/21/2015 12:00:00 AM,11/19/2015 12:00:00 AM,18787,8994,9793
8/21/2015 12:00:00 AM,11/20/2015 12:00:00 AM,18381,8588,9793
8/20/2015 12:00:00 AM,8/21/2015 12:00:00 AM,118,19,99
8/20/2015 12:00:00 AM,8/22/2015 12:00:00 AM,118,19,99
8/20/2015 12:00:00 AM,8/23/2015 12:00:00 AM,118,19,99
8/20/2015 12:00:00 AM,8/24/2015 12:00:00 AM,118,19,99
8/20/2015 12:00:00 AM,8/25/2015 12:00:00 AM,118,19,99
8/20/2015 12:00:00 AM,8/26/2015 12:00:00 AM,118,19,99
8/20/2015 12:00:00 AM,8/27/2015 12:00:00 AM,118,19,99
8/20/2015 12:00:00 AM,8/28/2015 12:00:00 AM,118,19,99
8/20/2015 12:00:00 AM,8/29/2015 12:00:00 AM,117,19,98
8/20/2015 12:00:00 AM,8/30/2015 12:00:00 AM,337,19,318
8/20/2015 12:00:00 AM,8/31/2015 12:00:00 AM,369,19,350
8/20/2015 12:00:00 AM,9/1/2015 12:00:00 AM,393,19,374
8/20/2015 12:00:00 AM,9/2/2015 12:00:00 AM,393,19,374
8/20/2015 12:00:00 AM,9/3/2015 12:00:00 AM,393,19,374
8/20/2015 12:00:00 AM,9/4/2015 12:00:00 AM,393,19,374
8/20/2015 12:00:00 AM,9/5/2015 12:00:00 AM,360,19,341
8/20/2015 12:00:00 AM,9/6/2015 12:00:00 AM,140,19,121
8/20/2015 12:00:00 AM,9/7/2015 12:00:00 AM,189,19,170
8/20/2015 12:00:00 AM,9/8/2015 12:00:00 AM,200,19,181
8/20/2015 12:00:00 AM,9/9/2015 12:00:00 AM,265,19,246
8/20/2015 12:00:00 AM,9/10/2015 12:00:00 AM,200,19,181
8/20/2015 12:00:00 AM,9/11/2015 12:00:00 AM,200,19,181
8/20/2015 12:00:00 AM,9/12/2015 12:00:00 AM,8132,4496,3636
8/20/2015 12:00:00 AM,9/13/2015 12:00:00 AM,9134,4996,4138
8/20/2015 12:00:00 AM,9/14/2015 12:00:00 AM,13711,6994,6717
8/20/2015 12:00:00 AM,9/15/2015 12:00:00 AM,13681,6994,6687
8/20/2015 12:00:00 AM,9/16/2015 12:00:00 AM,14216,7064,7152
8/20/2015 12:00:00 AM,9/17/2015 12:00:00 AM,13655,6503,7152
8/20/2015 12:00:00 AM,9/18/2015 12:00:00 AM,15518,6971,8547
8/20/2015 12:00:00 AM,9/19/2015 12:00:00 AM,17572,8335,9237
8/20/2015 12:00:00 AM,9/20/2015 12:00:00 AM,17289,8445,8844
8/20/2015 12:00:00 AM,9/21/2015 12:00:00 AM,19659,9135,10524
8/20/2015 12:00:00 AM,9/22/2015 12:00:00 AM,18158,7634,10524
8/20/2015 12:00:00 AM,9/23/2015 12:00:00 AM,18533,7784,10749
8/20/2015 12:00:00 AM,9/24/2015 12:00:00 AM,18413,7684,10729
8/20/2015 12:00:00 AM,9/25/2015 12:00:00 AM,18339,7555,10784
8/20/2015 12:00:00 AM,9/26/2015 12:00:00 AM,24483,11643,12840
8/20/2015 12:00:00 AM,9/27/2015 12:00:00 AM,22970,11205,11765
8/20/2015 12:00:00 AM,9/28/2015 12:00:00 AM,24818,11382,13436
8/20/2015 12:00:00 AM,9/29/2015 12:00:00 AM,24966,11527,13439
8/20/2015 12:00:00 AM,9/30/2015 12:00:00 AM,26026,12587,13439
8/20/2015 12:00:00 AM,10/1/2015 12:00:00 AM,26680,12145,14535
8/20/2015 12:00:00 AM,10/2/2015 12:00:00 AM,26077,11637,14440
8/20/2015 12:00:00 AM,10/3/2015 12:00:00 AM,28000,12333,15667
8/20/2015 12:00:00 AM,10/4/2015 12:00:00 AM,29323,12949,16374
8/20/2015 12:00:00 AM,10/5/2015 12:00:00 AM,30103,12870,17233
8/20/2015 12:00:00 AM,10/6/2015 12:00:00 AM,30399,12870,17529
8/20/2015 12:00:00 AM,10/7/2015 12:00:00 AM,29958,12369,17589
8/20/2015 12:00:00 AM,10/8/2015 12:00:00 AM,31211,12369,18842
8/20/2015 12:00:00 AM,10/9/2015 12:00:00 AM,31298,13025,18273
8/20/2015 12:00:00 AM,10/10/2015 12:00:00 AM,34680,16021,18659
8/20/2015 12:00:00 AM,10/11/2015 12:00:00 AM,33946,15861,18085
8/20/2015 12:00:00 AM,10/12/2015 12:00:00 AM,33806,16098,17708
8/20/2015 12:00:00 AM,10/13/2015 12:00:00 AM,31034,12981,18053
8/20/2015 12:00:00 AM,10/14/2015 12:00:00 AM,31019,13025,17994
8/20/2015 12:00:00 AM,10/15/2015 12:00:00 AM,31706,13009,18697
8/20/2015 12:00:00 AM,10/16/2015 12:00:00 AM,31036,13336,17700
8/20/2015 12:00:00 AM,10/17/2015 12:00:00 AM,35245,14335,20910
8/20/2015 12:00:00 AM,10/18/2015 12:00:00 AM,33160,13548,19612
8/20/2015 12:00:00 AM,10/19/2015 12:00:00 AM,34594,13199,21395
8/20/2015 12:00:00 AM,10/20/2015 12:00:00 AM,33626,12649,20977
8/20/2015 12:00:00 AM,10/21/2015 12:00:00 AM,33311,12549,20762
8/20/2015 12:00:00 AM,10/22/2015 12:00:00 AM,33147,12505,20642
8/20/2015 12:00:00 AM,10/23/2015 12:00:00 AM,33562,13187,20375
8/20/2015 12:00:00 AM,10/24/2015 12:00:00 AM,32865,13501,19364
8/20/2015 12:00:00 AM,10/25/2015 12:00:00 AM,32342,13032,19310
8/20/2015 12:00:00 AM,10/26/2015 12:00:00 AM,31488,12809,18679
8/20/2015 12:00:00 AM,10/27/2015 12:00:00 AM,29184,11047,18137
8/20/2015 12:00:00 AM,10/28/2015 12:00:00 AM,28217,10567,17650
8/20/2015 12:00:00 AM,10/29/2015 12:00:00 AM,27955,9757,18198
8/20/2015 12:00:00 AM,10/30/2015 12:00:00 AM,29074,9787,19287
8/20/2015 12:00:00 AM,10/31/2015 12:00:00 AM,31929,12671,19258
8/20/2015 12:00:00 AM,11/1/2015 12:00:00 AM,32308,13044,19264
8/20/2015 12:00:00 AM,11/2/2015 12:00:00 AM,32562,14142,18420
8/20/2015 12:00:00 AM,11/3/2015 12:00:00 AM,31262,13147,18115
8/20/2015 12:00:00 AM,11/4/2015 12:00:00 AM,31259,13147,18112
8/20/2015 12:00:00 AM,11/5/2015 12:00:00 AM,30586,13097,17489
8/20/2015 12:00:00 AM,11/6/2015 12:00:00 AM,31041,13697,17344
8/20/2015 12:00:00 AM,11/7/2015 12:00:00 AM,31573,13676,17897
8/20/2015 12:00:00 AM,11/8/2015 12:00:00 AM,31236,13526,17710
8/20/2015 12:00:00 AM,11/9/2015 12:00:00 AM,28914,12613,16301
8/20/2015 12:00:00 AM,11/10/2015 12:00:00 AM,25704,10199,15505
8/20/2015 12:00:00 AM,11/11/2015 12:00:00 AM,25684,10199,15485
8/20/2015 12:00:00 AM,11/12/2015 12:00:00 AM,24967,10199,14768
8/20/2015 12:00:00 AM,11/13/2015 12:00:00 AM,24884,10116,14768
8/20/2015 12:00:00 AM,11/14/2015 12:00:00 AM,24174,10870,13304
8/20/2015 12:00:00 AM,11/15/2015 12:00:00 AM,22309,10700,11609
8/20/2015 12:00:00 AM,11/16/2015 12:00:00 AM,20933,10335,10598
8/20/2015 12:00:00 AM,11/17/2015 12:00:00 AM,19565,9594,9971
8/20/2015 12:00:00 AM,11/18/2015 12:00:00 AM,18965,8994,9971
8/20/2015 12:00:00 AM,11/19/2015 12:00:00 AM,18787,8994,9793
8/19/2015 12:00:00 AM,8/20/2015 12:00:00 AM,118,19,99
8/19/2015 12:00:00 AM,8/21/2015 12:00:00 AM,118,19,99
8/19/2015 12:00:00 AM,8/22/2015 12:00:00 AM,118,19,99
8/19/2015 12:00:00 AM,8/23/2015 12:00:00 AM,118,19,99
8/19/2015 12:00:00 AM,8/24/2015 12:00:00 AM,150,19,131
8/19/2015 12:00:00 AM,8/25/2015 12:00:00 AM,150,19,131
8/19/2015 12:00:00 AM,8/26/2015 12:00:00 AM,150,19,131
8/19/2015 12:00:00 AM,8/27/2015 12:00:00 AM,150,19,131
8/19/2015 12:00:00 AM,8/28/2015 12:00:00 AM,150,19,131
8/19/2015 12:00:00 AM,8/29/2015 12:00:00 AM,149,19,130
8/19/2015 12:00:00 AM,8/30/2015 12:00:00 AM,369,19,350
8/19/2015 12:00:00 AM,8/31/2015 12:00:00 AM,401,19,382
8/19/2015 12:00:00 AM,9/1/2015 12:00:00 AM,425,19,406
8/19/2015 12:00:00 AM,9/2/2015 12:00:00 AM,425,19,406
8/19/2015 12:00:00 AM,9/3/2015 12:00:00 AM,425,19,406
8/19/2015 12:00:00 AM,9/4/2015 12:00:00 AM,425,19,406
8/19/2015 12:00:00 AM,9/5/2015 12:00:00 AM,392,19,373
8/19/2015 12:00:00 AM,9/6/2015 12:00:00 AM,172,19,153
8/19/2015 12:00:00 AM,9/7/2015 12:00:00 AM,221,19,202
8/19/2015 12:00:00 AM,9/8/2015 12:00:00 AM,232,19,213
8/19/2015 12:00:00 AM,9/9/2015 12:00:00 AM,297,19,278
8/19/2015 12:00:00 AM,9/10/2015 12:00:00 AM,232,19,213
8/19/2015 12:00:00 AM,9/11/2015 12:00:00 AM,232,19,213
8/19/2015 12:00:00 AM,9/12/2015 12:00:00 AM,8164,4496,3668
8/19/2015 12:00:00 AM,9/13/2015 12:00:00 AM,9166,4996,4170
8/19/2015 12:00:00 AM,9/14/2015 12:00:00 AM,13743,6994,6749
8/19/2015 12:00:00 AM,9/15/2015 12:00:00 AM,13713,6994,6719
8/19/2015 12:00:00 AM,9/16/2015 12:00:00 AM,14178,6994,7184
8/19/2015 12:00:00 AM,9/17/2015 12:00:00 AM,13617,6433,7184
8/19/2015 12:00:00 AM,9/18/2015 12:00:00 AM,15480,6901,8579
8/19/2015 12:00:00 AM,9/19/2015 12:00:00 AM,17534,8265,9269
8/19/2015 12:00:00 AM,9/20/2015 12:00:00 AM,17251,8375,8876
8/19/2015 12:00:00 AM,9/21/2015 12:00:00 AM,19621,9065,10556
8/19/2015 12:00:00 AM,9/22/2015 12:00:00 AM,18120,7564,10556
8/19/2015 12:00:00 AM,9/23/2015 12:00:00 AM,18495,7714,10781
8/19/2015 12:00:00 AM,9/24/2015 12:00:00 AM,18375,7614,10761
8/19/2015 12:00:00 AM,9/25/2015 12:00:00 AM,18371,7555,10816
8/19/2015 12:00:00 AM,9/26/2015 12:00:00 AM,24515,11643,12872
8/19/2015 12:00:00 AM,9/27/2015 12:00:00 AM,23002,11205,11797
8/19/2015 12:00:00 AM,9/28/2015 12:00:00 AM,24850,11382,13468
8/19/2015 12:00:00 AM,9/29/2015 12:00:00 AM,24998,11527,13471
8/19/2015 12:00:00 AM,9/30/2015 12:00:00 AM,26058,12587,13471
8/19/2015 12:00:00 AM,10/1/2015 12:00:00 AM,26615,12145,14470
8/19/2015 12:00:00 AM,10/2/2015 12:00:00 AM,26012,11637,14375
8/19/2015 12:00:00 AM,10/3/2015 12:00:00 AM,27935,12333,15602
8/19/2015 12:00:00 AM,10/4/2015 12:00:00 AM,29258,12949,16309
8/19/2015 12:00:00 AM,10/5/2015 12:00:00 AM,30038,12870,17168
8/19/2015 12:00:00 AM,10/6/2015 12:00:00 AM,30334,12870,17464
8/19/2015 12:00:00 AM,10/7/2015 12:00:00 AM,29893,12369,17524
8/19/2015 12:00:00 AM,10/8/2015 12:00:00 AM,31146,12369,18777
8/19/2015 12:00:00 AM,10/9/2015 12:00:00 AM,31233,13025,18208
8/19/2015 12:00:00 AM,10/10/2015 12:00:00 AM,34615,16021,18594
8/19/2015 12:00:00 AM,10/11/2015 12:00:00 AM,33881,15861,18020
8/19/2015 12:00:00 AM,10/12/2015 12:00:00 AM,33741,16098,17643
8/19/2015 12:00:00 AM,10/13/2015 12:00:00 AM,30969,12981,17988
8/19/2015 12:00:00 AM,10/14/2015 12:00:00 AM,30954,13025,17929
8/19/2015 12:00:00 AM,10/15/2015 12:00:00 AM,31641,13009,18632
8/19/2015 12:00:00 AM,10/16/2015 12:00:00 AM,30971,13336,17635
8/19/2015 12:00:00 AM,10/17/2015 12:00:00 AM,35053,14335,20718
8/19/2015 12:00:00 AM,10/18/2015 12:00:00 AM,32968,13548,19420
8/19/2015 12:00:00 AM,10/19/2015 12:00:00 AM,34402,13199,21203
8/19/2015 12:00:00 AM,10/20/2015 12:00:00 AM,33434,12649,20785
8/19/2015 12:00:00 AM,10/21/2015 12:00:00 AM,33119,12549,20570
8/19/2015 12:00:00 AM,10/22/2015 12:00:00 AM,32955,12505,20450
8/19/2015 12:00:00 AM,10/23/2015 12:00:00 AM,33370,13187,20183
8/19/2015 12:00:00 AM,10/24/2015 12:00:00 AM,32673,13501,19172
8/19/2015 12:00:00 AM,10/25/2015 12:00:00 AM,32150,13032,19118
8/19/2015 12:00:00 AM,10/26/2015 12:00:00 AM,31378,12809,18569
8/19/2015 12:00:00 AM,10/27/2015 12:00:00 AM,29074,11047,18027
8/19/2015 12:00:00 AM,10/28/2015 12:00:00 AM,28107,10567,17540
8/19/2015 12:00:00 AM,10/29/2015 12:00:00 AM,27845,9757,18088
8/19/2015 12:00:00 AM,10/30/2015 12:00:00 AM,28964,9787,19177
8/19/2015 12:00:00 AM,10/31/2015 12:00:00 AM,31819,12671,19148
8/19/2015 12:00:00 AM,11/1/2015 12:00:00 AM,32198,13044,19154
8/19/2015 12:00:00 AM,11/2/2015 12:00:00 AM,32452,14142,18310
8/19/2015 12:00:00 AM,11/3/2015 12:00:00 AM,31152,13147,18005
8/19/2015 12:00:00 AM,11/4/2015 12:00:00 AM,31149,13147,18002
8/19/2015 12:00:00 AM,11/5/2015 12:00:00 AM,30476,13097,17379
8/19/2015 12:00:00 AM,11/6/2015 12:00:00 AM,30931,13697,17234
8/19/2015 12:00:00 AM,11/7/2015 12:00:00 AM,31463,13676,17787
8/19/2015 12:00:00 AM,11/8/2015 12:00:00 AM,31223,13526,17697
8/19/2015 12:00:00 AM,11/9/2015 12:00:00 AM,28901,12613,16288
8/19/2015 12:00:00 AM,11/10/2015 12:00:00 AM,25691,10199,15492
8/19/2015 12:00:00 AM,11/11/2015 12:00:00 AM,25671,10199,15472
8/19/2015 12:00:00 AM,11/12/2015 12:00:00 AM,24954,10199,14755
8/19/2015 12:00:00 AM,11/13/2015 12:00:00 AM,24871,10116,14755
8/19/2015 12:00:00 AM,11/14/2015 12:00:00 AM,24161,10870,13291
8/19/2015 12:00:00 AM,11/15/2015 12:00:00 AM,22296,10700,11596
8/19/2015 12:00:00 AM,11/16/2015 12:00:00 AM,20933,10335,10598
8/19/2015 12:00:00 AM,11/17/2015 12:00:00 AM,19565,9594,9971
8/19/2015 12:00:00 AM,11/18/2015 12:00:00 AM,18965,8994,9971
8/18/2015 12:00:00 AM,8/19/2015 12:00:00 AM,183,19,164
8/18/2015 12:00:00 AM,8/20/2015 12:00:00 AM,118,19,99
8/18/2015 12:00:00 AM,8/21/2015 12:00:00 AM,118,19,99
8/18/2015 12:00:00 AM,8/22/2015 12:00:00 AM,118,19,99
8/18/2015 12:00:00 AM,8/23/2015 12:00:00 AM,118,19,99
8/18/2015 12:00:00 AM,8/24/2015 12:00:00 AM,150,19,131
8/18/2015 12:00:00 AM,8/25/2015 12:00:00 AM,150,19,131
8/18/2015 12:00:00 AM,8/26/2015 12:00:00 AM,150,19,131
8/18/2015 12:00:00 AM,8/27/2015 12:00:00 AM,150,19,131
8/18/2015 12:00:00 AM,8/28/2015 12:00:00 AM,150,19,131
8/18/2015 12:00:00 AM,8/29/2015 12:00:00 AM,149,19,130
8/18/2015 12:00:00 AM,8/30/2015 12:00:00 AM,369,19,350
8/18/2015 12:00:00 AM,8/31/2015 12:00:00 AM,401,19,382
8/18/2015 12:00:00 AM,9/1/2015 12:00:00 AM,425,19,406
8/18/2015 12:00:00 AM,9/2/2015 12:00:00 AM,425,19,406
8/18/2015 12:00:00 AM,9/3/2015 12:00:00 AM,425,19,406
8/18/2015 12:00:00 AM,9/4/2015 12:00:00 AM,425,19,406
8/18/2015 12:00:00 AM,9/5/2015 12:00:00 AM,392,19,373
8/18/2015 12:00:00 AM,9/6/2015 12:00:00 AM,172,19,153
8/18/2015 12:00:00 AM,9/7/2015 12:00:00 AM,221,19,202
8/18/2015 12:00:00 AM,9/8/2015 12:00:00 AM,232,19,213
8/18/2015 12:00:00 AM,9/9/2015 12:00:00 AM,297,19,278
8/18/2015 12:00:00 AM,9/10/2015 12:00:00 AM,232,19,213
8/18/2015 12:00:00 AM,9/11/2015 12:00:00 AM,232,19,213
8/18/2015 12:00:00 AM,9/12/2015 12:00:00 AM,8164,4496,3668
8/18/2015 12:00:00 AM,9/13/2015 12:00:00 AM,9166,4996,4170
8/18/2015 12:00:00 AM,9/14/2015 12:00:00 AM,13743,6994,6749
8/18/2015 12:00:00 AM,9/15/2015 12:00:00 AM,13713,6994,6719
8/18/2015 12:00:00 AM,9/16/2015 12:00:00 AM,14178,6994,7184
8/18/2015 12:00:00 AM,9/17/2015 12:00:00 AM,13617,6433,7184
8/18/2015 12:00:00 AM,9/18/2015 12:00:00 AM,15480,6901,8579
8/18/2015 12:00:00 AM,9/19/2015 12:00:00 AM,17534,8265,9269
8/18/2015 12:00:00 AM,9/20/2015 12:00:00 AM,17251,8375,8876
8/18/2015 12:00:00 AM,9/21/2015 12:00:00 AM,19043,8487,10556
8/18/2015 12:00:00 AM,9/22/2015 12:00:00 AM,17782,7226,10556
8/18/2015 12:00:00 AM,9/23/2015 12:00:00 AM,18157,7376,10781
8/18/2015 12:00:00 AM,9/24/2015 12:00:00 AM,18037,7276,10761
8/18/2015 12:00:00 AM,9/25/2015 12:00:00 AM,18033,7217,10816
8/18/2015 12:00:00 AM,9/26/2015 12:00:00 AM,24177,11305,12872
8/18/2015 12:00:00 AM,9/27/2015 12:00:00 AM,22828,11031,11797
8/18/2015 12:00:00 AM,9/28/2015 12:00:00 AM,24556,11044,13512
8/18/2015 12:00:00 AM,9/29/2015 12:00:00 AM,24704,11189,13515
8/18/2015 12:00:00 AM,9/30/2015 12:00:00 AM,25524,12009,13515
8/18/2015 12:00:00 AM,10/1/2015 12:00:00 AM,26495,11981,14514
8/18/2015 12:00:00 AM,10/2/2015 12:00:00 AM,25892,11473,14419
8/18/2015 12:00:00 AM,10/3/2015 12:00:00 AM,27815,12169,15646
8/18/2015 12:00:00 AM,10/4/2015 12:00:00 AM,29302,12949,16353
8/18/2015 12:00:00 AM,10/5/2015 12:00:00 AM,30038,12870,17168
8/18/2015 12:00:00 AM,10/6/2015 12:00:00 AM,30334,12870,17464
8/18/2015 12:00:00 AM,10/7/2015 12:00:00 AM,29893,12369,17524
8/18/2015 12:00:00 AM,10/8/2015 12:00:00 AM,31146,12369,18777
8/18/2015 12:00:00 AM,10/9/2015 12:00:00 AM,31233,13025,18208
8/18/2015 12:00:00 AM,10/10/2015 12:00:00 AM,34615,16021,18594
8/18/2015 12:00:00 AM,10/11/2015 12:00:00 AM,33881,15861,18020
8/18/2015 12:00:00 AM,10/12/2015 12:00:00 AM,33577,15934,17643
8/18/2015 12:00:00 AM,10/13/2015 12:00:00 AM,30761,12817,17944
8/18/2015 12:00:00 AM,10/14/2015 12:00:00 AM,30746,12861,17885
8/18/2015 12:00:00 AM,10/15/2015 12:00:00 AM,31433,12845,18588
8/18/2015 12:00:00 AM,10/16/2015 12:00:00 AM,30927,13336,17591
8/18/2015 12:00:00 AM,10/17/2015 12:00:00 AM,35009,14335,20674
8/18/2015 12:00:00 AM,10/18/2015 12:00:00 AM,32924,13548,19376
8/18/2015 12:00:00 AM,10/19/2015 12:00:00 AM,34358,13199,21159
8/18/2015 12:00:00 AM,10/20/2015 12:00:00 AM,33434,12649,20785
8/18/2015 12:00:00 AM,10/21/2015 12:00:00 AM,33119,12549,20570
8/18/2015 12:00:00 AM,10/22/2015 12:00:00 AM,32955,12505,20450
8/18/2015 12:00:00 AM,10/23/2015 12:00:00 AM,33370,13187,20183
8/18/2015 12:00:00 AM,10/24/2015 12:00:00 AM,32673,13501,19172
8/18/2015 12:00:00 AM,10/25/2015 12:00:00 AM,32150,13032,19118
8/18/2015 12:00:00 AM,10/26/2015 12:00:00 AM,31378,12809,18569
8/18/2015 12:00:00 AM,10/27/2015 12:00:00 AM,29074,11047,18027
8/18/2015 12:00:00 AM,10/28/2015 12:00:00 AM,28107,10567,17540
8/18/2015 12:00:00 AM,10/29/2015 12:00:00 AM,27845,9757,18088
8/18/2015 12:00:00 AM,10/30/2015 12:00:00 AM,28964,9787,19177
8/18/2015 12:00:00 AM,10/31/2015 12:00:00 AM,31819,12671,19148
8/18/2015 12:00:00 AM,11/1/2015 12:00:00 AM,32198,13044,19154
8/18/2015 12:00:00 AM,11/2/2015 12:00:00 AM,32452,14142,18310
8/18/2015 12:00:00 AM,11/3/2015 12:00:00 AM,31152,13147,18005
8/18/2015 12:00:00 AM,11/4/2015 12:00:00 AM,31149,13147,18002
8/18/2015 12:00:00 AM,11/5/2015 12:00:00 AM,30476,13097,17379
8/18/2015 12:00:00 AM,11/6/2015 12:00:00 AM,30931,13697,17234
8/18/2015 12:00:00 AM,11/7/2015 12:00:00 AM,31463,13676,17787
8/18/2015 12:00:00 AM,11/8/2015 12:00:00 AM,31223,13526,17697
8/18/2015 12:00:00 AM,11/9/2015 12:00:00 AM,28901,12613,16288
8/18/2015 12:00:00 AM,11/10/2015 12:00:00 AM,25691,10199,15492
8/18/2015 12:00:00 AM,11/11/2015 12:00:00 AM,25671,10199,15472
8/18/2015 12:00:00 AM,11/12/2015 12:00:00 AM,24954,10199,14755
8/18/2015 12:00:00 AM,11/13/2015 12:00:00 AM,24871,10116,14755
8/18/2015 12:00:00 AM,11/14/2015 12:00:00 AM,24161,10870,13291
8/18/2015 12:00:00 AM,11/15/2015 12:00:00 AM,22296,10700,11596
8/18/2015 12:00:00 AM,11/16/2015 12:00:00 AM,20933,10335,10598
8/18/2015 12:00:00 AM,11/17/2015 12:00:00 AM,19565,9594,9971
8/17/2015 12:00:00 AM,8/18/2015 12:00:00 AM,381,217,164
8/17/2015 12:00:00 AM,8/19/2015 12:00:00 AM,381,217,164
8/17/2015 12:00:00 AM,8/20/2015 12:00:00 AM,316,217,99
8/17/2015 12:00:00 AM,8/21/2015 12:00:00 AM,118,19,99
8/17/2015 12:00:00 AM,8/22/2015 12:00:00 AM,118,19,99
8/17/2015 12:00:00 AM,8/23/2015 12:00:00 AM,118,19,99
8/17/2015 12:00:00 AM,8/24/2015 12:00:00 AM,150,19,131
8/17/2015 12:00:00 AM,8/25/2015 12:00:00 AM,150,19,131
8/17/2015 12:00:00 AM,8/26/2015 12:00:00 AM,150,19,131
8/17/2015 12:00:00 AM,8/27/2015 12:00:00 AM,150,19,131
8/17/2015 12:00:00 AM,8/28/2015 12:00:00 AM,150,19,131
8/17/2015 12:00:00 AM,8/29/2015 12:00:00 AM,149,19,130
8/17/2015 12:00:00 AM,8/30/2015 12:00:00 AM,369,19,350
8/17/2015 12:00:00 AM,8/31/2015 12:00:00 AM,401,19,382
8/17/2015 12:00:00 AM,9/1/2015 12:00:00 AM,425,19,406
8/17/2015 12:00:00 AM,9/2/2015 12:00:00 AM,425,19,406
8/17/2015 12:00:00 AM,9/3/2015 12:00:00 AM,425,19,406
8/17/2015 12:00:00 AM,9/4/2015 12:00:00 AM,425,19,406
8/17/2015 12:00:00 AM,9/5/2015 12:00:00 AM,392,19,373
8/17/2015 12:00:00 AM,9/6/2015 12:00:00 AM,172,19,153
8/17/2015 12:00:00 AM,9/7/2015 12:00:00 AM,221,19,202
8/17/2015 12:00:00 AM,9/8/2015 12:00:00 AM,232,19,213
8/17/2015 12:00:00 AM,9/9/2015 12:00:00 AM,297,19,278
8/17/2015 12:00:00 AM,9/10/2015 12:00:00 AM,232,19,213
8/17/2015 12:00:00 AM,9/11/2015 12:00:00 AM,232,19,213
8/17/2015 12:00:00 AM,9/12/2015 12:00:00 AM,8250,4496,3754
8/17/2015 12:00:00 AM,9/13/2015 12:00:00 AM,9252,4996,4256
8/17/2015 12:00:00 AM,9/14/2015 12:00:00 AM,13829,6994,6835
8/17/2015 12:00:00 AM,9/15/2015 12:00:00 AM,13799,6994,6805
8/17/2015 12:00:00 AM,9/16/2015 12:00:00 AM,14264,6994,7270
8/17/2015 12:00:00 AM,9/17/2015 12:00:00 AM,13703,6433,7270
8/17/2015 12:00:00 AM,9/18/2015 12:00:00 AM,15566,6901,8665
8/17/2015 12:00:00 AM,9/19/2015 12:00:00 AM,18130,8775,9355
8/17/2015 12:00:00 AM,9/20/2015 12:00:00 AM,17824,8885,8939
8/17/2015 12:00:00 AM,9/21/2015 12:00:00 AM,19616,8997,10619
8/17/2015 12:00:00 AM,9/22/2015 12:00:00 AM,18355,7736,10619
8/17/2015 12:00:00 AM,9/23/2015 12:00:00 AM,18730,7886,10844
8/17/2015 12:00:00 AM,9/24/2015 12:00:00 AM,18610,7786,10824
8/17/2015 12:00:00 AM,9/25/2015 12:00:00 AM,18606,7727,10879
8/17/2015 12:00:00 AM,9/26/2015 12:00:00 AM,24750,11815,12935
8/17/2015 12:00:00 AM,9/27/2015 12:00:00 AM,22805,11031,11774
8/17/2015 12:00:00 AM,9/28/2015 12:00:00 AM,24556,11044,13512
8/17/2015 12:00:00 AM,9/29/2015 12:00:00 AM,24704,11189,13515
8/17/2015 12:00:00 AM,9/30/2015 12:00:00 AM,25524,12009,13515
8/17/2015 12:00:00 AM,10/1/2015 12:00:00 AM,26495,11981,14514
8/17/2015 12:00:00 AM,10/2/2015 12:00:00 AM,25892,11473,14419
8/17/2015 12:00:00 AM,10/3/2015 12:00:00 AM,27815,12169,15646
8/17/2015 12:00:00 AM,10/4/2015 12:00:00 AM,29279,12949,16330
8/17/2015 12:00:00 AM,10/5/2015 12:00:00 AM,30015,12870,17145
8/17/2015 12:00:00 AM,10/6/2015 12:00:00 AM,30311,12870,17441
8/17/2015 12:00:00 AM,10/7/2015 12:00:00 AM,29870,12369,17501
8/17/2015 12:00:00 AM,10/8/2015 12:00:00 AM,31123,12369,18754
8/17/2015 12:00:00 AM,10/9/2015 12:00:00 AM,31030,12869,18161
8/17/2015 12:00:00 AM,10/10/2015 12:00:00 AM,34336,15789,18547
8/17/2015 12:00:00 AM,10/11/2015 12:00:00 AM,33602,15629,17973
8/17/2015 12:00:00 AM,10/12/2015 12:00:00 AM,33374,15778,17596
8/17/2015 12:00:00 AM,10/13/2015 12:00:00 AM,30581,12661,17920
8/17/2015 12:00:00 AM,10/14/2015 12:00:00 AM,30566,12705,17861
8/17/2015 12:00:00 AM,10/15/2015 12:00:00 AM,31253,12689,18564
8/17/2015 12:00:00 AM,10/16/2015 12:00:00 AM,30723,13180,17543
8/17/2015 12:00:00 AM,10/17/2015 12:00:00 AM,34961,14335,20626
8/17/2015 12:00:00 AM,10/18/2015 12:00:00 AM,32900,13548,19352
8/17/2015 12:00:00 AM,10/19/2015 12:00:00 AM,34184,13049,21135
8/17/2015 12:00:00 AM,10/20/2015 12:00:00 AM,33310,12549,20761
8/17/2015 12:00:00 AM,10/21/2015 12:00:00 AM,33095,12549,20546
8/17/2015 12:00:00 AM,10/22/2015 12:00:00 AM,32931,12505,20426
8/17/2015 12:00:00 AM,10/23/2015 12:00:00 AM,33346,13187,20159
8/17/2015 12:00:00 AM,10/24/2015 12:00:00 AM,32649,13501,19148
8/17/2015 12:00:00 AM,10/25/2015 12:00:00 AM,32126,13032,19094
8/17/2015 12:00:00 AM,10/26/2015 12:00:00 AM,31354,12809,18545
8/17/2015 12:00:00 AM,10/27/2015 12:00:00 AM,29050,11047,18003
8/17/2015 12:00:00 AM,10/28/2015 12:00:00 AM,28083,10567,17516
8/17/2015 12:00:00 AM,10/29/2015 12:00:00 AM,27821,9757,18064
8/17/2015 12:00:00 AM,10/30/2015 12:00:00 AM,28964,9787,19177
8/17/2015 12:00:00 AM,10/31/2015 12:00:00 AM,31819,12671,19148
8/17/2015 12:00:00 AM,11/1/2015 12:00:00 AM,32198,13044,19154
8/17/2015 12:00:00 AM,11/2/2015 12:00:00 AM,32402,14092,18310
8/17/2015 12:00:00 AM,11/3/2015 12:00:00 AM,31052,13047,18005
8/17/2015 12:00:00 AM,11/4/2015 12:00:00 AM,31049,13047,18002
8/17/2015 12:00:00 AM,11/5/2015 12:00:00 AM,30236,13047,17189
8/17/2015 12:00:00 AM,11/6/2015 12:00:00 AM,30691,13647,17044
8/17/2015 12:00:00 AM,11/7/2015 12:00:00 AM,31463,13676,17787
8/17/2015 12:00:00 AM,11/8/2015 12:00:00 AM,31223,13526,17697
8/17/2015 12:00:00 AM,11/9/2015 12:00:00 AM,28901,12613,16288
8/17/2015 12:00:00 AM,11/10/2015 12:00:00 AM,25691,10199,15492
8/17/2015 12:00:00 AM,11/11/2015 12:00:00 AM,25671,10199,15472
8/17/2015 12:00:00 AM,11/12/2015 12:00:00 AM,24954,10199,14755
8/17/2015 12:00:00 AM,11/13/2015 12:00:00 AM,24871,10116,14755
8/17/2015 12:00:00 AM,11/14/2015 12:00:00 AM,24161,10870,13291
8/17/2015 12:00:00 AM,11/15/2015 12:00:00 AM,22296,10700,11596
8/17/2015 12:00:00 AM,11/16/2015 12:00:00 AM,20933,10335,10598
8/16/2015 12:00:00 AM,8/17/2015 12:00:00 AM,381,217,164
8/16/2015 12:00:00 AM,8/18/2015 12:00:00 AM,381,217,164
8/16/2015 12:00:00 AM,8/19/2015 12:00:00 AM,381,217,164
8/16/2015 12:00:00 AM,8/20/2015 12:00:00 AM,316,217,99
8/16/2015 12:00:00 AM,8/21/2015 12:00:00 AM,118,19,99
8/16/2015 12:00:00 AM,8/22/2015 12:00:00 AM,118,19,99
8/16/2015 12:00:00 AM,8/23/2015 12:00:00 AM,118,19,99
8/16/2015 12:00:00 AM,8/24/2015 12:00:00 AM,150,19,131
8/16/2015 12:00:00 AM,8/25/2015 12:00:00 AM,150,19,131
8/16/2015 12:00:00 AM,8/26/2015 12:00:00 AM,150,19,131
8/16/2015 12:00:00 AM,8/27/2015 12:00:00 AM,150,19,131
8/16/2015 12:00:00 AM,8/28/2015 12:00:00 AM,150,19,131
8/16/2015 12:00:00 AM,8/29/2015 12:00:00 AM,149,19,130
8/16/2015 12:00:00 AM,8/30/2015 12:00:00 AM,369,19,350
8/16/2015 12:00:00 AM,8/31/2015 12:00:00 AM,401,19,382
8/16/2015 12:00:00 AM,9/1/2015 12:00:00 AM,425,19,406
8/16/2015 12:00:00 AM,9/2/2015 12:00:00 AM,425,19,406
8/16/2015 12:00:00 AM,9/3/2015 12:00:00 AM,425,19,406
8/16/2015 12:00:00 AM,9/4/2015 12:00:00 AM,425,19,406
8/16/2015 12:00:00 AM,9/5/2015 12:00:00 AM,392,19,373
8/16/2015 12:00:00 AM,9/6/2015 12:00:00 AM,172,19,153
8/16/2015 12:00:00 AM,9/7/2015 12:00:00 AM,221,19,202
8/16/2015 12:00:00 AM,9/8/2015 12:00:00 AM,232,19,213
8/16/2015 12:00:00 AM,9/9/2015 12:00:00 AM,297,19,278
8/16/2015 12:00:00 AM,9/10/2015 12:00:00 AM,232,19,213
8/16/2015 12:00:00 AM,9/11/2015 12:00:00 AM,232,19,213
8/16/2015 12:00:00 AM,9/12/2015 12:00:00 AM,8250,4496,3754
8/16/2015 12:00:00 AM,9/13/2015 12:00:00 AM,9252,4996,4256
8/16/2015 12:00:00 AM,9/14/2015 12:00:00 AM,13829,6994,6835
8/16/2015 12:00:00 AM,9/15/2015 12:00:00 AM,13799,6994,6805
8/16/2015 12:00:00 AM,9/16/2015 12:00:00 AM,14264,6994,7270
8/16/2015 12:00:00 AM,9/17/2015 12:00:00 AM,13703,6433,7270
8/16/2015 12:00:00 AM,9/18/2015 12:00:00 AM,15566,6901,8665
8/16/2015 12:00:00 AM,9/19/2015 12:00:00 AM,18130,8775,9355
8/16/2015 12:00:00 AM,9/20/2015 12:00:00 AM,17824,8885,8939
8/16/2015 12:00:00 AM,9/21/2015 12:00:00 AM,19616,8997,10619
8/16/2015 12:00:00 AM,9/22/2015 12:00:00 AM,18355,7736,10619
8/16/2015 12:00:00 AM,9/23/2015 12:00:00 AM,18730,7886,10844
8/16/2015 12:00:00 AM,9/24/2015 12:00:00 AM,18610,7786,10824
8/16/2015 12:00:00 AM,9/25/2015 12:00:00 AM,18606,7727,10879
8/16/2015 12:00:00 AM,9/26/2015 12:00:00 AM,24750,11815,12935
8/16/2015 12:00:00 AM,9/27/2015 12:00:00 AM,22805,11031,11774
8/16/2015 12:00:00 AM,9/28/2015 12:00:00 AM,24556,11044,13512
8/16/2015 12:00:00 AM,9/29/2015 12:00:00 AM,24704,11189,13515
8/16/2015 12:00:00 AM,9/30/2015 12:00:00 AM,25524,12009,13515
8/16/2015 12:00:00 AM,10/1/2015 12:00:00 AM,26495,11981,14514
8/16/2015 12:00:00 AM,10/2/2015 12:00:00 AM,25892,11473,14419
8/16/2015 12:00:00 AM,10/3/2015 12:00:00 AM,27815,12169,15646
8/16/2015 12:00:00 AM,10/4/2015 12:00:00 AM,29279,12949,16330
8/16/2015 12:00:00 AM,10/5/2015 12:00:00 AM,30015,12870,17145
8/16/2015 12:00:00 AM,10/6/2015 12:00:00 AM,30311,12870,17441
8/16/2015 12:00:00 AM,10/7/2015 12:00:00 AM,29870,12369,17501
8/16/2015 12:00:00 AM,10/8/2015 12:00:00 AM,31123,12369,18754
8/16/2015 12:00:00 AM,10/9/2015 12:00:00 AM,31030,12869,18161
8/16/2015 12:00:00 AM,10/10/2015 12:00:00 AM,34336,15789,18547
8/16/2015 12:00:00 AM,10/11/2015 12:00:00 AM,33602,15629,17973
8/16/2015 12:00:00 AM,10/12/2015 12:00:00 AM,33374,15778,17596
8/16/2015 12:00:00 AM,10/13/2015 12:00:00 AM,30581,12661,17920
8/16/2015 12:00:00 AM,10/14/2015 12:00:00 AM,30566,12705,17861
8/16/2015 12:00:00 AM,10/15/2015 12:00:00 AM,31253,12689,18564
8/16/2015 12:00:00 AM,10/16/2015 12:00:00 AM,30723,13180,17543
8/16/2015 12:00:00 AM,10/17/2015 12:00:00 AM,34961,14335,20626
8/16/2015 12:00:00 AM,10/18/2015 12:00:00 AM,32900,13548,19352
8/16/2015 12:00:00 AM,10/19/2015 12:00:00 AM,34184,13049,21135
8/16/2015 12:00:00 AM,10/20/2015 12:00:00 AM,33310,12549,20761
8/16/2015 12:00:00 AM,10/21/2015 12:00:00 AM,33095,12549,20546
8/16/2015 12:00:00 AM,10/22/2015 12:00:00 AM,32931,12505,20426
8/16/2015 12:00:00 AM,10/23/2015 12:00:00 AM,33346,13187,20159
8/16/2015 12:00:00 AM,10/24/2015 12:00:00 AM,32649,13501,19148
8/16/2015 12:00:00 AM,10/25/2015 12:00:00 AM,32126,13032,19094
8/16/2015 12:00:00 AM,10/26/2015 12:00:00 AM,31354,12809,18545
8/16/2015 12:00:00 AM,10/27/2015 12:00:00 AM,29050,11047,18003
8/16/2015 12:00:00 AM,10/28/2015 12:00:00 AM,28083,10567,17516
8/16/2015 12:00:00 AM,10/29/2015 12:00:00 AM,27821,9757,18064
8/16/2015 12:00:00 AM,10/30/2015 12:00:00 AM,28964,9787,19177
8/16/2015 12:00:00 AM,10/31/2015 12:00:00 AM,31819,12671,19148
8/16/2015 12:00:00 AM,11/1/2015 12:00:00 AM,32198,13044,19154
8/16/2015 12:00:00 AM,11/2/2015 12:00:00 AM,32402,14092,18310
8/16/2015 12:00:00 AM,11/3/2015 12:00:00 AM,31052,13047,18005
8/16/2015 12:00:00 AM,11/4/2015 12:00:00 AM,31049,13047,18002
8/16/2015 12:00:00 AM,11/5/2015 12:00:00 AM,30236,13047,17189
8/16/2015 12:00:00 AM,11/6/2015 12:00:00 AM,30691,13647,17044
8/16/2015 12:00:00 AM,11/7/2015 12:00:00 AM,31463,13676,17787
8/16/2015 12:00:00 AM,11/8/2015 12:00:00 AM,31223,13526,17697
8/16/2015 12:00:00 AM,11/9/2015 12:00:00 AM,28901,12613,16288
8/16/2015 12:00:00 AM,11/10/2015 12:00:00 AM,25691,10199,15492
8/16/2015 12:00:00 AM,11/11/2015 12:00:00 AM,25671,10199,15472
8/16/2015 12:00:00 AM,11/12/2015 12:00:00 AM,24954,10199,14755
8/16/2015 12:00:00 AM,11/13/2015 12:00:00 AM,24871,10116,14755
8/16/2015 12:00:00 AM,11/14/2015 12:00:00 AM,24161,10870,13291
8/16/2015 12:00:00 AM,11/15/2015 12:00:00 AM,22296,10700,11596
8/15/2015 12:00:00 AM,8/16/2015 12:00:00 AM,182,19,163
8/15/2015 12:00:00 AM,8/17/2015 12:00:00 AM,381,217,164
8/15/2015 12:00:00 AM,8/18/2015 12:00:00 AM,381,217,164
8/15/2015 12:00:00 AM,8/19/2015 12:00:00 AM,381,217,164
8/15/2015 12:00:00 AM,8/20/2015 12:00:00 AM,316,217,99
8/15/2015 12:00:00 AM,8/21/2015 12:00:00 AM,118,19,99
8/15/2015 12:00:00 AM,8/22/2015 12:00:00 AM,118,19,99
8/15/2015 12:00:00 AM,8/23/2015 12:00:00 AM,118,19,99
8/15/2015 12:00:00 AM,8/24/2015 12:00:00 AM,150,19,131
8/15/2015 12:00:00 AM,8/25/2015 12:00:00 AM,150,19,131
8/15/2015 12:00:00 AM,8/26/2015 12:00:00 AM,150,19,131
8/15/2015 12:00:00 AM,8/27/2015 12:00:00 AM,150,19,131
8/15/2015 12:00:00 AM,8/28/2015 12:00:00 AM,150,19,131
8/15/2015 12:00:00 AM,8/29/2015 12:00:00 AM,149,19,130
8/15/2015 12:00:00 AM,8/30/2015 12:00:00 AM,369,19,350
8/15/2015 12:00:00 AM,8/31/2015 12:00:00 AM,401,19,382
8/15/2015 12:00:00 AM,9/1/2015 12:00:00 AM,425,19,406
8/15/2015 12:00:00 AM,9/2/2015 12:00:00 AM,425,19,406
8/15/2015 12:00:00 AM,9/3/2015 12:00:00 AM,425,19,406
8/15/2015 12:00:00 AM,9/4/2015 12:00:00 AM,425,19,406
8/15/2015 12:00:00 AM,9/5/2015 12:00:00 AM,392,19,373
8/15/2015 12:00:00 AM,9/6/2015 12:00:00 AM,172,19,153
8/15/2015 12:00:00 AM,9/7/2015 12:00:00 AM,221,19,202
8/15/2015 12:00:00 AM,9/8/2015 12:00:00 AM,232,19,213
8/15/2015 12:00:00 AM,9/9/2015 12:00:00 AM,297,19,278
8/15/2015 12:00:00 AM,9/10/2015 12:00:00 AM,232,19,213
8/15/2015 12:00:00 AM,9/11/2015 12:00:00 AM,232,19,213
8/15/2015 12:00:00 AM,9/12/2015 12:00:00 AM,8250,4496,3754
8/15/2015 12:00:00 AM,9/13/2015 12:00:00 AM,9252,4996,4256
8/15/2015 12:00:00 AM,9/14/2015 12:00:00 AM,13829,6994,6835
8/15/2015 12:00:00 AM,9/15/2015 12:00:00 AM,13799,6994,6805
8/15/2015 12:00:00 AM,9/16/2015 12:00:00 AM,14264,6994,7270
8/15/2015 12:00:00 AM,9/17/2015 12:00:00 AM,13703,6433,7270
8/15/2015 12:00:00 AM,9/18/2015 12:00:00 AM,15566,6901,8665
8/15/2015 12:00:00 AM,9/19/2015 12:00:00 AM,18130,8775,9355
8/15/2015 12:00:00 AM,9/20/2015 12:00:00 AM,17824,8885,8939
8/15/2015 12:00:00 AM,9/21/2015 12:00:00 AM,19616,8997,10619
8/15/2015 12:00:00 AM,9/22/2015 12:00:00 AM,18355,7736,10619
8/15/2015 12:00:00 AM,9/23/2015 12:00:00 AM,18730,7886,10844
8/15/2015 12:00:00 AM,9/24/2015 12:00:00 AM,18610,7786,10824
8/15/2015 12:00:00 AM,9/25/2015 12:00:00 AM,18606,7727,10879
8/15/2015 12:00:00 AM,9/26/2015 12:00:00 AM,24750,11815,12935
8/15/2015 12:00:00 AM,9/27/2015 12:00:00 AM,22805,11031,11774
8/15/2015 12:00:00 AM,9/28/2015 12:00:00 AM,24556,11044,13512
8/15/2015 12:00:00 AM,9/29/2015 12:00:00 AM,24704,11189,13515
8/15/2015 12:00:00 AM,9/30/2015 12:00:00 AM,25524,12009,13515
8/15/2015 12:00:00 AM,10/1/2015 12:00:00 AM,26495,11981,14514
8/15/2015 12:00:00 AM,10/2/2015 12:00:00 AM,25892,11473,14419
8/15/2015 12:00:00 AM,10/3/2015 12:00:00 AM,27815,12169,15646
8/15/2015 12:00:00 AM,10/4/2015 12:00:00 AM,29279,12949,16330
8/15/2015 12:00:00 AM,10/5/2015 12:00:00 AM,30015,12870,17145
8/15/2015 12:00:00 AM,10/6/2015 12:00:00 AM,30311,12870,17441
8/15/2015 12:00:00 AM,10/7/2015 12:00:00 AM,29870,12369,17501
8/15/2015 12:00:00 AM,10/8/2015 12:00:00 AM,31123,12369,18754
8/15/2015 12:00:00 AM,10/9/2015 12:00:00 AM,31030,12869,18161
8/15/2015 12:00:00 AM,10/10/2015 12:00:00 AM,34336,15789,18547
8/15/2015 12:00:00 AM,10/11/2015 12:00:00 AM,33602,15629,17973
8/15/2015 12:00:00 AM,10/12/2015 12:00:00 AM,33374,15778,17596
8/15/2015 12:00:00 AM,10/13/2015 12:00:00 AM,30581,12661,17920
8/15/2015 12:00:00 AM,10/14/2015 12:00:00 AM,30566,12705,17861
8/15/2015 12:00:00 AM,10/15/2015 12:00:00 AM,31253,12689,18564
8/15/2015 12:00:00 AM,10/16/2015 12:00:00 AM,30723,13180,17543
8/15/2015 12:00:00 AM,10/17/2015 12:00:00 AM,34961,14335,20626
8/15/2015 12:00:00 AM,10/18/2015 12:00:00 AM,32900,13548,19352
8/15/2015 12:00:00 AM,10/19/2015 12:00:00 AM,34184,13049,21135
8/15/2015 12:00:00 AM,10/20/2015 12:00:00 AM,33310,12549,20761
8/15/2015 12:00:00 AM,10/21/2015 12:00:00 AM,33095,12549,20546
8/15/2015 12:00:00 AM,10/22/2015 12:00:00 AM,32931,12505,20426
8/15/2015 12:00:00 AM,10/23/2015 12:00:00 AM,33346,13187,20159
8/15/2015 12:00:00 AM,10/24/2015 12:00:00 AM,32649,13501,19148
8/15/2015 12:00:00 AM,10/25/2015 12:00:00 AM,32126,13032,19094
8/15/2015 12:00:00 AM,10/26/2015 12:00:00 AM,31354,12809,18545
8/15/2015 12:00:00 AM,10/27/2015 12:00:00 AM,29050,11047,18003
8/15/2015 12:00:00 AM,10/28/2015 12:00:00 AM,28083,10567,17516
8/15/2015 12:00:00 AM,10/29/2015 12:00:00 AM,27821,9757,18064
8/15/2015 12:00:00 AM,10/30/2015 12:00:00 AM,28964,9787,19177
8/15/2015 12:00:00 AM,10/31/2015 12:00:00 AM,31819,12671,19148
8/15/2015 12:00:00 AM,11/1/2015 12:00:00 AM,32198,13044,19154
8/15/2015 12:00:00 AM,11/2/2015 12:00:00 AM,32402,14092,18310
8/15/2015 12:00:00 AM,11/3/2015 12:00:00 AM,31052,13047,18005
8/15/2015 12:00:00 AM,11/4/2015 12:00:00 AM,31049,13047,18002
8/15/2015 12:00:00 AM,11/5/2015 12:00:00 AM,30236,13047,17189
8/15/2015 12:00:00 AM,11/6/2015 12:00:00 AM,30691,13647,17044
8/15/2015 12:00:00 AM,11/7/2015 12:00:00 AM,31463,13676,17787
8/15/2015 12:00:00 AM,11/8/2015 12:00:00 AM,31223,13526,17697
8/15/2015 12:00:00 AM,11/9/2015 12:00:00 AM,28901,12613,16288
8/15/2015 12:00:00 AM,11/10/2015 12:00:00 AM,25691,10199,15492
8/15/2015 12:00:00 AM,11/11/2015 12:00:00 AM,25671,10199,15472
8/15/2015 12:00:00 AM,11/12/2015 12:00:00 AM,24954,10199,14755
8/15/2015 12:00:00 AM,11/13/2015 12:00:00 AM,24871,10116,14755
8/15/2015 12:00:00 AM,11/14/2015 12:00:00 AM,24161,10870,13291
8/14/2015 12:00:00 AM,8/15/2015 12:00:00 AM,182,19,163
8/14/2015 12:00:00 AM,8/16/2015 12:00:00 AM,182,19,163
8/14/2015 12:00:00 AM,8/17/2015 12:00:00 AM,381,217,164
8/14/2015 12:00:00 AM,8/18/2015 12:00:00 AM,381,217,164
8/14/2015 12:00:00 AM,8/19/2015 12:00:00 AM,381,217,164
8/14/2015 12:00:00 AM,8/20/2015 12:00:00 AM,316,217,99
8/14/2015 12:00:00 AM,8/21/2015 12:00:00 AM,118,19,99
8/14/2015 12:00:00 AM,8/22/2015 12:00:00 AM,118,19,99
8/14/2015 12:00:00 AM,8/23/2015 12:00:00 AM,118,19,99
8/14/2015 12:00:00 AM,8/24/2015 12:00:00 AM,150,19,131
8/14/2015 12:00:00 AM,8/25/2015 12:00:00 AM,150,19,131
8/14/2015 12:00:00 AM,8/26/2015 12:00:00 AM,150,19,131
8/14/2015 12:00:00 AM,8/27/2015 12:00:00 AM,150,19,131
8/14/2015 12:00:00 AM,8/28/2015 12:00:00 AM,150,19,131
8/14/2015 12:00:00 AM,8/29/2015 12:00:00 AM,149,19,130
8/14/2015 12:00:00 AM,8/30/2015 12:00:00 AM,369,19,350
8/14/2015 12:00:00 AM,8/31/2015 12:00:00 AM,401,19,382
8/14/2015 12:00:00 AM,9/1/2015 12:00:00 AM,425,19,406
8/14/2015 12:00:00 AM,9/2/2015 12:00:00 AM,425,19,406
8/14/2015 12:00:00 AM,9/3/2015 12:00:00 AM,425,19,406
8/14/2015 12:00:00 AM,9/4/2015 12:00:00 AM,425,19,406
8/14/2015 12:00:00 AM,9/5/2015 12:00:00 AM,392,19,373
8/14/2015 12:00:00 AM,9/6/2015 12:00:00 AM,172,19,153
8/14/2015 12:00:00 AM,9/7/2015 12:00:00 AM,221,19,202
8/14/2015 12:00:00 AM,9/8/2015 12:00:00 AM,232,19,213
8/14/2015 12:00:00 AM,9/9/2015 12:00:00 AM,297,19,278
8/14/2015 12:00:00 AM,9/10/2015 12:00:00 AM,232,19,213
8/14/2015 12:00:00 AM,9/11/2015 12:00:00 AM,232,19,213
8/14/2015 12:00:00 AM,9/12/2015 12:00:00 AM,8802,5048,3754
8/14/2015 12:00:00 AM,9/13/2015 12:00:00 AM,9804,5548,4256
8/14/2015 12:00:00 AM,9/14/2015 12:00:00 AM,14317,7546,6771
8/14/2015 12:00:00 AM,9/15/2015 12:00:00 AM,14287,7546,6741
8/14/2015 12:00:00 AM,9/16/2015 12:00:00 AM,14752,7546,7206
8/14/2015 12:00:00 AM,9/17/2015 12:00:00 AM,14191,6985,7206
8/14/2015 12:00:00 AM,9/18/2015 12:00:00 AM,16556,7453,9103
8/14/2015 12:00:00 AM,9/19/2015 12:00:00 AM,18568,8775,9793
8/14/2015 12:00:00 AM,9/20/2015 12:00:00 AM,18262,8885,9377
8/14/2015 12:00:00 AM,9/21/2015 12:00:00 AM,20054,8997,11057
8/14/2015 12:00:00 AM,9/22/2015 12:00:00 AM,18793,7736,11057
8/14/2015 12:00:00 AM,9/23/2015 12:00:00 AM,19168,7886,11282
8/14/2015 12:00:00 AM,9/24/2015 12:00:00 AM,18998,7736,11262
8/14/2015 12:00:00 AM,9/25/2015 12:00:00 AM,18492,7677,10815
8/14/2015 12:00:00 AM,9/26/2015 12:00:00 AM,24636,11765,12871
8/14/2015 12:00:00 AM,9/27/2015 12:00:00 AM,22741,11031,11710
8/14/2015 12:00:00 AM,9/28/2015 12:00:00 AM,24492,11044,13448
8/14/2015 12:00:00 AM,9/29/2015 12:00:00 AM,24640,11189,13451
8/14/2015 12:00:00 AM,9/30/2015 12:00:00 AM,25460,12009,13451
8/14/2015 12:00:00 AM,10/1/2015 12:00:00 AM,26431,11981,14450
8/14/2015 12:00:00 AM,10/2/2015 12:00:00 AM,25828,11473,14355
8/14/2015 12:00:00 AM,10/3/2015 12:00:00 AM,27751,12169,15582
8/14/2015 12:00:00 AM,10/4/2015 12:00:00 AM,29215,12949,16266
8/14/2015 12:00:00 AM,10/5/2015 12:00:00 AM,29951,12870,17081
8/14/2015 12:00:00 AM,10/6/2015 12:00:00 AM,30247,12870,17377
8/14/2015 12:00:00 AM,10/7/2015 12:00:00 AM,29806,12369,17437
8/14/2015 12:00:00 AM,10/8/2015 12:00:00 AM,31059,12369,18690
8/14/2015 12:00:00 AM,10/9/2015 12:00:00 AM,30966,12869,18097
8/14/2015 12:00:00 AM,10/10/2015 12:00:00 AM,34196,15713,18483
8/14/2015 12:00:00 AM,10/11/2015 12:00:00 AM,33538,15629,17909
8/14/2015 12:00:00 AM,10/12/2015 12:00:00 AM,33310,15778,17532
8/14/2015 12:00:00 AM,10/13/2015 12:00:00 AM,30517,12661,17856
8/14/2015 12:00:00 AM,10/14/2015 12:00:00 AM,30502,12705,17797
8/14/2015 12:00:00 AM,10/15/2015 12:00:00 AM,31253,12689,18564
8/14/2015 12:00:00 AM,10/16/2015 12:00:00 AM,30723,13180,17543
8/14/2015 12:00:00 AM,10/17/2015 12:00:00 AM,34961,14335,20626
8/14/2015 12:00:00 AM,10/18/2015 12:00:00 AM,32900,13548,19352
8/14/2015 12:00:00 AM,10/19/2015 12:00:00 AM,34184,13049,21135
8/14/2015 12:00:00 AM,10/20/2015 12:00:00 AM,33310,12549,20761
8/14/2015 12:00:00 AM,10/21/2015 12:00:00 AM,33095,12549,20546
8/14/2015 12:00:00 AM,10/22/2015 12:00:00 AM,32931,12505,20426
8/14/2015 12:00:00 AM,10/23/2015 12:00:00 AM,33346,13187,20159
8/14/2015 12:00:00 AM,10/24/2015 12:00:00 AM,32649,13501,19148
8/14/2015 12:00:00 AM,10/25/2015 12:00:00 AM,32126,13032,19094
8/14/2015 12:00:00 AM,10/26/2015 12:00:00 AM,31354,12809,18545
8/14/2015 12:00:00 AM,10/27/2015 12:00:00 AM,29050,11047,18003
8/14/2015 12:00:00 AM,10/28/2015 12:00:00 AM,28083,10567,17516
8/14/2015 12:00:00 AM,10/29/2015 12:00:00 AM,27821,9757,18064
8/14/2015 12:00:00 AM,10/30/2015 12:00:00 AM,28964,9787,19177
8/14/2015 12:00:00 AM,10/31/2015 12:00:00 AM,31819,12671,19148
8/14/2015 12:00:00 AM,11/1/2015 12:00:00 AM,32198,13044,19154
8/14/2015 12:00:00 AM,11/2/2015 12:00:00 AM,32402,14092,18310
8/14/2015 12:00:00 AM,11/3/2015 12:00:00 AM,31052,13047,18005
8/14/2015 12:00:00 AM,11/4/2015 12:00:00 AM,31049,13047,18002
8/14/2015 12:00:00 AM,11/5/2015 12:00:00 AM,30236,13047,17189
8/14/2015 12:00:00 AM,11/6/2015 12:00:00 AM,30691,13647,17044
8/14/2015 12:00:00 AM,11/7/2015 12:00:00 AM,31463,13676,17787
8/14/2015 12:00:00 AM,11/8/2015 12:00:00 AM,31223,13526,17697
8/14/2015 12:00:00 AM,11/9/2015 12:00:00 AM,28901,12613,16288
8/14/2015 12:00:00 AM,11/10/2015 12:00:00 AM,25691,10199,15492
8/14/2015 12:00:00 AM,11/11/2015 12:00:00 AM,25671,10199,15472
8/14/2015 12:00:00 AM,11/12/2015 12:00:00 AM,24954,10199,14755
8/14/2015 12:00:00 AM,11/13/2015 12:00:00 AM,24871,10116,14755
8/13/2015 12:00:00 AM,8/14/2015 12:00:00 AM,195,32,163
8/13/2015 12:00:00 AM,8/15/2015 12:00:00 AM,182,19,163
8/13/2015 12:00:00 AM,8/16/2015 12:00:00 AM,182,19,163
8/13/2015 12:00:00 AM,8/17/2015 12:00:00 AM,381,217,164
8/13/2015 12:00:00 AM,8/18/2015 12:00:00 AM,381,217,164
8/13/2015 12:00:00 AM,8/19/2015 12:00:00 AM,381,217,164
8/13/2015 12:00:00 AM,8/20/2015 12:00:00 AM,316,217,99
8/13/2015 12:00:00 AM,8/21/2015 12:00:00 AM,118,19,99
8/13/2015 12:00:00 AM,8/22/2015 12:00:00 AM,118,19,99
8/13/2015 12:00:00 AM,8/23/2015 12:00:00 AM,118,19,99
8/13/2015 12:00:00 AM,8/24/2015 12:00:00 AM,150,19,131
8/13/2015 12:00:00 AM,8/25/2015 12:00:00 AM,150,19,131
8/13/2015 12:00:00 AM,8/26/2015 12:00:00 AM,150,19,131
8/13/2015 12:00:00 AM,8/27/2015 12:00:00 AM,150,19,131
8/13/2015 12:00:00 AM,8/28/2015 12:00:00 AM,150,19,131
8/13/2015 12:00:00 AM,8/29/2015 12:00:00 AM,149,19,130
8/13/2015 12:00:00 AM,8/30/2015 12:00:00 AM,369,19,350
8/13/2015 12:00:00 AM,8/31/2015 12:00:00 AM,401,19,382
8/13/2015 12:00:00 AM,9/1/2015 12:00:00 AM,425,19,406
8/13/2015 12:00:00 AM,9/2/2015 12:00:00 AM,425,19,406
8/13/2015 12:00:00 AM,9/3/2015 12:00:00 AM,425,19,406
8/13/2015 12:00:00 AM,9/4/2015 12:00:00 AM,425,19,406
8/13/2015 12:00:00 AM,9/5/2015 12:00:00 AM,392,19,373
8/13/2015 12:00:00 AM,9/6/2015 12:00:00 AM,172,19,153
8/13/2015 12:00:00 AM,9/7/2015 12:00:00 AM,221,19,202
8/13/2015 12:00:00 AM,9/8/2015 12:00:00 AM,232,19,213
8/13/2015 12:00:00 AM,9/9/2015 12:00:00 AM,297,19,278
8/13/2015 12:00:00 AM,9/10/2015 12:00:00 AM,232,19,213
8/13/2015 12:00:00 AM,9/11/2015 12:00:00 AM,232,19,213
8/13/2015 12:00:00 AM,9/12/2015 12:00:00 AM,8802,5048,3754
8/13/2015 12:00:00 AM,9/13/2015 12:00:00 AM,9804,5548,4256
8/13/2015 12:00:00 AM,9/14/2015 12:00:00 AM,13555,6784,6771
8/13/2015 12:00:00 AM,9/15/2015 12:00:00 AM,13525,6784,6741
8/13/2015 12:00:00 AM,9/16/2015 12:00:00 AM,13990,6784,7206
8/13/2015 12:00:00 AM,9/17/2015 12:00:00 AM,13429,6223,7206
8/13/2015 12:00:00 AM,9/18/2015 12:00:00 AM,15239,6691,8548
8/13/2015 12:00:00 AM,9/19/2015 12:00:00 AM,17251,8013,9238
8/13/2015 12:00:00 AM,9/20/2015 12:00:00 AM,16945,8123,8822
8/13/2015 12:00:00 AM,9/21/2015 12:00:00 AM,18737,8235,10502
8/13/2015 12:00:00 AM,9/22/2015 12:00:00 AM,17476,6974,10502
8/13/2015 12:00:00 AM,9/23/2015 12:00:00 AM,18406,7124,11282
8/13/2015 12:00:00 AM,9/24/2015 12:00:00 AM,18236,6974,11262
8/13/2015 12:00:00 AM,9/25/2015 12:00:00 AM,17730,6915,10815
8/13/2015 12:00:00 AM,9/26/2015 12:00:00 AM,23874,11003,12871
8/13/2015 12:00:00 AM,9/27/2015 12:00:00 AM,21979,10269,11710
8/13/2015 12:00:00 AM,9/28/2015 12:00:00 AM,23730,10282,13448
8/13/2015 12:00:00 AM,9/29/2015 12:00:00 AM,23878,10427,13451
8/13/2015 12:00:00 AM,9/30/2015 12:00:00 AM,24698,11247,13451
8/13/2015 12:00:00 AM,10/1/2015 12:00:00 AM,25969,11519,14450
8/13/2015 12:00:00 AM,10/2/2015 12:00:00 AM,25366,11011,14355
8/13/2015 12:00:00 AM,10/3/2015 12:00:00 AM,27751,12169,15582
8/13/2015 12:00:00 AM,10/4/2015 12:00:00 AM,29024,12949,16075
8/13/2015 12:00:00 AM,10/5/2015 12:00:00 AM,29760,12870,16890
8/13/2015 12:00:00 AM,10/6/2015 12:00:00 AM,30056,12870,17186
8/13/2015 12:00:00 AM,10/7/2015 12:00:00 AM,29615,12369,17246
8/13/2015 12:00:00 AM,10/8/2015 12:00:00 AM,30888,12369,18519
8/13/2015 12:00:00 AM,10/9/2015 12:00:00 AM,30795,12869,17926
8/13/2015 12:00:00 AM,10/10/2015 12:00:00 AM,34025,15713,18312
8/13/2015 12:00:00 AM,10/11/2015 12:00:00 AM,33367,15629,17738
8/13/2015 12:00:00 AM,10/12/2015 12:00:00 AM,33330,15778,17552
8/13/2015 12:00:00 AM,10/13/2015 12:00:00 AM,30537,12661,17876
8/13/2015 12:00:00 AM,10/14/2015 12:00:00 AM,30522,12705,17817
8/13/2015 12:00:00 AM,10/15/2015 12:00:00 AM,30668,12689,17979
8/13/2015 12:00:00 AM,10/16/2015 12:00:00 AM,30743,13180,17563
8/13/2015 12:00:00 AM,10/17/2015 12:00:00 AM,34981,14335,20646
8/13/2015 12:00:00 AM,10/18/2015 12:00:00 AM,32920,13548,19372
8/13/2015 12:00:00 AM,10/19/2015 12:00:00 AM,34204,13049,21155
8/13/2015 12:00:00 AM,10/20/2015 12:00:00 AM,33310,12549,20761
8/13/2015 12:00:00 AM,10/21/2015 12:00:00 AM,33095,12549,20546
8/13/2015 12:00:00 AM,10/22/2015 12:00:00 AM,32931,12505,20426
8/13/2015 12:00:00 AM,10/23/2015 12:00:00 AM,33346,13187,20159
8/13/2015 12:00:00 AM,10/24/2015 12:00:00 AM,32649,13501,19148
8/13/2015 12:00:00 AM,10/25/2015 12:00:00 AM,32126,13032,19094
8/13/2015 12:00:00 AM,10/26/2015 12:00:00 AM,31354,12809,18545
8/13/2015 12:00:00 AM,10/27/2015 12:00:00 AM,29050,11047,18003
8/13/2015 12:00:00 AM,10/28/2015 12:00:00 AM,28083,10567,17516
8/13/2015 12:00:00 AM,10/29/2015 12:00:00 AM,27821,9757,18064
8/13/2015 12:00:00 AM,10/30/2015 12:00:00 AM,28944,9787,19157
8/13/2015 12:00:00 AM,10/31/2015 12:00:00 AM,31799,12671,19128
8/13/2015 12:00:00 AM,11/1/2015 12:00:00 AM,32178,13044,19134
8/13/2015 12:00:00 AM,11/2/2015 12:00:00 AM,32382,14092,18290
8/13/2015 12:00:00 AM,11/3/2015 12:00:00 AM,31032,13047,17985
8/13/2015 12:00:00 AM,11/4/2015 12:00:00 AM,31029,13047,17982
8/13/2015 12:00:00 AM,11/5/2015 12:00:00 AM,30216,13047,17169
8/13/2015 12:00:00 AM,11/6/2015 12:00:00 AM,30671,13647,17024
8/13/2015 12:00:00 AM,11/7/2015 12:00:00 AM,31443,13676,17767
8/13/2015 12:00:00 AM,11/8/2015 12:00:00 AM,31203,13526,17677
8/13/2015 12:00:00 AM,11/9/2015 12:00:00 AM,28881,12613,16268
8/13/2015 12:00:00 AM,11/10/2015 12:00:00 AM,25671,10199,15472
8/13/2015 12:00:00 AM,11/11/2015 12:00:00 AM,25671,10199,15472
8/13/2015 12:00:00 AM,11/12/2015 12:00:00 AM,24954,10199,14755
8/12/2015 12:00:00 AM,8/13/2015 12:00:00 AM,195,32,163
8/12/2015 12:00:00 AM,8/14/2015 12:00:00 AM,195,32,163
8/12/2015 12:00:00 AM,8/15/2015 12:00:00 AM,182,19,163
8/12/2015 12:00:00 AM,8/16/2015 12:00:00 AM,182,19,163
8/12/2015 12:00:00 AM,8/17/2015 12:00:00 AM,381,217,164
8/12/2015 12:00:00 AM,8/18/2015 12:00:00 AM,381,217,164
8/12/2015 12:00:00 AM,8/19/2015 12:00:00 AM,381,217,164
8/12/2015 12:00:00 AM,8/20/2015 12:00:00 AM,316,217,99
8/12/2015 12:00:00 AM,8/21/2015 12:00:00 AM,118,19,99
8/12/2015 12:00:00 AM,8/22/2015 12:00:00 AM,118,19,99
8/12/2015 12:00:00 AM,8/23/2015 12:00:00 AM,118,19,99
8/12/2015 12:00:00 AM,8/24/2015 12:00:00 AM,150,19,131
8/12/2015 12:00:00 AM,8/25/2015 12:00:00 AM,150,19,131
8/12/2015 12:00:00 AM,8/26/2015 12:00:00 AM,150,19,131
8/12/2015 12:00:00 AM,8/27/2015 12:00:00 AM,150,19,131
8/12/2015 12:00:00 AM,8/28/2015 12:00:00 AM,150,19,131
8/12/2015 12:00:00 AM,8/29/2015 12:00:00 AM,149,19,130
8/12/2015 12:00:00 AM,8/30/2015 12:00:00 AM,369,19,350
8/12/2015 12:00:00 AM,8/31/2015 12:00:00 AM,401,19,382
8/12/2015 12:00:00 AM,9/1/2015 12:00:00 AM,425,19,406
8/12/2015 12:00:00 AM,9/2/2015 12:00:00 AM,425,19,406
8/12/2015 12:00:00 AM,9/3/2015 12:00:00 AM,425,19,406
8/12/2015 12:00:00 AM,9/4/2015 12:00:00 AM,425,19,406
8/12/2015 12:00:00 AM,9/5/2015 12:00:00 AM,392,19,373
8/12/2015 12:00:00 AM,9/6/2015 12:00:00 AM,172,19,153
8/12/2015 12:00:00 AM,9/7/2015 12:00:00 AM,221,19,202
8/12/2015 12:00:00 AM,9/8/2015 12:00:00 AM,232,19,213
8/12/2015 12:00:00 AM,9/9/2015 12:00:00 AM,297,19,278
8/12/2015 12:00:00 AM,9/10/2015 12:00:00 AM,232,19,213
8/12/2015 12:00:00 AM,9/11/2015 12:00:00 AM,232,19,213
8/12/2015 12:00:00 AM,9/12/2015 12:00:00 AM,8844,5090,3754
8/12/2015 12:00:00 AM,9/13/2015 12:00:00 AM,9846,5590,4256
8/12/2015 12:00:00 AM,9/14/2015 12:00:00 AM,13597,6826,6771
8/12/2015 12:00:00 AM,9/15/2015 12:00:00 AM,13567,6826,6741
8/12/2015 12:00:00 AM,9/16/2015 12:00:00 AM,14032,6826,7206
8/12/2015 12:00:00 AM,9/17/2015 12:00:00 AM,13471,6265,7206
8/12/2015 12:00:00 AM,9/18/2015 12:00:00 AM,14699,6733,7966
8/12/2015 12:00:00 AM,9/19/2015 12:00:00 AM,16711,8055,8656
8/12/2015 12:00:00 AM,9/20/2015 12:00:00 AM,16405,8165,8240
8/12/2015 12:00:00 AM,9/21/2015 12:00:00 AM,18197,8277,9920
8/12/2015 12:00:00 AM,9/22/2015 12:00:00 AM,16936,7016,9920
8/12/2015 12:00:00 AM,9/23/2015 12:00:00 AM,17866,7166,10700
8/12/2015 12:00:00 AM,9/24/2015 12:00:00 AM,17696,7016,10680
8/12/2015 12:00:00 AM,9/25/2015 12:00:00 AM,17190,6957,10233
8/12/2015 12:00:00 AM,9/26/2015 12:00:00 AM,23334,11045,12289
8/12/2015 12:00:00 AM,9/27/2015 12:00:00 AM,21439,10311,11128
8/12/2015 12:00:00 AM,9/28/2015 12:00:00 AM,23148,10282,12866
8/12/2015 12:00:00 AM,9/29/2015 12:00:00 AM,23296,10427,12869
8/12/2015 12:00:00 AM,9/30/2015 12:00:00 AM,24116,11247,12869
8/12/2015 12:00:00 AM,10/1/2015 12:00:00 AM,25387,11519,13868
8/12/2015 12:00:00 AM,10/2/2015 12:00:00 AM,24784,11011,13773
8/12/2015 12:00:00 AM,10/3/2015 12:00:00 AM,27169,12169,15000
8/12/2015 12:00:00 AM,10/4/2015 12:00:00 AM,28442,12949,15493
8/12/2015 12:00:00 AM,10/5/2015 12:00:00 AM,29178,12870,16308
8/12/2015 12:00:00 AM,10/6/2015 12:00:00 AM,29474,12870,16604
8/12/2015 12:00:00 AM,10/7/2015 12:00:00 AM,29033,12369,16664
8/12/2015 12:00:00 AM,10/8/2015 12:00:00 AM,30306,12369,17937
8/12/2015 12:00:00 AM,10/9/2015 12:00:00 AM,30213,12869,17344
8/12/2015 12:00:00 AM,10/10/2015 12:00:00 AM,33443,15713,17730
8/12/2015 12:00:00 AM,10/11/2015 12:00:00 AM,32785,15629,17156
8/12/2015 12:00:00 AM,10/12/2015 12:00:00 AM,32748,15778,16970
8/12/2015 12:00:00 AM,10/13/2015 12:00:00 AM,29955,12661,17294
8/12/2015 12:00:00 AM,10/14/2015 12:00:00 AM,29940,12705,17235
8/12/2015 12:00:00 AM,10/15/2015 12:00:00 AM,30086,12689,17397
8/12/2015 12:00:00 AM,10/16/2015 12:00:00 AM,30161,13180,16981
8/12/2015 12:00:00 AM,10/17/2015 12:00:00 AM,34399,14335,20064
8/12/2015 12:00:00 AM,10/18/2015 12:00:00 AM,32338,13548,18790
8/12/2015 12:00:00 AM,10/19/2015 12:00:00 AM,33622,13049,20573
8/12/2015 12:00:00 AM,10/20/2015 12:00:00 AM,32728,12549,20179
8/12/2015 12:00:00 AM,10/21/2015 12:00:00 AM,32513,12549,19964
8/12/2015 12:00:00 AM,10/22/2015 12:00:00 AM,32349,12505,19844
8/12/2015 12:00:00 AM,10/23/2015 12:00:00 AM,32764,13187,19577
8/12/2015 12:00:00 AM,10/24/2015 12:00:00 AM,32067,13501,18566
8/12/2015 12:00:00 AM,10/25/2015 12:00:00 AM,31544,13032,18512
8/12/2015 12:00:00 AM,10/26/2015 12:00:00 AM,30772,12809,17963
8/12/2015 12:00:00 AM,10/27/2015 12:00:00 AM,28468,11047,17421
8/12/2015 12:00:00 AM,10/28/2015 12:00:00 AM,27501,10567,16934
8/12/2015 12:00:00 AM,10/29/2015 12:00:00 AM,27239,9757,17482
8/12/2015 12:00:00 AM,10/30/2015 12:00:00 AM,28362,9787,18575
8/12/2015 12:00:00 AM,10/31/2015 12:00:00 AM,31217,12671,18546
8/12/2015 12:00:00 AM,11/1/2015 12:00:00 AM,31596,13044,18552
8/12/2015 12:00:00 AM,11/2/2015 12:00:00 AM,31800,14092,17708
8/12/2015 12:00:00 AM,11/3/2015 12:00:00 AM,30450,13047,17403
8/12/2015 12:00:00 AM,11/4/2015 12:00:00 AM,30447,13047,17400
8/12/2015 12:00:00 AM,11/5/2015 12:00:00 AM,29634,13047,16587
8/12/2015 12:00:00 AM,11/6/2015 12:00:00 AM,30089,13647,16442
8/12/2015 12:00:00 AM,11/7/2015 12:00:00 AM,30861,13676,17185
8/12/2015 12:00:00 AM,11/8/2015 12:00:00 AM,30621,13526,17095
8/12/2015 12:00:00 AM,11/9/2015 12:00:00 AM,28299,12613,15686
8/12/2015 12:00:00 AM,11/10/2015 12:00:00 AM,25089,10199,14890
8/12/2015 12:00:00 AM,11/11/2015 12:00:00 AM,25089,10199,14890
8/11/2015 12:00:00 AM,8/12/2015 12:00:00 AM,260,32,228
8/11/2015 12:00:00 AM,8/13/2015 12:00:00 AM,195,32,163
8/11/2015 12:00:00 AM,8/14/2015 12:00:00 AM,195,32,163
8/11/2015 12:00:00 AM,8/15/2015 12:00:00 AM,182,19,163
8/11/2015 12:00:00 AM,8/16/2015 12:00:00 AM,182,19,163
8/11/2015 12:00:00 AM,8/17/2015 12:00:00 AM,381,217,164
8/11/2015 12:00:00 AM,8/18/2015 12:00:00 AM,381,217,164
8/11/2015 12:00:00 AM,8/19/2015 12:00:00 AM,381,217,164
8/11/2015 12:00:00 AM,8/20/2015 12:00:00 AM,316,217,99
8/11/2015 12:00:00 AM,8/21/2015 12:00:00 AM,118,19,99
8/11/2015 12:00:00 AM,8/22/2015 12:00:00 AM,118,19,99
8/11/2015 12:00:00 AM,8/23/2015 12:00:00 AM,118,19,99
8/11/2015 12:00:00 AM,8/24/2015 12:00:00 AM,150,19,131
8/11/2015 12:00:00 AM,8/25/2015 12:00:00 AM,150,19,131
8/11/2015 12:00:00 AM,8/26/2015 12:00:00 AM,150,19,131
8/11/2015 12:00:00 AM,8/27/2015 12:00:00 AM,150,19,131
8/11/2015 12:00:00 AM,8/28/2015 12:00:00 AM,150,19,131
8/11/2015 12:00:00 AM,8/29/2015 12:00:00 AM,149,19,130
8/11/2015 12:00:00 AM,8/30/2015 12:00:00 AM,369,19,350
8/11/2015 12:00:00 AM,8/31/2015 12:00:00 AM,401,19,382
8/11/2015 12:00:00 AM,9/1/2015 12:00:00 AM,425,19,406
8/11/2015 12:00:00 AM,9/2/2015 12:00:00 AM,425,19,406
8/11/2015 12:00:00 AM,9/3/2015 12:00:00 AM,425,19,406
8/11/2015 12:00:00 AM,9/4/2015 12:00:00 AM,425,19,406
8/11/2015 12:00:00 AM,9/5/2015 12:00:00 AM,392,19,373
8/11/2015 12:00:00 AM,9/6/2015 12:00:00 AM,172,19,153
8/11/2015 12:00:00 AM,9/7/2015 12:00:00 AM,221,19,202
8/11/2015 12:00:00 AM,9/8/2015 12:00:00 AM,232,19,213
8/11/2015 12:00:00 AM,9/9/2015 12:00:00 AM,297,19,278
8/11/2015 12:00:00 AM,9/10/2015 12:00:00 AM,232,19,213
8/11/2015 12:00:00 AM,9/11/2015 12:00:00 AM,232,19,213
8/11/2015 12:00:00 AM,9/12/2015 12:00:00 AM,8844,5090,3754
8/11/2015 12:00:00 AM,9/13/2015 12:00:00 AM,9846,5590,4256
8/11/2015 12:00:00 AM,9/14/2015 12:00:00 AM,13512,6826,6686
8/11/2015 12:00:00 AM,9/15/2015 12:00:00 AM,13482,6826,6656
8/11/2015 12:00:00 AM,9/16/2015 12:00:00 AM,13947,6826,7121
8/11/2015 12:00:00 AM,9/17/2015 12:00:00 AM,13386,6265,7121
8/11/2015 12:00:00 AM,9/18/2015 12:00:00 AM,13854,6733,7121
8/11/2015 12:00:00 AM,9/19/2015 12:00:00 AM,15784,8055,7729
8/11/2015 12:00:00 AM,9/20/2015 12:00:00 AM,15478,8165,7313
8/11/2015 12:00:00 AM,9/21/2015 12:00:00 AM,17257,8264,8993
8/11/2015 12:00:00 AM,9/22/2015 12:00:00 AM,16009,7016,8993
8/11/2015 12:00:00 AM,9/23/2015 12:00:00 AM,16939,7166,9773
8/11/2015 12:00:00 AM,9/24/2015 12:00:00 AM,16769,7016,9753
8/11/2015 12:00:00 AM,9/25/2015 12:00:00 AM,16263,6957,9306
8/11/2015 12:00:00 AM,9/26/2015 12:00:00 AM,22407,11045,11362
8/11/2015 12:00:00 AM,9/27/2015 12:00:00 AM,20594,10311,10283
8/11/2015 12:00:00 AM,9/28/2015 12:00:00 AM,22303,10282,12021
8/11/2015 12:00:00 AM,9/29/2015 12:00:00 AM,22451,10427,12024
8/11/2015 12:00:00 AM,9/30/2015 12:00:00 AM,23271,11247,12024
8/11/2015 12:00:00 AM,10/1/2015 12:00:00 AM,24542,11519,13023
8/11/2015 12:00:00 AM,10/2/2015 12:00:00 AM,23939,11011,12928
8/11/2015 12:00:00 AM,10/3/2015 12:00:00 AM,26396,12169,14227
8/11/2015 12:00:00 AM,10/4/2015 12:00:00 AM,27669,12949,14720
8/11/2015 12:00:00 AM,10/5/2015 12:00:00 AM,28490,12870,15620
8/11/2015 12:00:00 AM,10/6/2015 12:00:00 AM,28786,12870,15916
8/11/2015 12:00:00 AM,10/7/2015 12:00:00 AM,28295,12369,15926
8/11/2015 12:00:00 AM,10/8/2015 12:00:00 AM,29568,12369,17199
8/11/2015 12:00:00 AM,10/9/2015 12:00:00 AM,29475,12869,16606
8/11/2015 12:00:00 AM,10/10/2015 12:00:00 AM,32705,15713,16992
8/11/2015 12:00:00 AM,10/11/2015 12:00:00 AM,32047,15629,16418
8/11/2015 12:00:00 AM,10/12/2015 12:00:00 AM,32010,15778,16232
8/11/2015 12:00:00 AM,10/13/2015 12:00:00 AM,29217,12661,16556
8/11/2015 12:00:00 AM,10/14/2015 12:00:00 AM,29202,12705,16497
8/11/2015 12:00:00 AM,10/15/2015 12:00:00 AM,29348,12689,16659
8/11/2015 12:00:00 AM,10/16/2015 12:00:00 AM,29423,13180,16243
8/11/2015 12:00:00 AM,10/17/2015 12:00:00 AM,33661,14335,19326
8/11/2015 12:00:00 AM,10/18/2015 12:00:00 AM,31759,13548,18211
8/11/2015 12:00:00 AM,10/19/2015 12:00:00 AM,33043,13049,19994
8/11/2015 12:00:00 AM,10/20/2015 12:00:00 AM,32149,12549,19600
8/11/2015 12:00:00 AM,10/21/2015 12:00:00 AM,31934,12549,19385
8/11/2015 12:00:00 AM,10/22/2015 12:00:00 AM,31820,12505,19315
8/11/2015 12:00:00 AM,10/23/2015 12:00:00 AM,32235,13187,19048
8/11/2015 12:00:00 AM,10/24/2015 12:00:00 AM,31689,13501,18188
8/11/2015 12:00:00 AM,10/25/2015 12:00:00 AM,31166,13032,18134
8/11/2015 12:00:00 AM,10/26/2015 12:00:00 AM,30322,12809,17513
8/11/2015 12:00:00 AM,10/27/2015 12:00:00 AM,28018,11047,16971
8/11/2015 12:00:00 AM,10/28/2015 12:00:00 AM,27051,10567,16484
8/11/2015 12:00:00 AM,10/29/2015 12:00:00 AM,26789,9757,17032
8/11/2015 12:00:00 AM,10/30/2015 12:00:00 AM,27912,9787,18125
8/11/2015 12:00:00 AM,10/31/2015 12:00:00 AM,32109,12671,19438
8/11/2015 12:00:00 AM,11/1/2015 12:00:00 AM,32652,13044,19608
8/11/2015 12:00:00 AM,11/2/2015 12:00:00 AM,32856,14092,18764
8/11/2015 12:00:00 AM,11/3/2015 12:00:00 AM,31506,13047,18459
8/11/2015 12:00:00 AM,11/4/2015 12:00:00 AM,31503,13047,18456
8/11/2015 12:00:00 AM,11/5/2015 12:00:00 AM,30690,13047,17643
8/11/2015 12:00:00 AM,11/6/2015 12:00:00 AM,31145,13647,17498
8/11/2015 12:00:00 AM,11/7/2015 12:00:00 AM,31917,13676,18241
8/11/2015 12:00:00 AM,11/8/2015 12:00:00 AM,31677,13526,18151
8/11/2015 12:00:00 AM,11/9/2015 12:00:00 AM,29355,12613,16742
8/11/2015 12:00:00 AM,11/10/2015 12:00:00 AM,26145,10199,15946
8/10/2015 12:00:00 AM,8/11/2015 12:00:00 AM,195,32,163
8/10/2015 12:00:00 AM,8/12/2015 12:00:00 AM,260,32,228
8/10/2015 12:00:00 AM,8/13/2015 12:00:00 AM,195,32,163
8/10/2015 12:00:00 AM,8/14/2015 12:00:00 AM,195,32,163
8/10/2015 12:00:00 AM,8/15/2015 12:00:00 AM,149,19,130
8/10/2015 12:00:00 AM,8/16/2015 12:00:00 AM,149,19,130
8/10/2015 12:00:00 AM,8/17/2015 12:00:00 AM,348,217,131
8/10/2015 12:00:00 AM,8/18/2015 12:00:00 AM,348,217,131
8/10/2015 12:00:00 AM,8/19/2015 12:00:00 AM,348,217,131
8/10/2015 12:00:00 AM,8/20/2015 12:00:00 AM,283,217,66
8/10/2015 12:00:00 AM,8/21/2015 12:00:00 AM,85,19,66
8/10/2015 12:00:00 AM,8/22/2015 12:00:00 AM,85,19,66
8/10/2015 12:00:00 AM,8/23/2015 12:00:00 AM,85,19,66
8/10/2015 12:00:00 AM,8/24/2015 12:00:00 AM,117,19,98
8/10/2015 12:00:00 AM,8/25/2015 12:00:00 AM,117,19,98
8/10/2015 12:00:00 AM,8/26/2015 12:00:00 AM,117,19,98
8/10/2015 12:00:00 AM,8/27/2015 12:00:00 AM,117,19,98
8/10/2015 12:00:00 AM,8/28/2015 12:00:00 AM,117,19,98
8/10/2015 12:00:00 AM,8/29/2015 12:00:00 AM,116,19,97
8/10/2015 12:00:00 AM,8/30/2015 12:00:00 AM,336,19,317
8/10/2015 12:00:00 AM,8/31/2015 12:00:00 AM,368,19,349
8/10/2015 12:00:00 AM,9/1/2015 12:00:00 AM,392,19,373
8/10/2015 12:00:00 AM,9/2/2015 12:00:00 AM,392,19,373
8/10/2015 12:00:00 AM,9/3/2015 12:00:00 AM,392,19,373
8/10/2015 12:00:00 AM,9/4/2015 12:00:00 AM,392,19,373
8/10/2015 12:00:00 AM,9/5/2015 12:00:00 AM,392,19,373
8/10/2015 12:00:00 AM,9/6/2015 12:00:00 AM,172,19,153
8/10/2015 12:00:00 AM,9/7/2015 12:00:00 AM,221,19,202
8/10/2015 12:00:00 AM,9/8/2015 12:00:00 AM,232,19,213
8/10/2015 12:00:00 AM,9/9/2015 12:00:00 AM,297,19,278
8/10/2015 12:00:00 AM,9/10/2015 12:00:00 AM,232,19,213
8/10/2015 12:00:00 AM,9/11/2015 12:00:00 AM,232,19,213
8/10/2015 12:00:00 AM,9/12/2015 12:00:00 AM,8614,4860,3754
8/10/2015 12:00:00 AM,9/13/2015 12:00:00 AM,9616,5360,4256
8/10/2015 12:00:00 AM,9/14/2015 12:00:00 AM,13196,6596,6600
8/10/2015 12:00:00 AM,9/15/2015 12:00:00 AM,13166,6596,6570
8/10/2015 12:00:00 AM,9/16/2015 12:00:00 AM,13631,6596,7035
8/10/2015 12:00:00 AM,9/17/2015 12:00:00 AM,13070,6035,7035
8/10/2015 12:00:00 AM,9/18/2015 12:00:00 AM,13538,6503,7035
8/10/2015 12:00:00 AM,9/19/2015 12:00:00 AM,15238,7825,7413
8/10/2015 12:00:00 AM,9/20/2015 12:00:00 AM,14932,7935,6997
8/10/2015 12:00:00 AM,9/21/2015 12:00:00 AM,16538,8034,8504
8/10/2015 12:00:00 AM,9/22/2015 12:00:00 AM,15290,6786,8504
8/10/2015 12:00:00 AM,9/23/2015 12:00:00 AM,16220,6936,9284
8/10/2015 12:00:00 AM,9/24/2015 12:00:00 AM,16050,6786,9264
8/10/2015 12:00:00 AM,9/25/2015 12:00:00 AM,15544,6727,8817
8/10/2015 12:00:00 AM,9/26/2015 12:00:00 AM,20795,10815,9980
8/10/2015 12:00:00 AM,9/27/2015 12:00:00 AM,18982,10081,8901
8/10/2015 12:00:00 AM,9/28/2015 12:00:00 AM,20520,10052,10468
8/10/2015 12:00:00 AM,9/29/2015 12:00:00 AM,20668,10197,10471
8/10/2015 12:00:00 AM,9/30/2015 12:00:00 AM,21488,11017,10471
8/10/2015 12:00:00 AM,10/1/2015 12:00:00 AM,22759,11289,11470
8/10/2015 12:00:00 AM,10/2/2015 12:00:00 AM,22198,10781,11417
8/10/2015 12:00:00 AM,10/3/2015 12:00:00 AM,24826,11939,12887
8/10/2015 12:00:00 AM,10/4/2015 12:00:00 AM,26099,12719,13380
8/10/2015 12:00:00 AM,10/5/2015 12:00:00 AM,26839,12640,14199
8/10/2015 12:00:00 AM,10/6/2015 12:00:00 AM,27135,12640,14495
8/10/2015 12:00:00 AM,10/7/2015 12:00:00 AM,26644,12139,14505
8/10/2015 12:00:00 AM,10/8/2015 12:00:00 AM,27917,12139,15778
8/10/2015 12:00:00 AM,10/9/2015 12:00:00 AM,27824,12639,15185
8/10/2015 12:00:00 AM,10/10/2015 12:00:00 AM,31985,15713,16272
8/10/2015 12:00:00 AM,10/11/2015 12:00:00 AM,31643,15629,16014
8/10/2015 12:00:00 AM,10/12/2015 12:00:00 AM,30817,15778,15039
8/10/2015 12:00:00 AM,10/13/2015 12:00:00 AM,28024,12661,15363
8/10/2015 12:00:00 AM,10/14/2015 12:00:00 AM,28009,12705,15304
8/10/2015 12:00:00 AM,10/15/2015 12:00:00 AM,28155,12689,15466
8/10/2015 12:00:00 AM,10/16/2015 12:00:00 AM,28318,13180,15138
8/10/2015 12:00:00 AM,10/17/2015 12:00:00 AM,32724,14335,18389
8/10/2015 12:00:00 AM,10/18/2015 12:00:00 AM,30822,13548,17274
8/10/2015 12:00:00 AM,10/19/2015 12:00:00 AM,30861,13049,17812
8/10/2015 12:00:00 AM,10/20/2015 12:00:00 AM,29967,12549,17418
8/10/2015 12:00:00 AM,10/21/2015 12:00:00 AM,29752,12549,17203
8/10/2015 12:00:00 AM,10/22/2015 12:00:00 AM,29638,12505,17133
8/10/2015 12:00:00 AM,10/23/2015 12:00:00 AM,30053,13187,16866
8/10/2015 12:00:00 AM,10/24/2015 12:00:00 AM,29594,13501,16093
8/10/2015 12:00:00 AM,10/25/2015 12:00:00 AM,29071,13032,16039
8/10/2015 12:00:00 AM,10/26/2015 12:00:00 AM,28183,12809,15374
8/10/2015 12:00:00 AM,10/27/2015 12:00:00 AM,25649,10817,14832
8/10/2015 12:00:00 AM,10/28/2015 12:00:00 AM,25303,10337,14966
8/10/2015 12:00:00 AM,10/29/2015 12:00:00 AM,25041,9527,15514
8/10/2015 12:00:00 AM,10/30/2015 12:00:00 AM,26164,9557,16607
8/10/2015 12:00:00 AM,10/31/2015 12:00:00 AM,29772,12441,17331
8/10/2015 12:00:00 AM,11/1/2015 12:00:00 AM,30315,12814,17501
8/10/2015 12:00:00 AM,11/2/2015 12:00:00 AM,30475,13862,16613
8/10/2015 12:00:00 AM,11/3/2015 12:00:00 AM,29125,12817,16308
8/10/2015 12:00:00 AM,11/4/2015 12:00:00 AM,29122,12817,16305
8/10/2015 12:00:00 AM,11/5/2015 12:00:00 AM,28309,12817,15492
8/10/2015 12:00:00 AM,11/6/2015 12:00:00 AM,28164,12817,15347
8/10/2015 12:00:00 AM,11/7/2015 12:00:00 AM,29053,12846,16207
8/10/2015 12:00:00 AM,11/8/2015 12:00:00 AM,28813,12696,16117
8/10/2015 12:00:00 AM,11/9/2015 12:00:00 AM,26447,11783,14664
8/9/2015 12:00:00 AM,8/10/2015 12:00:00 AM,195,32,163
8/9/2015 12:00:00 AM,8/11/2015 12:00:00 AM,195,32,163
8/9/2015 12:00:00 AM,8/12/2015 12:00:00 AM,260,32,228
8/9/2015 12:00:00 AM,8/13/2015 12:00:00 AM,195,32,163
8/9/2015 12:00:00 AM,8/14/2015 12:00:00 AM,195,32,163
8/9/2015 12:00:00 AM,8/15/2015 12:00:00 AM,149,19,130
8/9/2015 12:00:00 AM,8/16/2015 12:00:00 AM,149,19,130
8/9/2015 12:00:00 AM,8/17/2015 12:00:00 AM,348,217,131
8/9/2015 12:00:00 AM,8/18/2015 12:00:00 AM,348,217,131
8/9/2015 12:00:00 AM,8/19/2015 12:00:00 AM,348,217,131
8/9/2015 12:00:00 AM,8/20/2015 12:00:00 AM,283,217,66
8/9/2015 12:00:00 AM,8/21/2015 12:00:00 AM,85,19,66
8/9/2015 12:00:00 AM,8/22/2015 12:00:00 AM,85,19,66
8/9/2015 12:00:00 AM,8/23/2015 12:00:00 AM,85,19,66
8/9/2015 12:00:00 AM,8/24/2015 12:00:00 AM,117,19,98
8/9/2015 12:00:00 AM,8/25/2015 12:00:00 AM,117,19,98
8/9/2015 12:00:00 AM,8/26/2015 12:00:00 AM,117,19,98
8/9/2015 12:00:00 AM,8/27/2015 12:00:00 AM,117,19,98
8/9/2015 12:00:00 AM,8/28/2015 12:00:00 AM,117,19,98
8/9/2015 12:00:00 AM,8/29/2015 12:00:00 AM,116,19,97
8/9/2015 12:00:00 AM,8/30/2015 12:00:00 AM,336,19,317
8/9/2015 12:00:00 AM,8/31/2015 12:00:00 AM,368,19,349
8/9/2015 12:00:00 AM,9/1/2015 12:00:00 AM,392,19,373
8/9/2015 12:00:00 AM,9/2/2015 12:00:00 AM,392,19,373
8/9/2015 12:00:00 AM,9/3/2015 12:00:00 AM,392,19,373
8/9/2015 12:00:00 AM,9/4/2015 12:00:00 AM,392,19,373
8/9/2015 12:00:00 AM,9/5/2015 12:00:00 AM,392,19,373
8/9/2015 12:00:00 AM,9/6/2015 12:00:00 AM,172,19,153
8/9/2015 12:00:00 AM,9/7/2015 12:00:00 AM,221,19,202
8/9/2015 12:00:00 AM,9/8/2015 12:00:00 AM,232,19,213
8/9/2015 12:00:00 AM,9/9/2015 12:00:00 AM,297,19,278
8/9/2015 12:00:00 AM,9/10/2015 12:00:00 AM,232,19,213
8/9/2015 12:00:00 AM,9/11/2015 12:00:00 AM,232,19,213
8/9/2015 12:00:00 AM,9/12/2015 12:00:00 AM,8614,4860,3754
8/9/2015 12:00:00 AM,9/13/2015 12:00:00 AM,9616,5360,4256
8/9/2015 12:00:00 AM,9/14/2015 12:00:00 AM,13196,6596,6600
8/9/2015 12:00:00 AM,9/15/2015 12:00:00 AM,13166,6596,6570
8/9/2015 12:00:00 AM,9/16/2015 12:00:00 AM,13631,6596,7035
8/9/2015 12:00:00 AM,9/17/2015 12:00:00 AM,13070,6035,7035
8/9/2015 12:00:00 AM,9/18/2015 12:00:00 AM,13538,6503,7035
8/9/2015 12:00:00 AM,9/19/2015 12:00:00 AM,15238,7825,7413
8/9/2015 12:00:00 AM,9/20/2015 12:00:00 AM,14932,7935,6997
8/9/2015 12:00:00 AM,9/21/2015 12:00:00 AM,16538,8034,8504
8/9/2015 12:00:00 AM,9/22/2015 12:00:00 AM,15290,6786,8504
8/9/2015 12:00:00 AM,9/23/2015 12:00:00 AM,16220,6936,9284
8/9/2015 12:00:00 AM,9/24/2015 12:00:00 AM,16050,6786,9264
8/9/2015 12:00:00 AM,9/25/2015 12:00:00 AM,15544,6727,8817
8/9/2015 12:00:00 AM,9/26/2015 12:00:00 AM,20795,10815,9980
8/9/2015 12:00:00 AM,9/27/2015 12:00:00 AM,18982,10081,8901
8/9/2015 12:00:00 AM,9/28/2015 12:00:00 AM,20520,10052,10468
8/9/2015 12:00:00 AM,9/29/2015 12:00:00 AM,20668,10197,10471
8/9/2015 12:00:00 AM,9/30/2015 12:00:00 AM,21488,11017,10471
8/9/2015 12:00:00 AM,10/1/2015 12:00:00 AM,22759,11289,11470
8/9/2015 12:00:00 AM,10/2/2015 12:00:00 AM,22198,10781,11417
8/9/2015 12:00:00 AM,10/3/2015 12:00:00 AM,24826,11939,12887
8/9/2015 12:00:00 AM,10/4/2015 12:00:00 AM,26099,12719,13380
8/9/2015 12:00:00 AM,10/5/2015 12:00:00 AM,26839,12640,14199
8/9/2015 12:00:00 AM,10/6/2015 12:00:00 AM,27135,12640,14495
8/9/2015 12:00:00 AM,10/7/2015 12:00:00 AM,26644,12139,14505
8/9/2015 12:00:00 AM,10/8/2015 12:00:00 AM,27917,12139,15778
8/9/2015 12:00:00 AM,10/9/2015 12:00:00 AM,27824,12639,15185
8/9/2015 12:00:00 AM,10/10/2015 12:00:00 AM,31985,15713,16272
8/9/2015 12:00:00 AM,10/11/2015 12:00:00 AM,31643,15629,16014
8/9/2015 12:00:00 AM,10/12/2015 12:00:00 AM,30817,15778,15039
8/9/2015 12:00:00 AM,10/13/2015 12:00:00 AM,28024,12661,15363
8/9/2015 12:00:00 AM,10/14/2015 12:00:00 AM,28009,12705,15304
8/9/2015 12:00:00 AM,10/15/2015 12:00:00 AM,28155,12689,15466
8/9/2015 12:00:00 AM,10/16/2015 12:00:00 AM,28318,13180,15138
8/9/2015 12:00:00 AM,10/17/2015 12:00:00 AM,32724,14335,18389
8/9/2015 12:00:00 AM,10/18/2015 12:00:00 AM,30822,13548,17274
8/9/2015 12:00:00 AM,10/19/2015 12:00:00 AM,30861,13049,17812
8/9/2015 12:00:00 AM,10/20/2015 12:00:00 AM,29967,12549,17418
8/9/2015 12:00:00 AM,10/21/2015 12:00:00 AM,29752,12549,17203
8/9/2015 12:00:00 AM,10/22/2015 12:00:00 AM,29638,12505,17133
8/9/2015 12:00:00 AM,10/23/2015 12:00:00 AM,30053,13187,16866
8/9/2015 12:00:00 AM,10/24/2015 12:00:00 AM,29594,13501,16093
8/9/2015 12:00:00 AM,10/25/2015 12:00:00 AM,29071,13032,16039
8/9/2015 12:00:00 AM,10/26/2015 12:00:00 AM,28183,12809,15374
8/9/2015 12:00:00 AM,10/27/2015 12:00:00 AM,25649,10817,14832
8/9/2015 12:00:00 AM,10/28/2015 12:00:00 AM,25303,10337,14966
8/9/2015 12:00:00 AM,10/29/2015 12:00:00 AM,25041,9527,15514
8/9/2015 12:00:00 AM,10/30/2015 12:00:00 AM,26164,9557,16607
8/9/2015 12:00:00 AM,10/31/2015 12:00:00 AM,29772,12441,17331
8/9/2015 12:00:00 AM,11/1/2015 12:00:00 AM,30315,12814,17501
8/9/2015 12:00:00 AM,11/2/2015 12:00:00 AM,30475,13862,16613
8/9/2015 12:00:00 AM,11/3/2015 12:00:00 AM,29125,12817,16308
8/9/2015 12:00:00 AM,11/4/2015 12:00:00 AM,29122,12817,16305
8/9/2015 12:00:00 AM,11/5/2015 12:00:00 AM,28309,12817,15492
8/9/2015 12:00:00 AM,11/6/2015 12:00:00 AM,28164,12817,15347
8/9/2015 12:00:00 AM,11/7/2015 12:00:00 AM,29053,12846,16207
8/9/2015 12:00:00 AM,11/8/2015 12:00:00 AM,28813,12696,16117
8/8/2015 12:00:00 AM,8/9/2015 12:00:00 AM,117,19,98
8/8/2015 12:00:00 AM,8/10/2015 12:00:00 AM,195,32,163
8/8/2015 12:00:00 AM,8/11/2015 12:00:00 AM,195,32,163
8/8/2015 12:00:00 AM,8/12/2015 12:00:00 AM,260,32,228
8/8/2015 12:00:00 AM,8/13/2015 12:00:00 AM,195,32,163
8/8/2015 12:00:00 AM,8/14/2015 12:00:00 AM,195,32,163
8/8/2015 12:00:00 AM,8/15/2015 12:00:00 AM,149,19,130
8/8/2015 12:00:00 AM,8/16/2015 12:00:00 AM,149,19,130
8/8/2015 12:00:00 AM,8/17/2015 12:00:00 AM,348,217,131
8/8/2015 12:00:00 AM,8/18/2015 12:00:00 AM,348,217,131
8/8/2015 12:00:00 AM,8/19/2015 12:00:00 AM,348,217,131
8/8/2015 12:00:00 AM,8/20/2015 12:00:00 AM,283,217,66
8/8/2015 12:00:00 AM,8/21/2015 12:00:00 AM,85,19,66
8/8/2015 12:00:00 AM,8/22/2015 12:00:00 AM,85,19,66
8/8/2015 12:00:00 AM,8/23/2015 12:00:00 AM,85,19,66
8/8/2015 12:00:00 AM,8/24/2015 12:00:00 AM,117,19,98
8/8/2015 12:00:00 AM,8/25/2015 12:00:00 AM,117,19,98
8/8/2015 12:00:00 AM,8/26/2015 12:00:00 AM,117,19,98
8/8/2015 12:00:00 AM,8/27/2015 12:00:00 AM,117,19,98
8/8/2015 12:00:00 AM,8/28/2015 12:00:00 AM,117,19,98
8/8/2015 12:00:00 AM,8/29/2015 12:00:00 AM,116,19,97
8/8/2015 12:00:00 AM,8/30/2015 12:00:00 AM,336,19,317
8/8/2015 12:00:00 AM,8/31/2015 12:00:00 AM,368,19,349
8/8/2015 12:00:00 AM,9/1/2015 12:00:00 AM,392,19,373
8/8/2015 12:00:00 AM,9/2/2015 12:00:00 AM,392,19,373
8/8/2015 12:00:00 AM,9/3/2015 12:00:00 AM,392,19,373
8/8/2015 12:00:00 AM,9/4/2015 12:00:00 AM,392,19,373
8/8/2015 12:00:00 AM,9/5/2015 12:00:00 AM,392,19,373
8/8/2015 12:00:00 AM,9/6/2015 12:00:00 AM,172,19,153
8/8/2015 12:00:00 AM,9/7/2015 12:00:00 AM,221,19,202
8/8/2015 12:00:00 AM,9/8/2015 12:00:00 AM,232,19,213
8/8/2015 12:00:00 AM,9/9/2015 12:00:00 AM,297,19,278
8/8/2015 12:00:00 AM,9/10/2015 12:00:00 AM,232,19,213
8/8/2015 12:00:00 AM,9/11/2015 12:00:00 AM,232,19,213
8/8/2015 12:00:00 AM,9/12/2015 12:00:00 AM,8614,4860,3754
8/8/2015 12:00:00 AM,9/13/2015 12:00:00 AM,9616,5360,4256
8/8/2015 12:00:00 AM,9/14/2015 12:00:00 AM,13196,6596,6600
8/8/2015 12:00:00 AM,9/15/2015 12:00:00 AM,13166,6596,6570
8/8/2015 12:00:00 AM,9/16/2015 12:00:00 AM,13631,6596,7035
8/8/2015 12:00:00 AM,9/17/2015 12:00:00 AM,13070,6035,7035
8/8/2015 12:00:00 AM,9/18/2015 12:00:00 AM,13538,6503,7035
8/8/2015 12:00:00 AM,9/19/2015 12:00:00 AM,15238,7825,7413
8/8/2015 12:00:00 AM,9/20/2015 12:00:00 AM,14932,7935,6997
8/8/2015 12:00:00 AM,9/21/2015 12:00:00 AM,16538,8034,8504
8/8/2015 12:00:00 AM,9/22/2015 12:00:00 AM,15290,6786,8504
8/8/2015 12:00:00 AM,9/23/2015 12:00:00 AM,16220,6936,9284
8/8/2015 12:00:00 AM,9/24/2015 12:00:00 AM,16050,6786,9264
8/8/2015 12:00:00 AM,9/25/2015 12:00:00 AM,15544,6727,8817
8/8/2015 12:00:00 AM,9/26/2015 12:00:00 AM,20795,10815,9980
8/8/2015 12:00:00 AM,9/27/2015 12:00:00 AM,18982,10081,8901
8/8/2015 12:00:00 AM,9/28/2015 12:00:00 AM,20520,10052,10468
8/8/2015 12:00:00 AM,9/29/2015 12:00:00 AM,20668,10197,10471
8/8/2015 12:00:00 AM,9/30/2015 12:00:00 AM,21488,11017,10471
8/8/2015 12:00:00 AM,10/1/2015 12:00:00 AM,22759,11289,11470
8/8/2015 12:00:00 AM,10/2/2015 12:00:00 AM,22198,10781,11417
8/8/2015 12:00:00 AM,10/3/2015 12:00:00 AM,24826,11939,12887
8/8/2015 12:00:00 AM,10/4/2015 12:00:00 AM,26099,12719,13380
8/8/2015 12:00:00 AM,10/5/2015 12:00:00 AM,26839,12640,14199
8/8/2015 12:00:00 AM,10/6/2015 12:00:00 AM,27135,12640,14495
8/8/2015 12:00:00 AM,10/7/2015 12:00:00 AM,26644,12139,14505
8/8/2015 12:00:00 AM,10/8/2015 12:00:00 AM,27917,12139,15778
8/8/2015 12:00:00 AM,10/9/2015 12:00:00 AM,27824,12639,15185
8/8/2015 12:00:00 AM,10/10/2015 12:00:00 AM,31985,15713,16272
8/8/2015 12:00:00 AM,10/11/2015 12:00:00 AM,31643,15629,16014
8/8/2015 12:00:00 AM,10/12/2015 12:00:00 AM,30817,15778,15039
8/8/2015 12:00:00 AM,10/13/2015 12:00:00 AM,28024,12661,15363
8/8/2015 12:00:00 AM,10/14/2015 12:00:00 AM,28009,12705,15304
8/8/2015 12:00:00 AM,10/15/2015 12:00:00 AM,28155,12689,15466
8/8/2015 12:00:00 AM,10/16/2015 12:00:00 AM,28318,13180,15138
8/8/2015 12:00:00 AM,10/17/2015 12:00:00 AM,32724,14335,18389
8/8/2015 12:00:00 AM,10/18/2015 12:00:00 AM,30822,13548,17274
8/8/2015 12:00:00 AM,10/19/2015 12:00:00 AM,30861,13049,17812
8/8/2015 12:00:00 AM,10/20/2015 12:00:00 AM,29967,12549,17418
8/8/2015 12:00:00 AM,10/21/2015 12:00:00 AM,29752,12549,17203
8/8/2015 12:00:00 AM,10/22/2015 12:00:00 AM,29638,12505,17133
8/8/2015 12:00:00 AM,10/23/2015 12:00:00 AM,30053,13187,16866
8/8/2015 12:00:00 AM,10/24/2015 12:00:00 AM,29594,13501,16093
8/8/2015 12:00:00 AM,10/25/2015 12:00:00 AM,29071,13032,16039
8/8/2015 12:00:00 AM,10/26/2015 12:00:00 AM,28183,12809,15374
8/8/2015 12:00:00 AM,10/27/2015 12:00:00 AM,25649,10817,14832
8/8/2015 12:00:00 AM,10/28/2015 12:00:00 AM,25303,10337,14966
8/8/2015 12:00:00 AM,10/29/2015 12:00:00 AM,25041,9527,15514
8/8/2015 12:00:00 AM,10/30/2015 12:00:00 AM,26164,9557,16607
8/8/2015 12:00:00 AM,10/31/2015 12:00:00 AM,29772,12441,17331
8/8/2015 12:00:00 AM,11/1/2015 12:00:00 AM,30315,12814,17501
8/8/2015 12:00:00 AM,11/2/2015 12:00:00 AM,30475,13862,16613
8/8/2015 12:00:00 AM,11/3/2015 12:00:00 AM,29125,12817,16308
8/8/2015 12:00:00 AM,11/4/2015 12:00:00 AM,29122,12817,16305
8/8/2015 12:00:00 AM,11/5/2015 12:00:00 AM,28309,12817,15492
8/8/2015 12:00:00 AM,11/6/2015 12:00:00 AM,28164,12817,15347
8/8/2015 12:00:00 AM,11/7/2015 12:00:00 AM,29053,12846,16207
8/7/2015 12:00:00 AM,8/8/2015 12:00:00 AM,117,19,98
8/7/2015 12:00:00 AM,8/9/2015 12:00:00 AM,117,19,98
8/7/2015 12:00:00 AM,8/10/2015 12:00:00 AM,195,32,163
8/7/2015 12:00:00 AM,8/11/2015 12:00:00 AM,195,32,163
8/7/2015 12:00:00 AM,8/12/2015 12:00:00 AM,260,32,228
8/7/2015 12:00:00 AM,8/13/2015 12:00:00 AM,195,32,163
8/7/2015 12:00:00 AM,8/14/2015 12:00:00 AM,195,32,163
8/7/2015 12:00:00 AM,8/15/2015 12:00:00 AM,149,19,130
8/7/2015 12:00:00 AM,8/16/2015 12:00:00 AM,149,19,130
8/7/2015 12:00:00 AM,8/17/2015 12:00:00 AM,348,217,131
8/7/2015 12:00:00 AM,8/18/2015 12:00:00 AM,348,217,131
8/7/2015 12:00:00 AM,8/19/2015 12:00:00 AM,348,217,131
8/7/2015 12:00:00 AM,8/20/2015 12:00:00 AM,283,217,66
8/7/2015 12:00:00 AM,8/21/2015 12:00:00 AM,85,19,66
8/7/2015 12:00:00 AM,8/22/2015 12:00:00 AM,85,19,66
8/7/2015 12:00:00 AM,8/23/2015 12:00:00 AM,85,19,66
8/7/2015 12:00:00 AM,8/24/2015 12:00:00 AM,117,19,98
8/7/2015 12:00:00 AM,8/25/2015 12:00:00 AM,117,19,98
8/7/2015 12:00:00 AM,8/26/2015 12:00:00 AM,117,19,98
8/7/2015 12:00:00 AM,8/27/2015 12:00:00 AM,117,19,98
8/7/2015 12:00:00 AM,8/28/2015 12:00:00 AM,117,19,98
8/7/2015 12:00:00 AM,8/29/2015 12:00:00 AM,116,19,97
8/7/2015 12:00:00 AM,8/30/2015 12:00:00 AM,336,19,317
8/7/2015 12:00:00 AM,8/31/2015 12:00:00 AM,368,19,349
8/7/2015 12:00:00 AM,9/1/2015 12:00:00 AM,392,19,373
8/7/2015 12:00:00 AM,9/2/2015 12:00:00 AM,392,19,373
8/7/2015 12:00:00 AM,9/3/2015 12:00:00 AM,392,19,373
8/7/2015 12:00:00 AM,9/4/2015 12:00:00 AM,392,19,373
8/7/2015 12:00:00 AM,9/5/2015 12:00:00 AM,392,19,373
8/7/2015 12:00:00 AM,9/6/2015 12:00:00 AM,172,19,153
8/7/2015 12:00:00 AM,9/7/2015 12:00:00 AM,221,19,202
8/7/2015 12:00:00 AM,9/8/2015 12:00:00 AM,232,19,213
8/7/2015 12:00:00 AM,9/9/2015 12:00:00 AM,297,19,278
8/7/2015 12:00:00 AM,9/10/2015 12:00:00 AM,232,19,213
8/7/2015 12:00:00 AM,9/11/2015 12:00:00 AM,232,19,213
8/7/2015 12:00:00 AM,9/12/2015 12:00:00 AM,8614,4860,3754
8/7/2015 12:00:00 AM,9/13/2015 12:00:00 AM,9616,5360,4256
8/7/2015 12:00:00 AM,9/14/2015 12:00:00 AM,13196,6596,6600
8/7/2015 12:00:00 AM,9/15/2015 12:00:00 AM,13166,6596,6570
8/7/2015 12:00:00 AM,9/16/2015 12:00:00 AM,13631,6596,7035
8/7/2015 12:00:00 AM,9/17/2015 12:00:00 AM,13070,6035,7035
8/7/2015 12:00:00 AM,9/18/2015 12:00:00 AM,13538,6503,7035
8/7/2015 12:00:00 AM,9/19/2015 12:00:00 AM,15238,7825,7413
8/7/2015 12:00:00 AM,9/20/2015 12:00:00 AM,14932,7935,6997
8/7/2015 12:00:00 AM,9/21/2015 12:00:00 AM,16538,8034,8504
8/7/2015 12:00:00 AM,9/22/2015 12:00:00 AM,15290,6786,8504
8/7/2015 12:00:00 AM,9/23/2015 12:00:00 AM,16220,6936,9284
8/7/2015 12:00:00 AM,9/24/2015 12:00:00 AM,16050,6786,9264
8/7/2015 12:00:00 AM,9/25/2015 12:00:00 AM,15544,6727,8817
8/7/2015 12:00:00 AM,9/26/2015 12:00:00 AM,20795,10815,9980
8/7/2015 12:00:00 AM,9/27/2015 12:00:00 AM,18982,10081,8901
8/7/2015 12:00:00 AM,9/28/2015 12:00:00 AM,20520,10052,10468
8/7/2015 12:00:00 AM,9/29/2015 12:00:00 AM,20668,10197,10471
8/7/2015 12:00:00 AM,9/30/2015 12:00:00 AM,21488,11017,10471
8/7/2015 12:00:00 AM,10/1/2015 12:00:00 AM,22759,11289,11470
8/7/2015 12:00:00 AM,10/2/2015 12:00:00 AM,22198,10781,11417
8/7/2015 12:00:00 AM,10/3/2015 12:00:00 AM,24826,11939,12887
8/7/2015 12:00:00 AM,10/4/2015 12:00:00 AM,26099,12719,13380
8/7/2015 12:00:00 AM,10/5/2015 12:00:00 AM,26839,12640,14199
8/7/2015 12:00:00 AM,10/6/2015 12:00:00 AM,27135,12640,14495
8/7/2015 12:00:00 AM,10/7/2015 12:00:00 AM,26644,12139,14505
8/7/2015 12:00:00 AM,10/8/2015 12:00:00 AM,27917,12139,15778
8/7/2015 12:00:00 AM,10/9/2015 12:00:00 AM,27824,12639,15185
8/7/2015 12:00:00 AM,10/10/2015 12:00:00 AM,31985,15713,16272
8/7/2015 12:00:00 AM,10/11/2015 12:00:00 AM,31643,15629,16014
8/7/2015 12:00:00 AM,10/12/2015 12:00:00 AM,30817,15778,15039
8/7/2015 12:00:00 AM,10/13/2015 12:00:00 AM,28024,12661,15363
8/7/2015 12:00:00 AM,10/14/2015 12:00:00 AM,28009,12705,15304
8/7/2015 12:00:00 AM,10/15/2015 12:00:00 AM,28155,12689,15466
8/7/2015 12:00:00 AM,10/16/2015 12:00:00 AM,28318,13180,15138
8/7/2015 12:00:00 AM,10/17/2015 12:00:00 AM,32724,14335,18389
8/7/2015 12:00:00 AM,10/18/2015 12:00:00 AM,30822,13548,17274
8/7/2015 12:00:00 AM,10/19/2015 12:00:00 AM,30861,13049,17812
8/7/2015 12:00:00 AM,10/20/2015 12:00:00 AM,29967,12549,17418
8/7/2015 12:00:00 AM,10/21/2015 12:00:00 AM,29752,12549,17203
8/7/2015 12:00:00 AM,10/22/2015 12:00:00 AM,29638,12505,17133
8/7/2015 12:00:00 AM,10/23/2015 12:00:00 AM,30053,13187,16866
8/7/2015 12:00:00 AM,10/24/2015 12:00:00 AM,29594,13501,16093
8/7/2015 12:00:00 AM,10/25/2015 12:00:00 AM,29071,13032,16039
8/7/2015 12:00:00 AM,10/26/2015 12:00:00 AM,28183,12809,15374
8/7/2015 12:00:00 AM,10/27/2015 12:00:00 AM,25649,10817,14832
8/7/2015 12:00:00 AM,10/28/2015 12:00:00 AM,25303,10337,14966
8/7/2015 12:00:00 AM,10/29/2015 12:00:00 AM,25041,9527,15514
8/7/2015 12:00:00 AM,10/30/2015 12:00:00 AM,26164,9557,16607
8/7/2015 12:00:00 AM,10/31/2015 12:00:00 AM,29772,12441,17331
8/7/2015 12:00:00 AM,11/1/2015 12:00:00 AM,30315,12814,17501
8/7/2015 12:00:00 AM,11/2/2015 12:00:00 AM,30475,13862,16613
8/7/2015 12:00:00 AM,11/3/2015 12:00:00 AM,29125,12817,16308
8/7/2015 12:00:00 AM,11/4/2015 12:00:00 AM,29122,12817,16305
8/7/2015 12:00:00 AM,11/5/2015 12:00:00 AM,28309,12817,15492
8/7/2015 12:00:00 AM,11/6/2015 12:00:00 AM,28164,12817,15347
8/6/2015 12:00:00 AM,8/7/2015 12:00:00 AM,117,19,98
8/6/2015 12:00:00 AM,8/8/2015 12:00:00 AM,117,19,98
8/6/2015 12:00:00 AM,8/9/2015 12:00:00 AM,117,19,98
8/6/2015 12:00:00 AM,8/10/2015 12:00:00 AM,195,32,163
8/6/2015 12:00:00 AM,8/11/2015 12:00:00 AM,195,32,163
8/6/2015 12:00:00 AM,8/12/2015 12:00:00 AM,260,32,228
8/6/2015 12:00:00 AM,8/13/2015 12:00:00 AM,195,32,163
8/6/2015 12:00:00 AM,8/14/2015 12:00:00 AM,195,32,163
8/6/2015 12:00:00 AM,8/15/2015 12:00:00 AM,149,19,130
8/6/2015 12:00:00 AM,8/16/2015 12:00:00 AM,149,19,130
8/6/2015 12:00:00 AM,8/17/2015 12:00:00 AM,348,217,131
8/6/2015 12:00:00 AM,8/18/2015 12:00:00 AM,348,217,131
8/6/2015 12:00:00 AM,8/19/2015 12:00:00 AM,348,217,131
8/6/2015 12:00:00 AM,8/20/2015 12:00:00 AM,283,217,66
8/6/2015 12:00:00 AM,8/21/2015 12:00:00 AM,85,19,66
8/6/2015 12:00:00 AM,8/22/2015 12:00:00 AM,85,19,66
8/6/2015 12:00:00 AM,8/23/2015 12:00:00 AM,85,19,66
8/6/2015 12:00:00 AM,8/24/2015 12:00:00 AM,117,19,98
8/6/2015 12:00:00 AM,8/25/2015 12:00:00 AM,117,19,98
8/6/2015 12:00:00 AM,8/26/2015 12:00:00 AM,117,19,98
8/6/2015 12:00:00 AM,8/27/2015 12:00:00 AM,117,19,98
8/6/2015 12:00:00 AM,8/28/2015 12:00:00 AM,117,19,98
8/6/2015 12:00:00 AM,8/29/2015 12:00:00 AM,116,19,97
8/6/2015 12:00:00 AM,8/30/2015 12:00:00 AM,336,19,317
8/6/2015 12:00:00 AM,8/31/2015 12:00:00 AM,368,19,349
8/6/2015 12:00:00 AM,9/1/2015 12:00:00 AM,405,32,373
8/6/2015 12:00:00 AM,9/2/2015 12:00:00 AM,405,32,373
8/6/2015 12:00:00 AM,9/3/2015 12:00:00 AM,405,32,373
8/6/2015 12:00:00 AM,9/4/2015 12:00:00 AM,405,32,373
8/6/2015 12:00:00 AM,9/5/2015 12:00:00 AM,405,32,373
8/6/2015 12:00:00 AM,9/6/2015 12:00:00 AM,185,32,153
8/6/2015 12:00:00 AM,9/7/2015 12:00:00 AM,234,32,202
8/6/2015 12:00:00 AM,9/8/2015 12:00:00 AM,245,32,213
8/6/2015 12:00:00 AM,9/9/2015 12:00:00 AM,310,32,278
8/6/2015 12:00:00 AM,9/10/2015 12:00:00 AM,245,32,213
8/6/2015 12:00:00 AM,9/11/2015 12:00:00 AM,245,32,213
8/6/2015 12:00:00 AM,9/12/2015 12:00:00 AM,8597,4873,3724
8/6/2015 12:00:00 AM,9/13/2015 12:00:00 AM,9599,5373,4226
8/6/2015 12:00:00 AM,9/14/2015 12:00:00 AM,13179,6609,6570
8/6/2015 12:00:00 AM,9/15/2015 12:00:00 AM,13149,6609,6540
8/6/2015 12:00:00 AM,9/16/2015 12:00:00 AM,13614,6609,7005
8/6/2015 12:00:00 AM,9/17/2015 12:00:00 AM,13053,6048,7005
8/6/2015 12:00:00 AM,9/18/2015 12:00:00 AM,13521,6516,7005
8/6/2015 12:00:00 AM,9/19/2015 12:00:00 AM,15221,7838,7383
8/6/2015 12:00:00 AM,9/20/2015 12:00:00 AM,14915,7948,6967
8/6/2015 12:00:00 AM,9/21/2015 12:00:00 AM,16521,8047,8474
8/6/2015 12:00:00 AM,9/22/2015 12:00:00 AM,15273,6799,8474
8/6/2015 12:00:00 AM,9/23/2015 12:00:00 AM,16203,6949,9254
8/6/2015 12:00:00 AM,9/24/2015 12:00:00 AM,16033,6799,9234
8/6/2015 12:00:00 AM,9/25/2015 12:00:00 AM,15527,6740,8787
8/6/2015 12:00:00 AM,9/26/2015 12:00:00 AM,20778,10828,9950
8/6/2015 12:00:00 AM,9/27/2015 12:00:00 AM,18965,10094,8871
8/6/2015 12:00:00 AM,9/28/2015 12:00:00 AM,20486,10048,10438
8/6/2015 12:00:00 AM,9/29/2015 12:00:00 AM,20634,10193,10441
8/6/2015 12:00:00 AM,9/30/2015 12:00:00 AM,21454,11013,10441
8/6/2015 12:00:00 AM,10/1/2015 12:00:00 AM,22725,11285,11440
8/6/2015 12:00:00 AM,10/2/2015 12:00:00 AM,22164,10777,11387
8/6/2015 12:00:00 AM,10/3/2015 12:00:00 AM,24792,11935,12857
8/6/2015 12:00:00 AM,10/4/2015 12:00:00 AM,26065,12715,13350
8/6/2015 12:00:00 AM,10/5/2015 12:00:00 AM,26805,12636,14169
8/6/2015 12:00:00 AM,10/6/2015 12:00:00 AM,27101,12636,14465
8/6/2015 12:00:00 AM,10/7/2015 12:00:00 AM,26610,12135,14475
8/6/2015 12:00:00 AM,10/8/2015 12:00:00 AM,27883,12135,15748
8/6/2015 12:00:00 AM,10/9/2015 12:00:00 AM,27790,12635,15155
8/6/2015 12:00:00 AM,10/10/2015 12:00:00 AM,31951,15709,16242
8/6/2015 12:00:00 AM,10/11/2015 12:00:00 AM,31609,15625,15984
8/6/2015 12:00:00 AM,10/12/2015 12:00:00 AM,30783,15774,15009
8/6/2015 12:00:00 AM,10/13/2015 12:00:00 AM,27990,12657,15333
8/6/2015 12:00:00 AM,10/14/2015 12:00:00 AM,27975,12701,15274
8/6/2015 12:00:00 AM,10/15/2015 12:00:00 AM,28121,12685,15436
8/6/2015 12:00:00 AM,10/16/2015 12:00:00 AM,28284,13176,15108
8/6/2015 12:00:00 AM,10/17/2015 12:00:00 AM,32690,14331,18359
8/6/2015 12:00:00 AM,10/18/2015 12:00:00 AM,30788,13544,17244
8/6/2015 12:00:00 AM,10/19/2015 12:00:00 AM,30827,13045,17782
8/6/2015 12:00:00 AM,10/20/2015 12:00:00 AM,29933,12545,17388
8/6/2015 12:00:00 AM,10/21/2015 12:00:00 AM,29718,12545,17173
8/6/2015 12:00:00 AM,10/22/2015 12:00:00 AM,29604,12501,17103
8/6/2015 12:00:00 AM,10/23/2015 12:00:00 AM,30019,13183,16836
8/6/2015 12:00:00 AM,10/24/2015 12:00:00 AM,29560,13497,16063
8/6/2015 12:00:00 AM,10/25/2015 12:00:00 AM,29037,13028,16009
8/6/2015 12:00:00 AM,10/26/2015 12:00:00 AM,28149,12805,15344
8/6/2015 12:00:00 AM,10/27/2015 12:00:00 AM,25615,10813,14802
8/6/2015 12:00:00 AM,10/28/2015 12:00:00 AM,25263,10333,14930
8/6/2015 12:00:00 AM,10/29/2015 12:00:00 AM,25007,9523,15484
8/6/2015 12:00:00 AM,10/30/2015 12:00:00 AM,26130,9553,16577
8/6/2015 12:00:00 AM,10/31/2015 12:00:00 AM,29738,12437,17301
8/6/2015 12:00:00 AM,11/1/2015 12:00:00 AM,30298,12797,17501
8/6/2015 12:00:00 AM,11/2/2015 12:00:00 AM,30458,13845,16613
8/6/2015 12:00:00 AM,11/3/2015 12:00:00 AM,29108,12800,16308
8/6/2015 12:00:00 AM,11/4/2015 12:00:00 AM,29105,12800,16305
8/6/2015 12:00:00 AM,11/5/2015 12:00:00 AM,28292,12800,15492
8/5/2015 12:00:00 AM,8/6/2015 12:00:00 AM,117,19,98
8/5/2015 12:00:00 AM,8/7/2015 12:00:00 AM,117,19,98
8/5/2015 12:00:00 AM,8/8/2015 12:00:00 AM,117,19,98
8/5/2015 12:00:00 AM,8/9/2015 12:00:00 AM,117,19,98
8/5/2015 12:00:00 AM,8/10/2015 12:00:00 AM,195,32,163
8/5/2015 12:00:00 AM,8/11/2015 12:00:00 AM,195,32,163
8/5/2015 12:00:00 AM,8/12/2015 12:00:00 AM,260,32,228
8/5/2015 12:00:00 AM,8/13/2015 12:00:00 AM,195,32,163
8/5/2015 12:00:00 AM,8/14/2015 12:00:00 AM,195,32,163
8/5/2015 12:00:00 AM,8/15/2015 12:00:00 AM,149,19,130
8/5/2015 12:00:00 AM,8/16/2015 12:00:00 AM,149,19,130
8/5/2015 12:00:00 AM,8/17/2015 12:00:00 AM,348,217,131
8/5/2015 12:00:00 AM,8/18/2015 12:00:00 AM,348,217,131
8/5/2015 12:00:00 AM,8/19/2015 12:00:00 AM,348,217,131
8/5/2015 12:00:00 AM,8/20/2015 12:00:00 AM,283,217,66
8/5/2015 12:00:00 AM,8/21/2015 12:00:00 AM,85,19,66
8/5/2015 12:00:00 AM,8/22/2015 12:00:00 AM,85,19,66
8/5/2015 12:00:00 AM,8/23/2015 12:00:00 AM,85,19,66
8/5/2015 12:00:00 AM,8/24/2015 12:00:00 AM,117,19,98
8/5/2015 12:00:00 AM,8/25/2015 12:00:00 AM,117,19,98
8/5/2015 12:00:00 AM,8/26/2015 12:00:00 AM,117,19,98
8/5/2015 12:00:00 AM,8/27/2015 12:00:00 AM,117,19,98
8/5/2015 12:00:00 AM,8/28/2015 12:00:00 AM,117,19,98
8/5/2015 12:00:00 AM,8/29/2015 12:00:00 AM,116,19,97
8/5/2015 12:00:00 AM,8/30/2015 12:00:00 AM,336,19,317
8/5/2015 12:00:00 AM,8/31/2015 12:00:00 AM,368,19,349
8/5/2015 12:00:00 AM,9/1/2015 12:00:00 AM,405,32,373
8/5/2015 12:00:00 AM,9/2/2015 12:00:00 AM,405,32,373
8/5/2015 12:00:00 AM,9/3/2015 12:00:00 AM,405,32,373
8/5/2015 12:00:00 AM,9/4/2015 12:00:00 AM,405,32,373
8/5/2015 12:00:00 AM,9/5/2015 12:00:00 AM,405,32,373
8/5/2015 12:00:00 AM,9/6/2015 12:00:00 AM,185,32,153
8/5/2015 12:00:00 AM,9/7/2015 12:00:00 AM,234,32,202
8/5/2015 12:00:00 AM,9/8/2015 12:00:00 AM,245,32,213
8/5/2015 12:00:00 AM,9/9/2015 12:00:00 AM,310,32,278
8/5/2015 12:00:00 AM,9/10/2015 12:00:00 AM,245,32,213
8/5/2015 12:00:00 AM,9/11/2015 12:00:00 AM,245,32,213
8/5/2015 12:00:00 AM,9/12/2015 12:00:00 AM,8597,4873,3724
8/5/2015 12:00:00 AM,9/13/2015 12:00:00 AM,9599,5373,4226
8/5/2015 12:00:00 AM,9/14/2015 12:00:00 AM,13179,6609,6570
8/5/2015 12:00:00 AM,9/15/2015 12:00:00 AM,13149,6609,6540
8/5/2015 12:00:00 AM,9/16/2015 12:00:00 AM,13614,6609,7005
8/5/2015 12:00:00 AM,9/17/2015 12:00:00 AM,13053,6048,7005
8/5/2015 12:00:00 AM,9/18/2015 12:00:00 AM,13521,6516,7005
8/5/2015 12:00:00 AM,9/19/2015 12:00:00 AM,15221,7838,7383
8/5/2015 12:00:00 AM,9/20/2015 12:00:00 AM,14915,7948,6967
8/5/2015 12:00:00 AM,9/21/2015 12:00:00 AM,16521,8047,8474
8/5/2015 12:00:00 AM,9/22/2015 12:00:00 AM,15273,6799,8474
8/5/2015 12:00:00 AM,9/23/2015 12:00:00 AM,16203,6949,9254
8/5/2015 12:00:00 AM,9/24/2015 12:00:00 AM,16033,6799,9234
8/5/2015 12:00:00 AM,9/25/2015 12:00:00 AM,15527,6740,8787
8/5/2015 12:00:00 AM,9/26/2015 12:00:00 AM,20778,10828,9950
8/5/2015 12:00:00 AM,9/27/2015 12:00:00 AM,18965,10094,8871
8/5/2015 12:00:00 AM,9/28/2015 12:00:00 AM,20486,10048,10438
8/5/2015 12:00:00 AM,9/29/2015 12:00:00 AM,20634,10193,10441
8/5/2015 12:00:00 AM,9/30/2015 12:00:00 AM,21451,11013,10438
8/5/2015 12:00:00 AM,10/1/2015 12:00:00 AM,22725,11285,11440
8/5/2015 12:00:00 AM,10/2/2015 12:00:00 AM,22164,10777,11387
8/5/2015 12:00:00 AM,10/3/2015 12:00:00 AM,24792,11935,12857
8/5/2015 12:00:00 AM,10/4/2015 12:00:00 AM,26047,12715,13332
8/5/2015 12:00:00 AM,10/5/2015 12:00:00 AM,26650,12636,14014
8/5/2015 12:00:00 AM,10/6/2015 12:00:00 AM,26964,12636,14328
8/5/2015 12:00:00 AM,10/7/2015 12:00:00 AM,26473,12135,14338
8/5/2015 12:00:00 AM,10/8/2015 12:00:00 AM,27746,12135,15611
8/5/2015 12:00:00 AM,10/9/2015 12:00:00 AM,27653,12635,15018
8/5/2015 12:00:00 AM,10/10/2015 12:00:00 AM,31923,15709,16214
8/5/2015 12:00:00 AM,10/11/2015 12:00:00 AM,32426,15625,16801
8/5/2015 12:00:00 AM,10/12/2015 12:00:00 AM,31600,15774,15826
8/5/2015 12:00:00 AM,10/13/2015 12:00:00 AM,28807,12657,16150
8/5/2015 12:00:00 AM,10/14/2015 12:00:00 AM,28792,12701,16091
8/5/2015 12:00:00 AM,10/15/2015 12:00:00 AM,28938,12685,16253
8/5/2015 12:00:00 AM,10/16/2015 12:00:00 AM,29101,13176,15925
8/5/2015 12:00:00 AM,10/17/2015 12:00:00 AM,32690,14331,18359
8/5/2015 12:00:00 AM,10/18/2015 12:00:00 AM,30788,13544,17244
8/5/2015 12:00:00 AM,10/19/2015 12:00:00 AM,31347,13045,18302
8/5/2015 12:00:00 AM,10/20/2015 12:00:00 AM,30453,12545,17908
8/5/2015 12:00:00 AM,10/21/2015 12:00:00 AM,30238,12545,17693
8/5/2015 12:00:00 AM,10/22/2015 12:00:00 AM,30124,12501,17623
8/5/2015 12:00:00 AM,10/23/2015 12:00:00 AM,30539,13183,17356
8/5/2015 12:00:00 AM,10/24/2015 12:00:00 AM,30080,13497,16583
8/5/2015 12:00:00 AM,10/25/2015 12:00:00 AM,29557,13028,16529
8/5/2015 12:00:00 AM,10/26/2015 12:00:00 AM,28149,12805,15344
8/5/2015 12:00:00 AM,10/27/2015 12:00:00 AM,25615,10813,14802
8/5/2015 12:00:00 AM,10/28/2015 12:00:00 AM,25263,10333,14930
8/5/2015 12:00:00 AM,10/29/2015 12:00:00 AM,25007,9523,15484
8/5/2015 12:00:00 AM,10/30/2015 12:00:00 AM,26130,9553,16577
8/5/2015 12:00:00 AM,10/31/2015 12:00:00 AM,29738,12437,17301
8/5/2015 12:00:00 AM,11/1/2015 12:00:00 AM,30298,12797,17501
8/5/2015 12:00:00 AM,11/2/2015 12:00:00 AM,30458,13845,16613
8/5/2015 12:00:00 AM,11/3/2015 12:00:00 AM,29105,12800,16305
8/5/2015 12:00:00 AM,11/4/2015 12:00:00 AM,29105,12800,16305
8/4/2015 12:00:00 AM,8/5/2015 12:00:00 AM,117,19,98
8/4/2015 12:00:00 AM,8/6/2015 12:00:00 AM,117,19,98
8/4/2015 12:00:00 AM,8/7/2015 12:00:00 AM,117,19,98
8/4/2015 12:00:00 AM,8/8/2015 12:00:00 AM,117,19,98
8/4/2015 12:00:00 AM,8/9/2015 12:00:00 AM,117,19,98
8/4/2015 12:00:00 AM,8/10/2015 12:00:00 AM,195,32,163
8/4/2015 12:00:00 AM,8/11/2015 12:00:00 AM,195,32,163
8/4/2015 12:00:00 AM,8/12/2015 12:00:00 AM,260,32,228
8/4/2015 12:00:00 AM,8/13/2015 12:00:00 AM,195,32,163
8/4/2015 12:00:00 AM,8/14/2015 12:00:00 AM,195,32,163
8/4/2015 12:00:00 AM,8/15/2015 12:00:00 AM,149,19,130
8/4/2015 12:00:00 AM,8/16/2015 12:00:00 AM,149,19,130
8/4/2015 12:00:00 AM,8/17/2015 12:00:00 AM,348,217,131
8/4/2015 12:00:00 AM,8/18/2015 12:00:00 AM,348,217,131
8/4/2015 12:00:00 AM,8/19/2015 12:00:00 AM,348,217,131
8/4/2015 12:00:00 AM,8/20/2015 12:00:00 AM,283,217,66
8/4/2015 12:00:00 AM,8/21/2015 12:00:00 AM,85,19,66
8/4/2015 12:00:00 AM,8/22/2015 12:00:00 AM,85,19,66
8/4/2015 12:00:00 AM,8/23/2015 12:00:00 AM,85,19,66
8/4/2015 12:00:00 AM,8/24/2015 12:00:00 AM,117,19,98
8/4/2015 12:00:00 AM,8/25/2015 12:00:00 AM,117,19,98
8/4/2015 12:00:00 AM,8/26/2015 12:00:00 AM,117,19,98
8/4/2015 12:00:00 AM,8/27/2015 12:00:00 AM,117,19,98
8/4/2015 12:00:00 AM,8/28/2015 12:00:00 AM,117,19,98
8/4/2015 12:00:00 AM,8/29/2015 12:00:00 AM,116,19,97
8/4/2015 12:00:00 AM,8/30/2015 12:00:00 AM,336,19,317
8/4/2015 12:00:00 AM,8/31/2015 12:00:00 AM,368,19,349
8/4/2015 12:00:00 AM,9/1/2015 12:00:00 AM,405,32,373
8/4/2015 12:00:00 AM,9/2/2015 12:00:00 AM,405,32,373
8/4/2015 12:00:00 AM,9/3/2015 12:00:00 AM,405,32,373
8/4/2015 12:00:00 AM,9/4/2015 12:00:00 AM,405,32,373
8/4/2015 12:00:00 AM,9/5/2015 12:00:00 AM,405,32,373
8/4/2015 12:00:00 AM,9/6/2015 12:00:00 AM,185,32,153
8/4/2015 12:00:00 AM,9/7/2015 12:00:00 AM,234,32,202
8/4/2015 12:00:00 AM,9/8/2015 12:00:00 AM,245,32,213
8/4/2015 12:00:00 AM,9/9/2015 12:00:00 AM,310,32,278
8/4/2015 12:00:00 AM,9/10/2015 12:00:00 AM,245,32,213
8/4/2015 12:00:00 AM,9/11/2015 12:00:00 AM,245,32,213
8/4/2015 12:00:00 AM,9/12/2015 12:00:00 AM,8597,4873,3724
8/4/2015 12:00:00 AM,9/13/2015 12:00:00 AM,9599,5373,4226
8/4/2015 12:00:00 AM,9/14/2015 12:00:00 AM,13159,6609,6550
8/4/2015 12:00:00 AM,9/15/2015 12:00:00 AM,13129,6609,6520
8/4/2015 12:00:00 AM,9/16/2015 12:00:00 AM,13594,6609,6985
8/4/2015 12:00:00 AM,9/17/2015 12:00:00 AM,13033,6048,6985
8/4/2015 12:00:00 AM,9/18/2015 12:00:00 AM,13501,6516,6985
8/4/2015 12:00:00 AM,9/19/2015 12:00:00 AM,15201,7838,7363
8/4/2015 12:00:00 AM,9/20/2015 12:00:00 AM,14895,7948,6947
8/4/2015 12:00:00 AM,9/21/2015 12:00:00 AM,16501,8047,8454
8/4/2015 12:00:00 AM,9/22/2015 12:00:00 AM,15253,6799,8454
8/4/2015 12:00:00 AM,9/23/2015 12:00:00 AM,16183,6949,9234
8/4/2015 12:00:00 AM,9/24/2015 12:00:00 AM,16033,6799,9234
8/4/2015 12:00:00 AM,9/25/2015 12:00:00 AM,15472,6740,8732
8/4/2015 12:00:00 AM,9/26/2015 12:00:00 AM,20723,10828,9895
8/4/2015 12:00:00 AM,9/27/2015 12:00:00 AM,18910,10094,8816
8/4/2015 12:00:00 AM,9/28/2015 12:00:00 AM,20431,10048,10383
8/4/2015 12:00:00 AM,9/29/2015 12:00:00 AM,20579,10193,10386
8/4/2015 12:00:00 AM,9/30/2015 12:00:00 AM,21396,11013,10383
8/4/2015 12:00:00 AM,10/1/2015 12:00:00 AM,22719,11285,11434
8/4/2015 12:00:00 AM,10/2/2015 12:00:00 AM,22158,10777,11381
8/4/2015 12:00:00 AM,10/3/2015 12:00:00 AM,24494,11935,12559
8/4/2015 12:00:00 AM,10/4/2015 12:00:00 AM,24983,12715,12268
8/4/2015 12:00:00 AM,10/5/2015 12:00:00 AM,25566,12636,12930
8/4/2015 12:00:00 AM,10/6/2015 12:00:00 AM,25880,12636,13244
8/4/2015 12:00:00 AM,10/7/2015 12:00:00 AM,25389,12135,13254
8/4/2015 12:00:00 AM,10/8/2015 12:00:00 AM,26662,12135,14527
8/4/2015 12:00:00 AM,10/9/2015 12:00:00 AM,26569,12635,13934
8/4/2015 12:00:00 AM,10/10/2015 12:00:00 AM,30839,15709,15130
8/4/2015 12:00:00 AM,10/11/2015 12:00:00 AM,31342,15625,15717
8/4/2015 12:00:00 AM,10/12/2015 12:00:00 AM,31282,15774,15508
8/4/2015 12:00:00 AM,10/13/2015 12:00:00 AM,28486,12657,15829
8/4/2015 12:00:00 AM,10/14/2015 12:00:00 AM,28499,12701,15798
8/4/2015 12:00:00 AM,10/15/2015 12:00:00 AM,28645,12685,15960
8/4/2015 12:00:00 AM,10/16/2015 12:00:00 AM,28808,13176,15632
8/4/2015 12:00:00 AM,10/17/2015 12:00:00 AM,32397,14331,18066
8/4/2015 12:00:00 AM,10/18/2015 12:00:00 AM,30495,13544,16951
8/4/2015 12:00:00 AM,10/19/2015 12:00:00 AM,31054,13045,18009
8/4/2015 12:00:00 AM,10/20/2015 12:00:00 AM,30160,12545,17615
8/4/2015 12:00:00 AM,10/21/2015 12:00:00 AM,29945,12545,17400
8/4/2015 12:00:00 AM,10/22/2015 12:00:00 AM,29851,12501,17350
8/4/2015 12:00:00 AM,10/23/2015 12:00:00 AM,30266,13183,17083
8/4/2015 12:00:00 AM,10/24/2015 12:00:00 AM,30074,13497,16577
8/4/2015 12:00:00 AM,10/25/2015 12:00:00 AM,29551,13028,16523
8/4/2015 12:00:00 AM,10/26/2015 12:00:00 AM,28143,12805,15338
8/4/2015 12:00:00 AM,10/27/2015 12:00:00 AM,25560,10813,14747
8/4/2015 12:00:00 AM,10/28/2015 12:00:00 AM,25208,10333,14875
8/4/2015 12:00:00 AM,10/29/2015 12:00:00 AM,24952,9523,15429
8/4/2015 12:00:00 AM,10/30/2015 12:00:00 AM,26075,9553,16522
8/4/2015 12:00:00 AM,10/31/2015 12:00:00 AM,29683,12437,17246
8/4/2015 12:00:00 AM,11/1/2015 12:00:00 AM,30243,12797,17446
8/4/2015 12:00:00 AM,11/2/2015 12:00:00 AM,30403,13845,16558
8/4/2015 12:00:00 AM,11/3/2015 12:00:00 AM,29050,12800,16250
8/3/2015 12:00:00 AM,8/4/2015 12:00:00 AM,117,19,98
8/3/2015 12:00:00 AM,8/5/2015 12:00:00 AM,117,19,98
8/3/2015 12:00:00 AM,8/6/2015 12:00:00 AM,117,19,98
8/3/2015 12:00:00 AM,8/7/2015 12:00:00 AM,117,19,98
8/3/2015 12:00:00 AM,8/8/2015 12:00:00 AM,117,19,98
8/3/2015 12:00:00 AM,8/9/2015 12:00:00 AM,117,19,98
8/3/2015 12:00:00 AM,8/10/2015 12:00:00 AM,195,32,163
8/3/2015 12:00:00 AM,8/11/2015 12:00:00 AM,195,32,163
8/3/2015 12:00:00 AM,8/12/2015 12:00:00 AM,260,32,228
8/3/2015 12:00:00 AM,8/13/2015 12:00:00 AM,195,32,163
8/3/2015 12:00:00 AM,8/14/2015 12:00:00 AM,195,32,163
8/3/2015 12:00:00 AM,8/15/2015 12:00:00 AM,149,19,130
8/3/2015 12:00:00 AM,8/16/2015 12:00:00 AM,149,19,130
8/3/2015 12:00:00 AM,8/17/2015 12:00:00 AM,348,217,131
8/3/2015 12:00:00 AM,8/18/2015 12:00:00 AM,348,217,131
8/3/2015 12:00:00 AM,8/19/2015 12:00:00 AM,348,217,131
8/3/2015 12:00:00 AM,8/20/2015 12:00:00 AM,283,217,66
8/3/2015 12:00:00 AM,8/21/2015 12:00:00 AM,85,19,66
8/3/2015 12:00:00 AM,8/22/2015 12:00:00 AM,85,19,66
8/3/2015 12:00:00 AM,8/23/2015 12:00:00 AM,85,19,66
8/3/2015 12:00:00 AM,8/24/2015 12:00:00 AM,117,19,98
8/3/2015 12:00:00 AM,8/25/2015 12:00:00 AM,117,19,98
8/3/2015 12:00:00 AM,8/26/2015 12:00:00 AM,117,19,98
8/3/2015 12:00:00 AM,8/27/2015 12:00:00 AM,117,19,98
8/3/2015 12:00:00 AM,8/28/2015 12:00:00 AM,117,19,98
8/3/2015 12:00:00 AM,8/29/2015 12:00:00 AM,116,19,97
8/3/2015 12:00:00 AM,8/30/2015 12:00:00 AM,336,19,317
8/3/2015 12:00:00 AM,8/31/2015 12:00:00 AM,368,19,349
8/3/2015 12:00:00 AM,9/1/2015 12:00:00 AM,405,32,373
8/3/2015 12:00:00 AM,9/2/2015 12:00:00 AM,405,32,373
8/3/2015 12:00:00 AM,9/3/2015 12:00:00 AM,405,32,373
8/3/2015 12:00:00 AM,9/4/2015 12:00:00 AM,405,32,373
8/3/2015 12:00:00 AM,9/5/2015 12:00:00 AM,405,32,373
8/3/2015 12:00:00 AM,9/6/2015 12:00:00 AM,185,32,153
8/3/2015 12:00:00 AM,9/7/2015 12:00:00 AM,234,32,202
8/3/2015 12:00:00 AM,9/8/2015 12:00:00 AM,245,32,213
8/3/2015 12:00:00 AM,9/9/2015 12:00:00 AM,310,32,278
8/3/2015 12:00:00 AM,9/10/2015 12:00:00 AM,245,32,213
8/3/2015 12:00:00 AM,9/11/2015 12:00:00 AM,245,32,213
8/3/2015 12:00:00 AM,9/12/2015 12:00:00 AM,7808,4873,2935
8/3/2015 12:00:00 AM,9/13/2015 12:00:00 AM,8810,5373,3437
8/3/2015 12:00:00 AM,9/14/2015 12:00:00 AM,10590,6609,3981
8/3/2015 12:00:00 AM,9/15/2015 12:00:00 AM,10560,6609,3951
8/3/2015 12:00:00 AM,9/16/2015 12:00:00 AM,11025,6609,4416
8/3/2015 12:00:00 AM,9/17/2015 12:00:00 AM,10464,6048,4416
8/3/2015 12:00:00 AM,9/18/2015 12:00:00 AM,10932,6516,4416
8/3/2015 12:00:00 AM,9/19/2015 12:00:00 AM,12632,7838,4794
8/3/2015 12:00:00 AM,9/20/2015 12:00:00 AM,12753,7948,4805
8/3/2015 12:00:00 AM,9/21/2015 12:00:00 AM,14139,8047,6092
8/3/2015 12:00:00 AM,9/22/2015 12:00:00 AM,12891,6799,6092
8/3/2015 12:00:00 AM,9/23/2015 12:00:00 AM,13821,6949,6872
8/3/2015 12:00:00 AM,9/24/2015 12:00:00 AM,13671,6799,6872
8/3/2015 12:00:00 AM,9/25/2015 12:00:00 AM,13110,6740,6370
8/3/2015 12:00:00 AM,9/26/2015 12:00:00 AM,17854,10828,7026
8/3/2015 12:00:00 AM,9/27/2015 12:00:00 AM,16595,10094,6501
8/3/2015 12:00:00 AM,9/28/2015 12:00:00 AM,16593,10048,6545
8/3/2015 12:00:00 AM,9/29/2015 12:00:00 AM,16741,10193,6548
8/3/2015 12:00:00 AM,9/30/2015 12:00:00 AM,17558,11013,6545
8/3/2015 12:00:00 AM,10/1/2015 12:00:00 AM,18881,11285,7596
8/3/2015 12:00:00 AM,10/2/2015 12:00:00 AM,19258,10777,8481
8/3/2015 12:00:00 AM,10/3/2015 12:00:00 AM,21594,11935,9659
8/3/2015 12:00:00 AM,10/4/2015 12:00:00 AM,22083,12715,9368
8/3/2015 12:00:00 AM,10/5/2015 12:00:00 AM,22246,12636,9610
8/3/2015 12:00:00 AM,10/6/2015 12:00:00 AM,22560,12636,9924
8/3/2015 12:00:00 AM,10/7/2015 12:00:00 AM,22069,12135,9934
8/3/2015 12:00:00 AM,10/8/2015 12:00:00 AM,23342,12135,11207
8/3/2015 12:00:00 AM,10/9/2015 12:00:00 AM,23752,12635,11117
8/3/2015 12:00:00 AM,10/10/2015 12:00:00 AM,28022,15709,12313
8/3/2015 12:00:00 AM,10/11/2015 12:00:00 AM,28525,15625,12900
8/3/2015 12:00:00 AM,10/12/2015 12:00:00 AM,27961,15774,12187
8/3/2015 12:00:00 AM,10/13/2015 12:00:00 AM,25017,12657,12360
8/3/2015 12:00:00 AM,10/14/2015 12:00:00 AM,25030,12701,12329
8/3/2015 12:00:00 AM,10/15/2015 12:00:00 AM,24432,12685,11747
8/3/2015 12:00:00 AM,10/16/2015 12:00:00 AM,25579,13656,11923
8/3/2015 12:00:00 AM,10/17/2015 12:00:00 AM,29168,14811,14357
8/3/2015 12:00:00 AM,10/18/2015 12:00:00 AM,27253,14024,13229
8/3/2015 12:00:00 AM,10/19/2015 12:00:00 AM,27812,13525,14287
8/3/2015 12:00:00 AM,10/20/2015 12:00:00 AM,26918,13025,13893
8/3/2015 12:00:00 AM,10/21/2015 12:00:00 AM,26374,12545,13829
8/3/2015 12:00:00 AM,10/22/2015 12:00:00 AM,26277,12501,13776
8/3/2015 12:00:00 AM,10/23/2015 12:00:00 AM,26363,12703,13660
8/3/2015 12:00:00 AM,10/24/2015 12:00:00 AM,26475,13017,13458
8/3/2015 12:00:00 AM,10/25/2015 12:00:00 AM,25952,12548,13404
8/3/2015 12:00:00 AM,10/26/2015 12:00:00 AM,25077,12325,12752
8/3/2015 12:00:00 AM,10/27/2015 12:00:00 AM,22494,10333,12161
8/3/2015 12:00:00 AM,10/28/2015 12:00:00 AM,22622,10333,12289
8/3/2015 12:00:00 AM,10/29/2015 12:00:00 AM,22366,9523,12843
8/3/2015 12:00:00 AM,10/30/2015 12:00:00 AM,23489,9553,13936
8/3/2015 12:00:00 AM,10/31/2015 12:00:00 AM,27097,12437,14660
8/3/2015 12:00:00 AM,11/1/2015 12:00:00 AM,27657,12797,14860
8/3/2015 12:00:00 AM,11/2/2015 12:00:00 AM,27513,13845,13668
8/2/2015 12:00:00 AM,8/3/2015 12:00:00 AM,118,20,98
8/2/2015 12:00:00 AM,8/4/2015 12:00:00 AM,117,19,98
8/2/2015 12:00:00 AM,8/5/2015 12:00:00 AM,117,19,98
8/2/2015 12:00:00 AM,8/6/2015 12:00:00 AM,117,19,98
8/2/2015 12:00:00 AM,8/7/2015 12:00:00 AM,117,19,98
8/2/2015 12:00:00 AM,8/8/2015 12:00:00 AM,117,19,98
8/2/2015 12:00:00 AM,8/9/2015 12:00:00 AM,117,19,98
8/2/2015 12:00:00 AM,8/10/2015 12:00:00 AM,195,32,163
8/2/2015 12:00:00 AM,8/11/2015 12:00:00 AM,195,32,163
8/2/2015 12:00:00 AM,8/12/2015 12:00:00 AM,260,32,228
8/2/2015 12:00:00 AM,8/13/2015 12:00:00 AM,195,32,163
8/2/2015 12:00:00 AM,8/14/2015 12:00:00 AM,195,32,163
8/2/2015 12:00:00 AM,8/15/2015 12:00:00 AM,149,19,130
8/2/2015 12:00:00 AM,8/16/2015 12:00:00 AM,149,19,130
8/2/2015 12:00:00 AM,8/17/2015 12:00:00 AM,348,217,131
8/2/2015 12:00:00 AM,8/18/2015 12:00:00 AM,348,217,131
8/2/2015 12:00:00 AM,8/19/2015 12:00:00 AM,348,217,131
8/2/2015 12:00:00 AM,8/20/2015 12:00:00 AM,283,217,66
8/2/2015 12:00:00 AM,8/21/2015 12:00:00 AM,85,19,66
8/2/2015 12:00:00 AM,8/22/2015 12:00:00 AM,85,19,66
8/2/2015 12:00:00 AM,8/23/2015 12:00:00 AM,85,19,66
8/2/2015 12:00:00 AM,8/24/2015 12:00:00 AM,117,19,98
8/2/2015 12:00:00 AM,8/25/2015 12:00:00 AM,117,19,98
8/2/2015 12:00:00 AM,8/26/2015 12:00:00 AM,117,19,98
8/2/2015 12:00:00 AM,8/27/2015 12:00:00 AM,117,19,98
8/2/2015 12:00:00 AM,8/28/2015 12:00:00 AM,117,19,98
8/2/2015 12:00:00 AM,8/29/2015 12:00:00 AM,116,19,97
8/2/2015 12:00:00 AM,8/30/2015 12:00:00 AM,336,19,317
8/2/2015 12:00:00 AM,8/31/2015 12:00:00 AM,368,19,349
8/2/2015 12:00:00 AM,9/1/2015 12:00:00 AM,405,32,373
8/2/2015 12:00:00 AM,9/2/2015 12:00:00 AM,405,32,373
8/2/2015 12:00:00 AM,9/3/2015 12:00:00 AM,405,32,373
8/2/2015 12:00:00 AM,9/4/2015 12:00:00 AM,405,32,373
8/2/2015 12:00:00 AM,9/5/2015 12:00:00 AM,405,32,373
8/2/2015 12:00:00 AM,9/6/2015 12:00:00 AM,185,32,153
8/2/2015 12:00:00 AM,9/7/2015 12:00:00 AM,234,32,202
8/2/2015 12:00:00 AM,9/8/2015 12:00:00 AM,245,32,213
8/2/2015 12:00:00 AM,9/9/2015 12:00:00 AM,310,32,278
8/2/2015 12:00:00 AM,9/10/2015 12:00:00 AM,245,32,213
8/2/2015 12:00:00 AM,9/11/2015 12:00:00 AM,245,32,213
8/2/2015 12:00:00 AM,9/12/2015 12:00:00 AM,7808,4873,2935
8/2/2015 12:00:00 AM,9/13/2015 12:00:00 AM,8810,5373,3437
8/2/2015 12:00:00 AM,9/14/2015 12:00:00 AM,10590,6609,3981
8/2/2015 12:00:00 AM,9/15/2015 12:00:00 AM,10560,6609,3951
8/2/2015 12:00:00 AM,9/16/2015 12:00:00 AM,11025,6609,4416
8/2/2015 12:00:00 AM,9/17/2015 12:00:00 AM,10464,6048,4416
8/2/2015 12:00:00 AM,9/18/2015 12:00:00 AM,10932,6516,4416
8/2/2015 12:00:00 AM,9/19/2015 12:00:00 AM,12632,7838,4794
8/2/2015 12:00:00 AM,9/20/2015 12:00:00 AM,12753,7948,4805
8/2/2015 12:00:00 AM,9/21/2015 12:00:00 AM,14139,8047,6092
8/2/2015 12:00:00 AM,9/22/2015 12:00:00 AM,12891,6799,6092
8/2/2015 12:00:00 AM,9/23/2015 12:00:00 AM,13821,6949,6872
8/2/2015 12:00:00 AM,9/24/2015 12:00:00 AM,13671,6799,6872
8/2/2015 12:00:00 AM,9/25/2015 12:00:00 AM,13110,6740,6370
8/2/2015 12:00:00 AM,9/26/2015 12:00:00 AM,17854,10828,7026
8/2/2015 12:00:00 AM,9/27/2015 12:00:00 AM,16595,10094,6501
8/2/2015 12:00:00 AM,9/28/2015 12:00:00 AM,16593,10048,6545
8/2/2015 12:00:00 AM,9/29/2015 12:00:00 AM,16741,10193,6548
8/2/2015 12:00:00 AM,9/30/2015 12:00:00 AM,17558,11013,6545
8/2/2015 12:00:00 AM,10/1/2015 12:00:00 AM,18881,11285,7596
8/2/2015 12:00:00 AM,10/2/2015 12:00:00 AM,19258,10777,8481
8/2/2015 12:00:00 AM,10/3/2015 12:00:00 AM,21594,11935,9659
8/2/2015 12:00:00 AM,10/4/2015 12:00:00 AM,22083,12715,9368
8/2/2015 12:00:00 AM,10/5/2015 12:00:00 AM,22246,12636,9610
8/2/2015 12:00:00 AM,10/6/2015 12:00:00 AM,22560,12636,9924
8/2/2015 12:00:00 AM,10/7/2015 12:00:00 AM,22069,12135,9934
8/2/2015 12:00:00 AM,10/8/2015 12:00:00 AM,23342,12135,11207
8/2/2015 12:00:00 AM,10/9/2015 12:00:00 AM,23752,12635,11117
8/2/2015 12:00:00 AM,10/10/2015 12:00:00 AM,28022,15709,12313
8/2/2015 12:00:00 AM,10/11/2015 12:00:00 AM,28525,15625,12900
8/2/2015 12:00:00 AM,10/12/2015 12:00:00 AM,27961,15774,12187
8/2/2015 12:00:00 AM,10/13/2015 12:00:00 AM,25017,12657,12360
8/2/2015 12:00:00 AM,10/14/2015 12:00:00 AM,25030,12701,12329
8/2/2015 12:00:00 AM,10/15/2015 12:00:00 AM,24432,12685,11747
8/2/2015 12:00:00 AM,10/16/2015 12:00:00 AM,25579,13656,11923
8/2/2015 12:00:00 AM,10/17/2015 12:00:00 AM,29168,14811,14357
8/2/2015 12:00:00 AM,10/18/2015 12:00:00 AM,27253,14024,13229
8/2/2015 12:00:00 AM,10/19/2015 12:00:00 AM,27812,13525,14287
8/2/2015 12:00:00 AM,10/20/2015 12:00:00 AM,26918,13025,13893
8/2/2015 12:00:00 AM,10/21/2015 12:00:00 AM,26374,12545,13829
8/2/2015 12:00:00 AM,10/22/2015 12:00:00 AM,26277,12501,13776
8/2/2015 12:00:00 AM,10/23/2015 12:00:00 AM,26363,12703,13660
8/2/2015 12:00:00 AM,10/24/2015 12:00:00 AM,26475,13017,13458
8/2/2015 12:00:00 AM,10/25/2015 12:00:00 AM,25952,12548,13404
8/2/2015 12:00:00 AM,10/26/2015 12:00:00 AM,25077,12325,12752
8/2/2015 12:00:00 AM,10/27/2015 12:00:00 AM,22494,10333,12161
8/2/2015 12:00:00 AM,10/28/2015 12:00:00 AM,22622,10333,12289
8/2/2015 12:00:00 AM,10/29/2015 12:00:00 AM,22366,9523,12843
8/2/2015 12:00:00 AM,10/30/2015 12:00:00 AM,23489,9553,13936
8/2/2015 12:00:00 AM,10/31/2015 12:00:00 AM,27097,12437,14660
8/2/2015 12:00:00 AM,11/1/2015 12:00:00 AM,27657,12797,14860
8/1/2015 12:00:00 AM,8/2/2015 12:00:00 AM,118,20,98
8/1/2015 12:00:00 AM,8/3/2015 12:00:00 AM,118,20,98
8/1/2015 12:00:00 AM,8/4/2015 12:00:00 AM,117,19,98
8/1/2015 12:00:00 AM,8/5/2015 12:00:00 AM,117,19,98
8/1/2015 12:00:00 AM,8/6/2015 12:00:00 AM,117,19,98
8/1/2015 12:00:00 AM,8/7/2015 12:00:00 AM,117,19,98
8/1/2015 12:00:00 AM,8/8/2015 12:00:00 AM,117,19,98
8/1/2015 12:00:00 AM,8/9/2015 12:00:00 AM,117,19,98
8/1/2015 12:00:00 AM,8/10/2015 12:00:00 AM,195,32,163
8/1/2015 12:00:00 AM,8/11/2015 12:00:00 AM,195,32,163
8/1/2015 12:00:00 AM,8/12/2015 12:00:00 AM,260,32,228
8/1/2015 12:00:00 AM,8/13/2015 12:00:00 AM,195,32,163
8/1/2015 12:00:00 AM,8/14/2015 12:00:00 AM,195,32,163
8/1/2015 12:00:00 AM,8/15/2015 12:00:00 AM,149,19,130
8/1/2015 12:00:00 AM,8/16/2015 12:00:00 AM,149,19,130
8/1/2015 12:00:00 AM,8/17/2015 12:00:00 AM,348,217,131
8/1/2015 12:00:00 AM,8/18/2015 12:00:00 AM,348,217,131
8/1/2015 12:00:00 AM,8/19/2015 12:00:00 AM,348,217,131
8/1/2015 12:00:00 AM,8/20/2015 12:00:00 AM,283,217,66
8/1/2015 12:00:00 AM,8/21/2015 12:00:00 AM,85,19,66
8/1/2015 12:00:00 AM,8/22/2015 12:00:00 AM,85,19,66
8/1/2015 12:00:00 AM,8/23/2015 12:00:00 AM,85,19,66
8/1/2015 12:00:00 AM,8/24/2015 12:00:00 AM,117,19,98
8/1/2015 12:00:00 AM,8/25/2015 12:00:00 AM,117,19,98
8/1/2015 12:00:00 AM,8/26/2015 12:00:00 AM,117,19,98
8/1/2015 12:00:00 AM,8/27/2015 12:00:00 AM,117,19,98
8/1/2015 12:00:00 AM,8/28/2015 12:00:00 AM,117,19,98
8/1/2015 12:00:00 AM,8/29/2015 12:00:00 AM,116,19,97
8/1/2015 12:00:00 AM,8/30/2015 12:00:00 AM,336,19,317
8/1/2015 12:00:00 AM,8/31/2015 12:00:00 AM,368,19,349
8/1/2015 12:00:00 AM,9/1/2015 12:00:00 AM,405,32,373
8/1/2015 12:00:00 AM,9/2/2015 12:00:00 AM,405,32,373
8/1/2015 12:00:00 AM,9/3/2015 12:00:00 AM,405,32,373
8/1/2015 12:00:00 AM,9/4/2015 12:00:00 AM,405,32,373
8/1/2015 12:00:00 AM,9/5/2015 12:00:00 AM,405,32,373
8/1/2015 12:00:00 AM,9/6/2015 12:00:00 AM,185,32,153
8/1/2015 12:00:00 AM,9/7/2015 12:00:00 AM,234,32,202
8/1/2015 12:00:00 AM,9/8/2015 12:00:00 AM,245,32,213
8/1/2015 12:00:00 AM,9/9/2015 12:00:00 AM,310,32,278
8/1/2015 12:00:00 AM,9/10/2015 12:00:00 AM,245,32,213
8/1/2015 12:00:00 AM,9/11/2015 12:00:00 AM,245,32,213
8/1/2015 12:00:00 AM,9/12/2015 12:00:00 AM,7808,4873,2935
8/1/2015 12:00:00 AM,9/13/2015 12:00:00 AM,8810,5373,3437
8/1/2015 12:00:00 AM,9/14/2015 12:00:00 AM,10590,6609,3981
8/1/2015 12:00:00 AM,9/15/2015 12:00:00 AM,10560,6609,3951
8/1/2015 12:00:00 AM,9/16/2015 12:00:00 AM,11025,6609,4416
8/1/2015 12:00:00 AM,9/17/2015 12:00:00 AM,10464,6048,4416
8/1/2015 12:00:00 AM,9/18/2015 12:00:00 AM,10932,6516,4416
8/1/2015 12:00:00 AM,9/19/2015 12:00:00 AM,12632,7838,4794
8/1/2015 12:00:00 AM,9/20/2015 12:00:00 AM,12753,7948,4805
8/1/2015 12:00:00 AM,9/21/2015 12:00:00 AM,14139,8047,6092
8/1/2015 12:00:00 AM,9/22/2015 12:00:00 AM,12891,6799,6092
8/1/2015 12:00:00 AM,9/23/2015 12:00:00 AM,13821,6949,6872
8/1/2015 12:00:00 AM,9/24/2015 12:00:00 AM,13671,6799,6872
8/1/2015 12:00:00 AM,9/25/2015 12:00:00 AM,13110,6740,6370
8/1/2015 12:00:00 AM,9/26/2015 12:00:00 AM,17854,10828,7026
8/1/2015 12:00:00 AM,9/27/2015 12:00:00 AM,16595,10094,6501
8/1/2015 12:00:00 AM,9/28/2015 12:00:00 AM,16593,10048,6545
8/1/2015 12:00:00 AM,9/29/2015 12:00:00 AM,16741,10193,6548
8/1/2015 12:00:00 AM,9/30/2015 12:00:00 AM,17558,11013,6545
8/1/2015 12:00:00 AM,10/1/2015 12:00:00 AM,18881,11285,7596
8/1/2015 12:00:00 AM,10/2/2015 12:00:00 AM,19258,10777,8481
8/1/2015 12:00:00 AM,10/3/2015 12:00:00 AM,21594,11935,9659
8/1/2015 12:00:00 AM,10/4/2015 12:00:00 AM,22083,12715,9368
8/1/2015 12:00:00 AM,10/5/2015 12:00:00 AM,22246,12636,9610
8/1/2015 12:00:00 AM,10/6/2015 12:00:00 AM,22560,12636,9924
8/1/2015 12:00:00 AM,10/7/2015 12:00:00 AM,22069,12135,9934
8/1/2015 12:00:00 AM,10/8/2015 12:00:00 AM,23342,12135,11207
8/1/2015 12:00:00 AM,10/9/2015 12:00:00 AM,23752,12635,11117
8/1/2015 12:00:00 AM,10/10/2015 12:00:00 AM,28022,15709,12313
8/1/2015 12:00:00 AM,10/11/2015 12:00:00 AM,28525,15625,12900
8/1/2015 12:00:00 AM,10/12/2015 12:00:00 AM,27961,15774,12187
8/1/2015 12:00:00 AM,10/13/2015 12:00:00 AM,25017,12657,12360
8/1/2015 12:00:00 AM,10/14/2015 12:00:00 AM,25030,12701,12329
8/1/2015 12:00:00 AM,10/15/2015 12:00:00 AM,24432,12685,11747
8/1/2015 12:00:00 AM,10/16/2015 12:00:00 AM,25579,13656,11923
8/1/2015 12:00:00 AM,10/17/2015 12:00:00 AM,29168,14811,14357
8/1/2015 12:00:00 AM,10/18/2015 12:00:00 AM,27253,14024,13229
8/1/2015 12:00:00 AM,10/19/2015 12:00:00 AM,27812,13525,14287
8/1/2015 12:00:00 AM,10/20/2015 12:00:00 AM,26918,13025,13893
8/1/2015 12:00:00 AM,10/21/2015 12:00:00 AM,26374,12545,13829
8/1/2015 12:00:00 AM,10/22/2015 12:00:00 AM,26277,12501,13776
8/1/2015 12:00:00 AM,10/23/2015 12:00:00 AM,26363,12703,13660
8/1/2015 12:00:00 AM,10/24/2015 12:00:00 AM,26475,13017,13458
8/1/2015 12:00:00 AM,10/25/2015 12:00:00 AM,25952,12548,13404
8/1/2015 12:00:00 AM,10/26/2015 12:00:00 AM,25077,12325,12752
8/1/2015 12:00:00 AM,10/27/2015 12:00:00 AM,22494,10333,12161
8/1/2015 12:00:00 AM,10/28/2015 12:00:00 AM,22622,10333,12289
8/1/2015 12:00:00 AM,10/29/2015 12:00:00 AM,22366,9523,12843
8/1/2015 12:00:00 AM,10/30/2015 12:00:00 AM,23489,9553,13936
8/1/2015 12:00:00 AM,10/31/2015 12:00:00 AM,27097,12437,14660
7/31/2015 12:00:00 AM,8/1/2015 12:00:00 AM,151,20,131
7/31/2015 12:00:00 AM,8/2/2015 12:00:00 AM,151,20,131
7/31/2015 12:00:00 AM,8/3/2015 12:00:00 AM,151,20,131
7/31/2015 12:00:00 AM,8/4/2015 12:00:00 AM,150,19,131
7/31/2015 12:00:00 AM,8/5/2015 12:00:00 AM,150,19,131
7/31/2015 12:00:00 AM,8/6/2015 12:00:00 AM,150,19,131
7/31/2015 12:00:00 AM,8/7/2015 12:00:00 AM,150,19,131
7/31/2015 12:00:00 AM,8/8/2015 12:00:00 AM,150,19,131
7/31/2015 12:00:00 AM,8/9/2015 12:00:00 AM,150,19,131
7/31/2015 12:00:00 AM,8/10/2015 12:00:00 AM,228,32,196
7/31/2015 12:00:00 AM,8/11/2015 12:00:00 AM,228,32,196
7/31/2015 12:00:00 AM,8/12/2015 12:00:00 AM,293,32,261
7/31/2015 12:00:00 AM,8/13/2015 12:00:00 AM,228,32,196
7/31/2015 12:00:00 AM,8/14/2015 12:00:00 AM,228,32,196
7/31/2015 12:00:00 AM,8/15/2015 12:00:00 AM,182,19,163
7/31/2015 12:00:00 AM,8/16/2015 12:00:00 AM,182,19,163
7/31/2015 12:00:00 AM,8/17/2015 12:00:00 AM,381,217,164
7/31/2015 12:00:00 AM,8/18/2015 12:00:00 AM,381,217,164
7/31/2015 12:00:00 AM,8/19/2015 12:00:00 AM,381,217,164
7/31/2015 12:00:00 AM,8/20/2015 12:00:00 AM,316,217,99
7/31/2015 12:00:00 AM,8/21/2015 12:00:00 AM,118,19,99
7/31/2015 12:00:00 AM,8/22/2015 12:00:00 AM,118,19,99
7/31/2015 12:00:00 AM,8/23/2015 12:00:00 AM,118,19,99
7/31/2015 12:00:00 AM,8/24/2015 12:00:00 AM,150,19,131
7/31/2015 12:00:00 AM,8/25/2015 12:00:00 AM,150,19,131
7/31/2015 12:00:00 AM,8/26/2015 12:00:00 AM,150,19,131
7/31/2015 12:00:00 AM,8/27/2015 12:00:00 AM,150,19,131
7/31/2015 12:00:00 AM,8/28/2015 12:00:00 AM,150,19,131
7/31/2015 12:00:00 AM,8/29/2015 12:00:00 AM,149,19,130
7/31/2015 12:00:00 AM,8/30/2015 12:00:00 AM,369,19,350
7/31/2015 12:00:00 AM,8/31/2015 12:00:00 AM,401,19,382
7/31/2015 12:00:00 AM,9/1/2015 12:00:00 AM,405,32,373
7/31/2015 12:00:00 AM,9/2/2015 12:00:00 AM,405,32,373
7/31/2015 12:00:00 AM,9/3/2015 12:00:00 AM,405,32,373
7/31/2015 12:00:00 AM,9/4/2015 12:00:00 AM,405,32,373
7/31/2015 12:00:00 AM,9/5/2015 12:00:00 AM,405,32,373
7/31/2015 12:00:00 AM,9/6/2015 12:00:00 AM,185,32,153
7/31/2015 12:00:00 AM,9/7/2015 12:00:00 AM,234,32,202
7/31/2015 12:00:00 AM,9/8/2015 12:00:00 AM,245,32,213
7/31/2015 12:00:00 AM,9/9/2015 12:00:00 AM,310,32,278
7/31/2015 12:00:00 AM,9/10/2015 12:00:00 AM,245,32,213
7/31/2015 12:00:00 AM,9/11/2015 12:00:00 AM,245,32,213
7/31/2015 12:00:00 AM,9/12/2015 12:00:00 AM,7808,4873,2935
7/31/2015 12:00:00 AM,9/13/2015 12:00:00 AM,8810,5373,3437
7/31/2015 12:00:00 AM,9/14/2015 12:00:00 AM,10590,6609,3981
7/31/2015 12:00:00 AM,9/15/2015 12:00:00 AM,10560,6609,3951
7/31/2015 12:00:00 AM,9/16/2015 12:00:00 AM,11025,6609,4416
7/31/2015 12:00:00 AM,9/17/2015 12:00:00 AM,10464,6048,4416
7/31/2015 12:00:00 AM,9/18/2015 12:00:00 AM,10932,6516,4416
7/31/2015 12:00:00 AM,9/19/2015 12:00:00 AM,12632,7838,4794
7/31/2015 12:00:00 AM,9/20/2015 12:00:00 AM,12753,7948,4805
7/31/2015 12:00:00 AM,9/21/2015 12:00:00 AM,14139,8047,6092
7/31/2015 12:00:00 AM,9/22/2015 12:00:00 AM,12891,6799,6092
7/31/2015 12:00:00 AM,9/23/2015 12:00:00 AM,13821,6949,6872
7/31/2015 12:00:00 AM,9/24/2015 12:00:00 AM,13671,6799,6872
7/31/2015 12:00:00 AM,9/25/2015 12:00:00 AM,13110,6740,6370
7/31/2015 12:00:00 AM,9/26/2015 12:00:00 AM,17854,10828,7026
7/31/2015 12:00:00 AM,9/27/2015 12:00:00 AM,16595,10094,6501
7/31/2015 12:00:00 AM,9/28/2015 12:00:00 AM,16593,10048,6545
7/31/2015 12:00:00 AM,9/29/2015 12:00:00 AM,16741,10193,6548
7/31/2015 12:00:00 AM,9/30/2015 12:00:00 AM,17558,11013,6545
7/31/2015 12:00:00 AM,10/1/2015 12:00:00 AM,18881,11285,7596
7/31/2015 12:00:00 AM,10/2/2015 12:00:00 AM,19258,10777,8481
7/31/2015 12:00:00 AM,10/3/2015 12:00:00 AM,21594,11935,9659
7/31/2015 12:00:00 AM,10/4/2015 12:00:00 AM,21703,12715,8988
7/31/2015 12:00:00 AM,10/5/2015 12:00:00 AM,21866,12636,9230
7/31/2015 12:00:00 AM,10/6/2015 12:00:00 AM,22180,12636,9544
7/31/2015 12:00:00 AM,10/7/2015 12:00:00 AM,21689,12135,9554
7/31/2015 12:00:00 AM,10/8/2015 12:00:00 AM,22962,12135,10827
7/31/2015 12:00:00 AM,10/9/2015 12:00:00 AM,23372,12635,10737
7/31/2015 12:00:00 AM,10/10/2015 12:00:00 AM,27642,15709,11933
7/31/2015 12:00:00 AM,10/11/2015 12:00:00 AM,28145,15625,12520
7/31/2015 12:00:00 AM,10/12/2015 12:00:00 AM,27581,15774,11807
7/31/2015 12:00:00 AM,10/13/2015 12:00:00 AM,24637,12657,11980
7/31/2015 12:00:00 AM,10/14/2015 12:00:00 AM,24650,12701,11949
7/31/2015 12:00:00 AM,10/15/2015 12:00:00 AM,24052,12685,11367
7/31/2015 12:00:00 AM,10/16/2015 12:00:00 AM,25199,13656,11543
7/31/2015 12:00:00 AM,10/17/2015 12:00:00 AM,28788,14811,13977
7/31/2015 12:00:00 AM,10/18/2015 12:00:00 AM,27253,14024,13229
7/31/2015 12:00:00 AM,10/19/2015 12:00:00 AM,27812,13525,14287
7/31/2015 12:00:00 AM,10/20/2015 12:00:00 AM,26918,13025,13893
7/31/2015 12:00:00 AM,10/21/2015 12:00:00 AM,26374,12545,13829
7/31/2015 12:00:00 AM,10/22/2015 12:00:00 AM,26277,12501,13776
7/31/2015 12:00:00 AM,10/23/2015 12:00:00 AM,26363,12703,13660
7/31/2015 12:00:00 AM,10/24/2015 12:00:00 AM,26475,13017,13458
7/31/2015 12:00:00 AM,10/25/2015 12:00:00 AM,25572,12548,13024
7/31/2015 12:00:00 AM,10/26/2015 12:00:00 AM,24697,12325,12372
7/31/2015 12:00:00 AM,10/27/2015 12:00:00 AM,22114,10333,11781
7/31/2015 12:00:00 AM,10/28/2015 12:00:00 AM,22242,10333,11909
7/31/2015 12:00:00 AM,10/29/2015 12:00:00 AM,21986,9523,12463
7/31/2015 12:00:00 AM,10/30/2015 12:00:00 AM,23109,9553,13556
7/30/2015 12:00:00 AM,7/31/2015 12:00:00 AM,151,20,131
7/30/2015 12:00:00 AM,8/1/2015 12:00:00 AM,151,20,131
7/30/2015 12:00:00 AM,8/2/2015 12:00:00 AM,151,20,131
7/30/2015 12:00:00 AM,8/3/2015 12:00:00 AM,151,20,131
7/30/2015 12:00:00 AM,8/4/2015 12:00:00 AM,150,19,131
7/30/2015 12:00:00 AM,8/5/2015 12:00:00 AM,150,19,131
7/30/2015 12:00:00 AM,8/6/2015 12:00:00 AM,150,19,131
7/30/2015 12:00:00 AM,8/7/2015 12:00:00 AM,150,19,131
7/30/2015 12:00:00 AM,8/8/2015 12:00:00 AM,150,19,131
7/30/2015 12:00:00 AM,8/9/2015 12:00:00 AM,150,19,131
7/30/2015 12:00:00 AM,8/10/2015 12:00:00 AM,228,32,196
7/30/2015 12:00:00 AM,8/11/2015 12:00:00 AM,228,32,196
7/30/2015 12:00:00 AM,8/12/2015 12:00:00 AM,293,32,261
7/30/2015 12:00:00 AM,8/13/2015 12:00:00 AM,228,32,196
7/30/2015 12:00:00 AM,8/14/2015 12:00:00 AM,228,32,196
7/30/2015 12:00:00 AM,8/15/2015 12:00:00 AM,182,19,163
7/30/2015 12:00:00 AM,8/16/2015 12:00:00 AM,182,19,163
7/30/2015 12:00:00 AM,8/17/2015 12:00:00 AM,381,217,164
7/30/2015 12:00:00 AM,8/18/2015 12:00:00 AM,381,217,164
7/30/2015 12:00:00 AM,8/19/2015 12:00:00 AM,381,217,164
7/30/2015 12:00:00 AM,8/20/2015 12:00:00 AM,316,217,99
7/30/2015 12:00:00 AM,8/21/2015 12:00:00 AM,118,19,99
7/30/2015 12:00:00 AM,8/22/2015 12:00:00 AM,118,19,99
7/30/2015 12:00:00 AM,8/23/2015 12:00:00 AM,118,19,99
7/30/2015 12:00:00 AM,8/24/2015 12:00:00 AM,150,19,131
7/30/2015 12:00:00 AM,8/25/2015 12:00:00 AM,150,19,131
7/30/2015 12:00:00 AM,8/26/2015 12:00:00 AM,150,19,131
7/30/2015 12:00:00 AM,8/27/2015 12:00:00 AM,150,19,131
7/30/2015 12:00:00 AM,8/28/2015 12:00:00 AM,150,19,131
7/30/2015 12:00:00 AM,8/29/2015 12:00:00 AM,149,19,130
7/30/2015 12:00:00 AM,8/30/2015 12:00:00 AM,369,19,350
7/30/2015 12:00:00 AM,8/31/2015 12:00:00 AM,401,19,382
7/30/2015 12:00:00 AM,9/1/2015 12:00:00 AM,405,32,373
7/30/2015 12:00:00 AM,9/2/2015 12:00:00 AM,405,32,373
7/30/2015 12:00:00 AM,9/3/2015 12:00:00 AM,405,32,373
7/30/2015 12:00:00 AM,9/4/2015 12:00:00 AM,405,32,373
7/30/2015 12:00:00 AM,9/5/2015 12:00:00 AM,405,32,373
7/30/2015 12:00:00 AM,9/6/2015 12:00:00 AM,185,32,153
7/30/2015 12:00:00 AM,9/7/2015 12:00:00 AM,234,32,202
7/30/2015 12:00:00 AM,9/8/2015 12:00:00 AM,245,32,213
7/30/2015 12:00:00 AM,9/9/2015 12:00:00 AM,310,32,278
7/30/2015 12:00:00 AM,9/10/2015 12:00:00 AM,245,32,213
7/30/2015 12:00:00 AM,9/11/2015 12:00:00 AM,245,32,213
7/30/2015 12:00:00 AM,9/12/2015 12:00:00 AM,7722,4873,2849
7/30/2015 12:00:00 AM,9/13/2015 12:00:00 AM,8724,5373,3351
7/30/2015 12:00:00 AM,9/14/2015 12:00:00 AM,10504,6609,3895
7/30/2015 12:00:00 AM,9/15/2015 12:00:00 AM,10474,6609,3865
7/30/2015 12:00:00 AM,9/16/2015 12:00:00 AM,10939,6609,4330
7/30/2015 12:00:00 AM,9/17/2015 12:00:00 AM,10378,6048,4330
7/30/2015 12:00:00 AM,9/18/2015 12:00:00 AM,10846,6516,4330
7/30/2015 12:00:00 AM,9/19/2015 12:00:00 AM,12546,7838,4708
7/30/2015 12:00:00 AM,9/20/2015 12:00:00 AM,12667,7948,4719
7/30/2015 12:00:00 AM,9/21/2015 12:00:00 AM,14053,8047,6006
7/30/2015 12:00:00 AM,9/22/2015 12:00:00 AM,12805,6799,6006
7/30/2015 12:00:00 AM,9/23/2015 12:00:00 AM,13735,6949,6786
7/30/2015 12:00:00 AM,9/24/2015 12:00:00 AM,13585,6799,6786
7/30/2015 12:00:00 AM,9/25/2015 12:00:00 AM,13024,6740,6284
7/30/2015 12:00:00 AM,9/26/2015 12:00:00 AM,17768,10828,6940
7/30/2015 12:00:00 AM,9/27/2015 12:00:00 AM,16595,10094,6501
7/30/2015 12:00:00 AM,9/28/2015 12:00:00 AM,16593,10048,6545
7/30/2015 12:00:00 AM,9/29/2015 12:00:00 AM,16738,10193,6545
7/30/2015 12:00:00 AM,9/30/2015 12:00:00 AM,17558,11013,6545
7/30/2015 12:00:00 AM,10/1/2015 12:00:00 AM,18881,11285,7596
7/30/2015 12:00:00 AM,10/2/2015 12:00:00 AM,19258,10777,8481
7/30/2015 12:00:00 AM,10/3/2015 12:00:00 AM,21594,11935,9659
7/30/2015 12:00:00 AM,10/4/2015 12:00:00 AM,21703,12715,8988
7/30/2015 12:00:00 AM,10/5/2015 12:00:00 AM,21866,12636,9230
7/30/2015 12:00:00 AM,10/6/2015 12:00:00 AM,22180,12636,9544
7/30/2015 12:00:00 AM,10/7/2015 12:00:00 AM,21689,12135,9554
7/30/2015 12:00:00 AM,10/8/2015 12:00:00 AM,22962,12135,10827
7/30/2015 12:00:00 AM,10/9/2015 12:00:00 AM,23372,12635,10737
7/30/2015 12:00:00 AM,10/10/2015 12:00:00 AM,27642,15709,11933
7/30/2015 12:00:00 AM,10/11/2015 12:00:00 AM,28145,15625,12520
7/30/2015 12:00:00 AM,10/12/2015 12:00:00 AM,27578,15774,11804
7/30/2015 12:00:00 AM,10/13/2015 12:00:00 AM,24634,12657,11977
7/30/2015 12:00:00 AM,10/14/2015 12:00:00 AM,24647,12701,11946
7/30/2015 12:00:00 AM,10/15/2015 12:00:00 AM,24049,12685,11364
7/30/2015 12:00:00 AM,10/16/2015 12:00:00 AM,25196,13656,11540
7/30/2015 12:00:00 AM,10/17/2015 12:00:00 AM,28785,14811,13974
7/30/2015 12:00:00 AM,10/18/2015 12:00:00 AM,27250,14024,13226
7/30/2015 12:00:00 AM,10/19/2015 12:00:00 AM,27809,13525,14284
7/30/2015 12:00:00 AM,10/20/2015 12:00:00 AM,26915,13025,13890
7/30/2015 12:00:00 AM,10/21/2015 12:00:00 AM,26371,12545,13826
7/30/2015 12:00:00 AM,10/22/2015 12:00:00 AM,26277,12501,13776
7/30/2015 12:00:00 AM,10/23/2015 12:00:00 AM,26363,12703,13660
7/30/2015 12:00:00 AM,10/24/2015 12:00:00 AM,26475,13017,13458
7/30/2015 12:00:00 AM,10/25/2015 12:00:00 AM,25572,12548,13024
7/30/2015 12:00:00 AM,10/26/2015 12:00:00 AM,24697,12325,12372
7/30/2015 12:00:00 AM,10/27/2015 12:00:00 AM,22114,10333,11781
7/30/2015 12:00:00 AM,10/28/2015 12:00:00 AM,22242,10333,11909
7/30/2015 12:00:00 AM,10/29/2015 12:00:00 AM,21986,9523,12463
7/29/2015 12:00:00 AM,7/30/2015 12:00:00 AM,151,20,131
7/29/2015 12:00:00 AM,7/31/2015 12:00:00 AM,151,20,131
7/29/2015 12:00:00 AM,8/1/2015 12:00:00 AM,118,20,98
7/29/2015 12:00:00 AM,8/2/2015 12:00:00 AM,118,20,98
7/29/2015 12:00:00 AM,8/3/2015 12:00:00 AM,150,20,130
7/29/2015 12:00:00 AM,8/4/2015 12:00:00 AM,149,19,130
7/29/2015 12:00:00 AM,8/5/2015 12:00:00 AM,149,19,130
7/29/2015 12:00:00 AM,8/6/2015 12:00:00 AM,149,19,130
7/29/2015 12:00:00 AM,8/7/2015 12:00:00 AM,149,19,130
7/29/2015 12:00:00 AM,8/8/2015 12:00:00 AM,149,19,130
7/29/2015 12:00:00 AM,8/9/2015 12:00:00 AM,149,19,130
7/29/2015 12:00:00 AM,8/10/2015 12:00:00 AM,227,32,195
7/29/2015 12:00:00 AM,8/11/2015 12:00:00 AM,227,32,195
7/29/2015 12:00:00 AM,8/12/2015 12:00:00 AM,292,32,260
7/29/2015 12:00:00 AM,8/13/2015 12:00:00 AM,227,32,195
7/29/2015 12:00:00 AM,8/14/2015 12:00:00 AM,227,32,195
7/29/2015 12:00:00 AM,8/15/2015 12:00:00 AM,214,19,195
7/29/2015 12:00:00 AM,8/16/2015 12:00:00 AM,214,19,195
7/29/2015 12:00:00 AM,8/17/2015 12:00:00 AM,413,217,196
7/29/2015 12:00:00 AM,8/18/2015 12:00:00 AM,413,217,196
7/29/2015 12:00:00 AM,8/19/2015 12:00:00 AM,413,217,196
7/29/2015 12:00:00 AM,8/20/2015 12:00:00 AM,348,217,131
7/29/2015 12:00:00 AM,8/21/2015 12:00:00 AM,150,19,131
7/29/2015 12:00:00 AM,8/22/2015 12:00:00 AM,150,19,131
7/29/2015 12:00:00 AM,8/23/2015 12:00:00 AM,150,19,131
7/29/2015 12:00:00 AM,8/24/2015 12:00:00 AM,182,19,163
7/29/2015 12:00:00 AM,8/25/2015 12:00:00 AM,182,19,163
7/29/2015 12:00:00 AM,8/26/2015 12:00:00 AM,182,19,163
7/29/2015 12:00:00 AM,8/27/2015 12:00:00 AM,182,19,163
7/29/2015 12:00:00 AM,8/28/2015 12:00:00 AM,182,19,163
7/29/2015 12:00:00 AM,8/29/2015 12:00:00 AM,181,19,162
7/29/2015 12:00:00 AM,8/30/2015 12:00:00 AM,401,19,382
7/29/2015 12:00:00 AM,8/31/2015 12:00:00 AM,382,0,382
7/29/2015 12:00:00 AM,9/1/2015 12:00:00 AM,386,13,373
7/29/2015 12:00:00 AM,9/2/2015 12:00:00 AM,386,13,373
7/29/2015 12:00:00 AM,9/3/2015 12:00:00 AM,386,13,373
7/29/2015 12:00:00 AM,9/4/2015 12:00:00 AM,386,13,373
7/29/2015 12:00:00 AM,9/5/2015 12:00:00 AM,386,13,373
7/29/2015 12:00:00 AM,9/6/2015 12:00:00 AM,166,13,153
7/29/2015 12:00:00 AM,9/7/2015 12:00:00 AM,215,13,202
7/29/2015 12:00:00 AM,9/8/2015 12:00:00 AM,226,13,213
7/29/2015 12:00:00 AM,9/9/2015 12:00:00 AM,291,13,278
7/29/2015 12:00:00 AM,9/10/2015 12:00:00 AM,226,13,213
7/29/2015 12:00:00 AM,9/11/2015 12:00:00 AM,226,13,213
7/29/2015 12:00:00 AM,9/12/2015 12:00:00 AM,7703,4854,2849
7/29/2015 12:00:00 AM,9/13/2015 12:00:00 AM,8705,5354,3351
7/29/2015 12:00:00 AM,9/14/2015 12:00:00 AM,10485,6590,3895
7/29/2015 12:00:00 AM,9/15/2015 12:00:00 AM,10455,6590,3865
7/29/2015 12:00:00 AM,9/16/2015 12:00:00 AM,10920,6590,4330
7/29/2015 12:00:00 AM,9/17/2015 12:00:00 AM,10359,6029,4330
7/29/2015 12:00:00 AM,9/18/2015 12:00:00 AM,10827,6497,4330
7/29/2015 12:00:00 AM,9/19/2015 12:00:00 AM,12527,7819,4708
7/29/2015 12:00:00 AM,9/20/2015 12:00:00 AM,12648,7929,4719
7/29/2015 12:00:00 AM,9/21/2015 12:00:00 AM,14034,8028,6006
7/29/2015 12:00:00 AM,9/22/2015 12:00:00 AM,12786,6780,6006
7/29/2015 12:00:00 AM,9/23/2015 12:00:00 AM,13716,6930,6786
7/29/2015 12:00:00 AM,9/24/2015 12:00:00 AM,13566,6780,6786
7/29/2015 12:00:00 AM,9/25/2015 12:00:00 AM,13005,6721,6284
7/29/2015 12:00:00 AM,9/26/2015 12:00:00 AM,17749,10809,6940
7/29/2015 12:00:00 AM,9/27/2015 12:00:00 AM,16576,10075,6501
7/29/2015 12:00:00 AM,9/28/2015 12:00:00 AM,16574,10029,6545
7/29/2015 12:00:00 AM,9/29/2015 12:00:00 AM,16719,10174,6545
7/29/2015 12:00:00 AM,9/30/2015 12:00:00 AM,17539,10994,6545
7/29/2015 12:00:00 AM,10/1/2015 12:00:00 AM,18881,11285,7596
7/29/2015 12:00:00 AM,10/2/2015 12:00:00 AM,19258,10777,8481
7/29/2015 12:00:00 AM,10/3/2015 12:00:00 AM,21594,11935,9659
7/29/2015 12:00:00 AM,10/4/2015 12:00:00 AM,21703,12715,8988
7/29/2015 12:00:00 AM,10/5/2015 12:00:00 AM,21866,12636,9230
7/29/2015 12:00:00 AM,10/6/2015 12:00:00 AM,22180,12636,9544
7/29/2015 12:00:00 AM,10/7/2015 12:00:00 AM,21689,12135,9554
7/29/2015 12:00:00 AM,10/8/2015 12:00:00 AM,22962,12135,10827
7/29/2015 12:00:00 AM,10/9/2015 12:00:00 AM,23372,12635,10737
7/29/2015 12:00:00 AM,10/10/2015 12:00:00 AM,27642,15709,11933
7/29/2015 12:00:00 AM,10/11/2015 12:00:00 AM,28145,15625,12520
7/29/2015 12:00:00 AM,10/12/2015 12:00:00 AM,27578,15774,11804
7/29/2015 12:00:00 AM,10/13/2015 12:00:00 AM,24634,12657,11977
7/29/2015 12:00:00 AM,10/14/2015 12:00:00 AM,24647,12701,11946
7/29/2015 12:00:00 AM,10/15/2015 12:00:00 AM,24049,12685,11364
7/29/2015 12:00:00 AM,10/16/2015 12:00:00 AM,25196,13656,11540
7/29/2015 12:00:00 AM,10/17/2015 12:00:00 AM,28785,14811,13974
7/29/2015 12:00:00 AM,10/18/2015 12:00:00 AM,27250,14024,13226
7/29/2015 12:00:00 AM,10/19/2015 12:00:00 AM,27809,13525,14284
7/29/2015 12:00:00 AM,10/20/2015 12:00:00 AM,26915,13025,13890
7/29/2015 12:00:00 AM,10/21/2015 12:00:00 AM,26371,12545,13826
7/29/2015 12:00:00 AM,10/22/2015 12:00:00 AM,26277,12501,13776
7/29/2015 12:00:00 AM,10/23/2015 12:00:00 AM,26363,12703,13660
7/29/2015 12:00:00 AM,10/24/2015 12:00:00 AM,26475,13017,13458
7/29/2015 12:00:00 AM,10/25/2015 12:00:00 AM,25572,12548,13024
7/29/2015 12:00:00 AM,10/26/2015 12:00:00 AM,24697,12325,12372
7/29/2015 12:00:00 AM,10/27/2015 12:00:00 AM,22114,10333,11781
7/29/2015 12:00:00 AM,10/28/2015 12:00:00 AM,22210,10333,11877
7/28/2015 12:00:00 AM,7/29/2015 12:00:00 AM,164,33,131
7/28/2015 12:00:00 AM,7/30/2015 12:00:00 AM,164,33,131
7/28/2015 12:00:00 AM,7/31/2015 12:00:00 AM,164,33,131
7/28/2015 12:00:00 AM,8/1/2015 12:00:00 AM,131,33,98
7/28/2015 12:00:00 AM,8/2/2015 12:00:00 AM,118,20,98
7/28/2015 12:00:00 AM,8/3/2015 12:00:00 AM,163,33,130
7/28/2015 12:00:00 AM,8/4/2015 12:00:00 AM,162,32,130
7/28/2015 12:00:00 AM,8/5/2015 12:00:00 AM,162,32,130
7/28/2015 12:00:00 AM,8/6/2015 12:00:00 AM,162,32,130
7/28/2015 12:00:00 AM,8/7/2015 12:00:00 AM,162,32,130
7/28/2015 12:00:00 AM,8/8/2015 12:00:00 AM,162,32,130
7/28/2015 12:00:00 AM,8/9/2015 12:00:00 AM,149,19,130
7/28/2015 12:00:00 AM,8/10/2015 12:00:00 AM,227,32,195
7/28/2015 12:00:00 AM,8/11/2015 12:00:00 AM,227,32,195
7/28/2015 12:00:00 AM,8/12/2015 12:00:00 AM,292,32,260
7/28/2015 12:00:00 AM,8/13/2015 12:00:00 AM,227,32,195
7/28/2015 12:00:00 AM,8/14/2015 12:00:00 AM,227,32,195
7/28/2015 12:00:00 AM,8/15/2015 12:00:00 AM,214,19,195
7/28/2015 12:00:00 AM,8/16/2015 12:00:00 AM,214,19,195
7/28/2015 12:00:00 AM,8/17/2015 12:00:00 AM,413,217,196
7/28/2015 12:00:00 AM,8/18/2015 12:00:00 AM,413,217,196
7/28/2015 12:00:00 AM,8/19/2015 12:00:00 AM,413,217,196
7/28/2015 12:00:00 AM,8/20/2015 12:00:00 AM,348,217,131
7/28/2015 12:00:00 AM,8/21/2015 12:00:00 AM,150,19,131
7/28/2015 12:00:00 AM,8/22/2015 12:00:00 AM,150,19,131
7/28/2015 12:00:00 AM,8/23/2015 12:00:00 AM,150,19,131
7/28/2015 12:00:00 AM,8/24/2015 12:00:00 AM,182,19,163
7/28/2015 12:00:00 AM,8/25/2015 12:00:00 AM,182,19,163
7/28/2015 12:00:00 AM,8/26/2015 12:00:00 AM,182,19,163
7/28/2015 12:00:00 AM,8/27/2015 12:00:00 AM,182,19,163
7/28/2015 12:00:00 AM,8/28/2015 12:00:00 AM,182,19,163
7/28/2015 12:00:00 AM,8/29/2015 12:00:00 AM,181,19,162
7/28/2015 12:00:00 AM,8/30/2015 12:00:00 AM,401,19,382
7/28/2015 12:00:00 AM,8/31/2015 12:00:00 AM,382,0,382
7/28/2015 12:00:00 AM,9/1/2015 12:00:00 AM,386,13,373
7/28/2015 12:00:00 AM,9/2/2015 12:00:00 AM,386,13,373
7/28/2015 12:00:00 AM,9/3/2015 12:00:00 AM,386,13,373
7/28/2015 12:00:00 AM,9/4/2015 12:00:00 AM,386,13,373
7/28/2015 12:00:00 AM,9/5/2015 12:00:00 AM,386,13,373
7/28/2015 12:00:00 AM,9/6/2015 12:00:00 AM,166,13,153
7/28/2015 12:00:00 AM,9/7/2015 12:00:00 AM,215,13,202
7/28/2015 12:00:00 AM,9/8/2015 12:00:00 AM,226,13,213
7/28/2015 12:00:00 AM,9/9/2015 12:00:00 AM,291,13,278
7/28/2015 12:00:00 AM,9/10/2015 12:00:00 AM,226,13,213
7/28/2015 12:00:00 AM,9/11/2015 12:00:00 AM,226,13,213
7/28/2015 12:00:00 AM,9/12/2015 12:00:00 AM,7703,4854,2849
7/28/2015 12:00:00 AM,9/13/2015 12:00:00 AM,8705,5354,3351
7/28/2015 12:00:00 AM,9/14/2015 12:00:00 AM,10485,6590,3895
7/28/2015 12:00:00 AM,9/15/2015 12:00:00 AM,10455,6590,3865
7/28/2015 12:00:00 AM,9/16/2015 12:00:00 AM,10920,6590,4330
7/28/2015 12:00:00 AM,9/17/2015 12:00:00 AM,10359,6029,4330
7/28/2015 12:00:00 AM,9/18/2015 12:00:00 AM,10827,6497,4330
7/28/2015 12:00:00 AM,9/19/2015 12:00:00 AM,12017,7309,4708
7/28/2015 12:00:00 AM,9/20/2015 12:00:00 AM,12138,7419,4719
7/28/2015 12:00:00 AM,9/21/2015 12:00:00 AM,13524,7518,6006
7/28/2015 12:00:00 AM,9/22/2015 12:00:00 AM,12276,6270,6006
7/28/2015 12:00:00 AM,9/23/2015 12:00:00 AM,13206,6420,6786
7/28/2015 12:00:00 AM,9/24/2015 12:00:00 AM,13056,6270,6786
7/28/2015 12:00:00 AM,9/25/2015 12:00:00 AM,12495,6211,6284
7/28/2015 12:00:00 AM,9/26/2015 12:00:00 AM,17239,10299,6940
7/28/2015 12:00:00 AM,9/27/2015 12:00:00 AM,16576,10075,6501
7/28/2015 12:00:00 AM,9/28/2015 12:00:00 AM,16574,10029,6545
7/28/2015 12:00:00 AM,9/29/2015 12:00:00 AM,16719,10174,6545
7/28/2015 12:00:00 AM,9/30/2015 12:00:00 AM,17539,10994,6545
7/28/2015 12:00:00 AM,10/1/2015 12:00:00 AM,18881,11285,7596
7/28/2015 12:00:00 AM,10/2/2015 12:00:00 AM,19258,10777,8481
7/28/2015 12:00:00 AM,10/3/2015 12:00:00 AM,21594,11935,9659
7/28/2015 12:00:00 AM,10/4/2015 12:00:00 AM,21703,12715,8988
7/28/2015 12:00:00 AM,10/5/2015 12:00:00 AM,21866,12636,9230
7/28/2015 12:00:00 AM,10/6/2015 12:00:00 AM,22180,12636,9544
7/28/2015 12:00:00 AM,10/7/2015 12:00:00 AM,21689,12135,9554
7/28/2015 12:00:00 AM,10/8/2015 12:00:00 AM,22962,12135,10827
7/28/2015 12:00:00 AM,10/9/2015 12:00:00 AM,23372,12635,10737
7/28/2015 12:00:00 AM,10/10/2015 12:00:00 AM,27642,15709,11933
7/28/2015 12:00:00 AM,10/11/2015 12:00:00 AM,28145,15625,12520
7/28/2015 12:00:00 AM,10/12/2015 12:00:00 AM,27554,15774,11780
7/28/2015 12:00:00 AM,10/13/2015 12:00:00 AM,24610,12657,11953
7/28/2015 12:00:00 AM,10/14/2015 12:00:00 AM,24623,12701,11922
7/28/2015 12:00:00 AM,10/15/2015 12:00:00 AM,24025,12685,11340
7/28/2015 12:00:00 AM,10/16/2015 12:00:00 AM,25172,13656,11516
7/28/2015 12:00:00 AM,10/17/2015 12:00:00 AM,28785,14811,13974
7/28/2015 12:00:00 AM,10/18/2015 12:00:00 AM,27250,14024,13226
7/28/2015 12:00:00 AM,10/19/2015 12:00:00 AM,27809,13525,14284
7/28/2015 12:00:00 AM,10/20/2015 12:00:00 AM,26915,13025,13890
7/28/2015 12:00:00 AM,10/21/2015 12:00:00 AM,25561,11735,13826
7/28/2015 12:00:00 AM,10/22/2015 12:00:00 AM,25467,11691,13776
7/28/2015 12:00:00 AM,10/23/2015 12:00:00 AM,25529,11893,13636
7/28/2015 12:00:00 AM,10/24/2015 12:00:00 AM,25641,12207,13434
7/28/2015 12:00:00 AM,10/25/2015 12:00:00 AM,24738,11738,13000
7/28/2015 12:00:00 AM,10/26/2015 12:00:00 AM,23863,11515,12348
7/28/2015 12:00:00 AM,10/27/2015 12:00:00 AM,21280,9523,11757
7/27/2015 12:00:00 AM,7/28/2015 12:00:00 AM,164,33,131
7/27/2015 12:00:00 AM,7/29/2015 12:00:00 AM,164,33,131
7/27/2015 12:00:00 AM,7/30/2015 12:00:00 AM,164,33,131
7/27/2015 12:00:00 AM,7/31/2015 12:00:00 AM,164,33,131
7/27/2015 12:00:00 AM,8/1/2015 12:00:00 AM,131,33,98
7/27/2015 12:00:00 AM,8/2/2015 12:00:00 AM,118,20,98
7/27/2015 12:00:00 AM,8/3/2015 12:00:00 AM,163,33,130
7/27/2015 12:00:00 AM,8/4/2015 12:00:00 AM,162,32,130
7/27/2015 12:00:00 AM,8/5/2015 12:00:00 AM,162,32,130
7/27/2015 12:00:00 AM,8/6/2015 12:00:00 AM,162,32,130
7/27/2015 12:00:00 AM,8/7/2015 12:00:00 AM,162,32,130
7/27/2015 12:00:00 AM,8/8/2015 12:00:00 AM,162,32,130
7/27/2015 12:00:00 AM,8/9/2015 12:00:00 AM,149,19,130
7/27/2015 12:00:00 AM,8/10/2015 12:00:00 AM,227,32,195
7/27/2015 12:00:00 AM,8/11/2015 12:00:00 AM,227,32,195
7/27/2015 12:00:00 AM,8/12/2015 12:00:00 AM,292,32,260
7/27/2015 12:00:00 AM,8/13/2015 12:00:00 AM,227,32,195
7/27/2015 12:00:00 AM,8/14/2015 12:00:00 AM,227,32,195
7/27/2015 12:00:00 AM,8/15/2015 12:00:00 AM,214,19,195
7/27/2015 12:00:00 AM,8/16/2015 12:00:00 AM,214,19,195
7/27/2015 12:00:00 AM,8/17/2015 12:00:00 AM,413,217,196
7/27/2015 12:00:00 AM,8/18/2015 12:00:00 AM,413,217,196
7/27/2015 12:00:00 AM,8/19/2015 12:00:00 AM,413,217,196
7/27/2015 12:00:00 AM,8/20/2015 12:00:00 AM,348,217,131
7/27/2015 12:00:00 AM,8/21/2015 12:00:00 AM,150,19,131
7/27/2015 12:00:00 AM,8/22/2015 12:00:00 AM,150,19,131
7/27/2015 12:00:00 AM,8/23/2015 12:00:00 AM,150,19,131
7/27/2015 12:00:00 AM,8/24/2015 12:00:00 AM,182,19,163
7/27/2015 12:00:00 AM,8/25/2015 12:00:00 AM,182,19,163
7/27/2015 12:00:00 AM,8/26/2015 12:00:00 AM,182,19,163
7/27/2015 12:00:00 AM,8/27/2015 12:00:00 AM,182,19,163
7/27/2015 12:00:00 AM,8/28/2015 12:00:00 AM,182,19,163
7/27/2015 12:00:00 AM,8/29/2015 12:00:00 AM,181,19,162
7/27/2015 12:00:00 AM,8/30/2015 12:00:00 AM,401,19,382
7/27/2015 12:00:00 AM,8/31/2015 12:00:00 AM,382,0,382
7/27/2015 12:00:00 AM,9/1/2015 12:00:00 AM,386,13,373
7/27/2015 12:00:00 AM,9/2/2015 12:00:00 AM,386,13,373
7/27/2015 12:00:00 AM,9/3/2015 12:00:00 AM,386,13,373
7/27/2015 12:00:00 AM,9/4/2015 12:00:00 AM,386,13,373
7/27/2015 12:00:00 AM,9/5/2015 12:00:00 AM,386,13,373
7/27/2015 12:00:00 AM,9/6/2015 12:00:00 AM,166,13,153
7/27/2015 12:00:00 AM,9/7/2015 12:00:00 AM,215,13,202
7/27/2015 12:00:00 AM,9/8/2015 12:00:00 AM,226,13,213
7/27/2015 12:00:00 AM,9/9/2015 12:00:00 AM,291,13,278
7/27/2015 12:00:00 AM,9/10/2015 12:00:00 AM,226,13,213
7/27/2015 12:00:00 AM,9/11/2015 12:00:00 AM,226,13,213
7/27/2015 12:00:00 AM,9/12/2015 12:00:00 AM,7703,4854,2849
7/27/2015 12:00:00 AM,9/13/2015 12:00:00 AM,8705,5354,3351
7/27/2015 12:00:00 AM,9/14/2015 12:00:00 AM,10501,6590,3911
7/27/2015 12:00:00 AM,9/15/2015 12:00:00 AM,10471,6590,3881
7/27/2015 12:00:00 AM,9/16/2015 12:00:00 AM,10936,6590,4346
7/27/2015 12:00:00 AM,9/17/2015 12:00:00 AM,10375,6029,4346
7/27/2015 12:00:00 AM,9/18/2015 12:00:00 AM,10843,6497,4346
7/27/2015 12:00:00 AM,9/19/2015 12:00:00 AM,12033,7309,4724
7/27/2015 12:00:00 AM,9/20/2015 12:00:00 AM,12154,7419,4735
7/27/2015 12:00:00 AM,9/21/2015 12:00:00 AM,13524,7518,6006
7/27/2015 12:00:00 AM,9/22/2015 12:00:00 AM,12276,6270,6006
7/27/2015 12:00:00 AM,9/23/2015 12:00:00 AM,13206,6420,6786
7/27/2015 12:00:00 AM,9/24/2015 12:00:00 AM,13056,6270,6786
7/27/2015 12:00:00 AM,9/25/2015 12:00:00 AM,12495,6211,6284
7/27/2015 12:00:00 AM,9/26/2015 12:00:00 AM,17223,10299,6924
7/27/2015 12:00:00 AM,9/27/2015 12:00:00 AM,16560,10075,6485
7/27/2015 12:00:00 AM,9/28/2015 12:00:00 AM,16558,10029,6529
7/27/2015 12:00:00 AM,9/29/2015 12:00:00 AM,16703,10174,6529
7/27/2015 12:00:00 AM,9/30/2015 12:00:00 AM,17523,10994,6529
7/27/2015 12:00:00 AM,10/1/2015 12:00:00 AM,18865,11285,7580
7/27/2015 12:00:00 AM,10/2/2015 12:00:00 AM,19242,10777,8465
7/27/2015 12:00:00 AM,10/3/2015 12:00:00 AM,21594,11935,9659
7/27/2015 12:00:00 AM,10/4/2015 12:00:00 AM,21703,12715,8988
7/27/2015 12:00:00 AM,10/5/2015 12:00:00 AM,21866,12636,9230
7/27/2015 12:00:00 AM,10/6/2015 12:00:00 AM,22180,12636,9544
7/27/2015 12:00:00 AM,10/7/2015 12:00:00 AM,21689,12135,9554
7/27/2015 12:00:00 AM,10/8/2015 12:00:00 AM,22962,12135,10827
7/27/2015 12:00:00 AM,10/9/2015 12:00:00 AM,23372,12635,10737
7/27/2015 12:00:00 AM,10/10/2015 12:00:00 AM,27642,15709,11933
7/27/2015 12:00:00 AM,10/11/2015 12:00:00 AM,28145,15625,12520
7/27/2015 12:00:00 AM,10/12/2015 12:00:00 AM,27554,15774,11780
7/27/2015 12:00:00 AM,10/13/2015 12:00:00 AM,24610,12657,11953
7/27/2015 12:00:00 AM,10/14/2015 12:00:00 AM,24623,12701,11922
7/27/2015 12:00:00 AM,10/15/2015 12:00:00 AM,24025,12685,11340
7/27/2015 12:00:00 AM,10/16/2015 12:00:00 AM,25172,13656,11516
7/27/2015 12:00:00 AM,10/17/2015 12:00:00 AM,28785,14811,13974
7/27/2015 12:00:00 AM,10/18/2015 12:00:00 AM,27250,14024,13226
7/27/2015 12:00:00 AM,10/19/2015 12:00:00 AM,27809,13525,14284
7/27/2015 12:00:00 AM,10/20/2015 12:00:00 AM,26915,13025,13890
7/27/2015 12:00:00 AM,10/21/2015 12:00:00 AM,25561,11735,13826
7/27/2015 12:00:00 AM,10/22/2015 12:00:00 AM,25467,11691,13776
7/27/2015 12:00:00 AM,10/23/2015 12:00:00 AM,25529,11893,13636
7/27/2015 12:00:00 AM,10/24/2015 12:00:00 AM,25641,12207,13434
7/27/2015 12:00:00 AM,10/25/2015 12:00:00 AM,24738,11738,13000
7/27/2015 12:00:00 AM,10/26/2015 12:00:00 AM,23863,11515,12348
7/26/2015 12:00:00 AM,7/27/2015 12:00:00 AM,164,33,131
7/26/2015 12:00:00 AM,7/28/2015 12:00:00 AM,164,33,131
7/26/2015 12:00:00 AM,7/29/2015 12:00:00 AM,164,33,131
7/26/2015 12:00:00 AM,7/30/2015 12:00:00 AM,164,33,131
7/26/2015 12:00:00 AM,7/31/2015 12:00:00 AM,164,33,131
7/26/2015 12:00:00 AM,8/1/2015 12:00:00 AM,131,33,98
7/26/2015 12:00:00 AM,8/2/2015 12:00:00 AM,118,20,98
7/26/2015 12:00:00 AM,8/3/2015 12:00:00 AM,163,33,130
7/26/2015 12:00:00 AM,8/4/2015 12:00:00 AM,162,32,130
7/26/2015 12:00:00 AM,8/5/2015 12:00:00 AM,162,32,130
7/26/2015 12:00:00 AM,8/6/2015 12:00:00 AM,162,32,130
7/26/2015 12:00:00 AM,8/7/2015 12:00:00 AM,162,32,130
7/26/2015 12:00:00 AM,8/8/2015 12:00:00 AM,162,32,130
7/26/2015 12:00:00 AM,8/9/2015 12:00:00 AM,149,19,130
7/26/2015 12:00:00 AM,8/10/2015 12:00:00 AM,227,32,195
7/26/2015 12:00:00 AM,8/11/2015 12:00:00 AM,227,32,195
7/26/2015 12:00:00 AM,8/12/2015 12:00:00 AM,292,32,260
7/26/2015 12:00:00 AM,8/13/2015 12:00:00 AM,227,32,195
7/26/2015 12:00:00 AM,8/14/2015 12:00:00 AM,227,32,195
7/26/2015 12:00:00 AM,8/15/2015 12:00:00 AM,214,19,195
7/26/2015 12:00:00 AM,8/16/2015 12:00:00 AM,214,19,195
7/26/2015 12:00:00 AM,8/17/2015 12:00:00 AM,413,217,196
7/26/2015 12:00:00 AM,8/18/2015 12:00:00 AM,413,217,196
7/26/2015 12:00:00 AM,8/19/2015 12:00:00 AM,413,217,196
7/26/2015 12:00:00 AM,8/20/2015 12:00:00 AM,348,217,131
7/26/2015 12:00:00 AM,8/21/2015 12:00:00 AM,150,19,131
7/26/2015 12:00:00 AM,8/22/2015 12:00:00 AM,150,19,131
7/26/2015 12:00:00 AM,8/23/2015 12:00:00 AM,150,19,131
7/26/2015 12:00:00 AM,8/24/2015 12:00:00 AM,182,19,163
7/26/2015 12:00:00 AM,8/25/2015 12:00:00 AM,182,19,163
7/26/2015 12:00:00 AM,8/26/2015 12:00:00 AM,182,19,163
7/26/2015 12:00:00 AM,8/27/2015 12:00:00 AM,182,19,163
7/26/2015 12:00:00 AM,8/28/2015 12:00:00 AM,182,19,163
7/26/2015 12:00:00 AM,8/29/2015 12:00:00 AM,181,19,162
7/26/2015 12:00:00 AM,8/30/2015 12:00:00 AM,401,19,382
7/26/2015 12:00:00 AM,8/31/2015 12:00:00 AM,382,0,382
7/26/2015 12:00:00 AM,9/1/2015 12:00:00 AM,386,13,373
7/26/2015 12:00:00 AM,9/2/2015 12:00:00 AM,386,13,373
7/26/2015 12:00:00 AM,9/3/2015 12:00:00 AM,386,13,373
7/26/2015 12:00:00 AM,9/4/2015 12:00:00 AM,386,13,373
7/26/2015 12:00:00 AM,9/5/2015 12:00:00 AM,386,13,373
7/26/2015 12:00:00 AM,9/6/2015 12:00:00 AM,166,13,153
7/26/2015 12:00:00 AM,9/7/2015 12:00:00 AM,215,13,202
7/26/2015 12:00:00 AM,9/8/2015 12:00:00 AM,226,13,213
7/26/2015 12:00:00 AM,9/9/2015 12:00:00 AM,291,13,278
7/26/2015 12:00:00 AM,9/10/2015 12:00:00 AM,226,13,213
7/26/2015 12:00:00 AM,9/11/2015 12:00:00 AM,226,13,213
7/26/2015 12:00:00 AM,9/12/2015 12:00:00 AM,7703,4854,2849
7/26/2015 12:00:00 AM,9/13/2015 12:00:00 AM,8705,5354,3351
7/26/2015 12:00:00 AM,9/14/2015 12:00:00 AM,10501,6590,3911
7/26/2015 12:00:00 AM,9/15/2015 12:00:00 AM,10471,6590,3881
7/26/2015 12:00:00 AM,9/16/2015 12:00:00 AM,10936,6590,4346
7/26/2015 12:00:00 AM,9/17/2015 12:00:00 AM,10375,6029,4346
7/26/2015 12:00:00 AM,9/18/2015 12:00:00 AM,10843,6497,4346
7/26/2015 12:00:00 AM,9/19/2015 12:00:00 AM,12033,7309,4724
7/26/2015 12:00:00 AM,9/20/2015 12:00:00 AM,12154,7419,4735
7/26/2015 12:00:00 AM,9/21/2015 12:00:00 AM,13524,7518,6006
7/26/2015 12:00:00 AM,9/22/2015 12:00:00 AM,12276,6270,6006
7/26/2015 12:00:00 AM,9/23/2015 12:00:00 AM,13206,6420,6786
7/26/2015 12:00:00 AM,9/24/2015 12:00:00 AM,13056,6270,6786
7/26/2015 12:00:00 AM,9/25/2015 12:00:00 AM,12495,6211,6284
7/26/2015 12:00:00 AM,9/26/2015 12:00:00 AM,17223,10299,6924
7/26/2015 12:00:00 AM,9/27/2015 12:00:00 AM,16560,10075,6485
7/26/2015 12:00:00 AM,9/28/2015 12:00:00 AM,16558,10029,6529
7/26/2015 12:00:00 AM,9/29/2015 12:00:00 AM,16703,10174,6529
7/26/2015 12:00:00 AM,9/30/2015 12:00:00 AM,17523,10994,6529
7/26/2015 12:00:00 AM,10/1/2015 12:00:00 AM,18865,11285,7580
7/26/2015 12:00:00 AM,10/2/2015 12:00:00 AM,19242,10777,8465
7/26/2015 12:00:00 AM,10/3/2015 12:00:00 AM,21594,11935,9659
7/26/2015 12:00:00 AM,10/4/2015 12:00:00 AM,21703,12715,8988
7/26/2015 12:00:00 AM,10/5/2015 12:00:00 AM,21866,12636,9230
7/26/2015 12:00:00 AM,10/6/2015 12:00:00 AM,22180,12636,9544
7/26/2015 12:00:00 AM,10/7/2015 12:00:00 AM,21689,12135,9554
7/26/2015 12:00:00 AM,10/8/2015 12:00:00 AM,22962,12135,10827
7/26/2015 12:00:00 AM,10/9/2015 12:00:00 AM,23372,12635,10737
7/26/2015 12:00:00 AM,10/10/2015 12:00:00 AM,27642,15709,11933
7/26/2015 12:00:00 AM,10/11/2015 12:00:00 AM,28145,15625,12520
7/26/2015 12:00:00 AM,10/12/2015 12:00:00 AM,27554,15774,11780
7/26/2015 12:00:00 AM,10/13/2015 12:00:00 AM,24610,12657,11953
7/26/2015 12:00:00 AM,10/14/2015 12:00:00 AM,24623,12701,11922
7/26/2015 12:00:00 AM,10/15/2015 12:00:00 AM,24025,12685,11340
7/26/2015 12:00:00 AM,10/16/2015 12:00:00 AM,25172,13656,11516
7/26/2015 12:00:00 AM,10/17/2015 12:00:00 AM,28785,14811,13974
7/26/2015 12:00:00 AM,10/18/2015 12:00:00 AM,27250,14024,13226
7/26/2015 12:00:00 AM,10/19/2015 12:00:00 AM,27809,13525,14284
7/26/2015 12:00:00 AM,10/20/2015 12:00:00 AM,26915,13025,13890
7/26/2015 12:00:00 AM,10/21/2015 12:00:00 AM,25561,11735,13826
7/26/2015 12:00:00 AM,10/22/2015 12:00:00 AM,25467,11691,13776
7/26/2015 12:00:00 AM,10/23/2015 12:00:00 AM,25529,11893,13636
7/26/2015 12:00:00 AM,10/24/2015 12:00:00 AM,25641,12207,13434
7/26/2015 12:00:00 AM,10/25/2015 12:00:00 AM,24738,11738,13000
7/25/2015 12:00:00 AM,7/26/2015 12:00:00 AM,151,20,131
7/25/2015 12:00:00 AM,7/27/2015 12:00:00 AM,164,33,131
7/25/2015 12:00:00 AM,7/28/2015 12:00:00 AM,164,33,131
7/25/2015 12:00:00 AM,7/29/2015 12:00:00 AM,164,33,131
7/25/2015 12:00:00 AM,7/30/2015 12:00:00 AM,164,33,131
7/25/2015 12:00:00 AM,7/31/2015 12:00:00 AM,164,33,131
7/25/2015 12:00:00 AM,8/1/2015 12:00:00 AM,131,33,98
7/25/2015 12:00:00 AM,8/2/2015 12:00:00 AM,118,20,98
7/25/2015 12:00:00 AM,8/3/2015 12:00:00 AM,163,33,130
7/25/2015 12:00:00 AM,8/4/2015 12:00:00 AM,162,32,130
7/25/2015 12:00:00 AM,8/5/2015 12:00:00 AM,162,32,130
7/25/2015 12:00:00 AM,8/6/2015 12:00:00 AM,162,32,130
7/25/2015 12:00:00 AM,8/7/2015 12:00:00 AM,162,32,130
7/25/2015 12:00:00 AM,8/8/2015 12:00:00 AM,162,32,130
7/25/2015 12:00:00 AM,8/9/2015 12:00:00 AM,149,19,130
7/25/2015 12:00:00 AM,8/10/2015 12:00:00 AM,227,32,195
7/25/2015 12:00:00 AM,8/11/2015 12:00:00 AM,227,32,195
7/25/2015 12:00:00 AM,8/12/2015 12:00:00 AM,292,32,260
7/25/2015 12:00:00 AM,8/13/2015 12:00:00 AM,227,32,195
7/25/2015 12:00:00 AM,8/14/2015 12:00:00 AM,227,32,195
7/25/2015 12:00:00 AM,8/15/2015 12:00:00 AM,214,19,195
7/25/2015 12:00:00 AM,8/16/2015 12:00:00 AM,214,19,195
7/25/2015 12:00:00 AM,8/17/2015 12:00:00 AM,413,217,196
7/25/2015 12:00:00 AM,8/18/2015 12:00:00 AM,413,217,196
7/25/2015 12:00:00 AM,8/19/2015 12:00:00 AM,413,217,196
7/25/2015 12:00:00 AM,8/20/2015 12:00:00 AM,348,217,131
7/25/2015 12:00:00 AM,8/21/2015 12:00:00 AM,150,19,131
7/25/2015 12:00:00 AM,8/22/2015 12:00:00 AM,150,19,131
7/25/2015 12:00:00 AM,8/23/2015 12:00:00 AM,150,19,131
7/25/2015 12:00:00 AM,8/24/2015 12:00:00 AM,182,19,163
7/25/2015 12:00:00 AM,8/25/2015 12:00:00 AM,182,19,163
7/25/2015 12:00:00 AM,8/26/2015 12:00:00 AM,182,19,163
7/25/2015 12:00:00 AM,8/27/2015 12:00:00 AM,182,19,163
7/25/2015 12:00:00 AM,8/28/2015 12:00:00 AM,182,19,163
7/25/2015 12:00:00 AM,8/29/2015 12:00:00 AM,181,19,162
7/25/2015 12:00:00 AM,8/30/2015 12:00:00 AM,401,19,382
7/25/2015 12:00:00 AM,8/31/2015 12:00:00 AM,382,0,382
7/25/2015 12:00:00 AM,9/1/2015 12:00:00 AM,386,13,373
7/25/2015 12:00:00 AM,9/2/2015 12:00:00 AM,386,13,373
7/25/2015 12:00:00 AM,9/3/2015 12:00:00 AM,386,13,373
7/25/2015 12:00:00 AM,9/4/2015 12:00:00 AM,386,13,373
7/25/2015 12:00:00 AM,9/5/2015 12:00:00 AM,386,13,373
7/25/2015 12:00:00 AM,9/6/2015 12:00:00 AM,166,13,153
7/25/2015 12:00:00 AM,9/7/2015 12:00:00 AM,215,13,202
7/25/2015 12:00:00 AM,9/8/2015 12:00:00 AM,226,13,213
7/25/2015 12:00:00 AM,9/9/2015 12:00:00 AM,291,13,278
7/25/2015 12:00:00 AM,9/10/2015 12:00:00 AM,226,13,213
7/25/2015 12:00:00 AM,9/11/2015 12:00:00 AM,226,13,213
7/25/2015 12:00:00 AM,9/12/2015 12:00:00 AM,7703,4854,2849
7/25/2015 12:00:00 AM,9/13/2015 12:00:00 AM,8705,5354,3351
7/25/2015 12:00:00 AM,9/14/2015 12:00:00 AM,10501,6590,3911
7/25/2015 12:00:00 AM,9/15/2015 12:00:00 AM,10471,6590,3881
7/25/2015 12:00:00 AM,9/16/2015 12:00:00 AM,10936,6590,4346
7/25/2015 12:00:00 AM,9/17/2015 12:00:00 AM,10375,6029,4346
7/25/2015 12:00:00 AM,9/18/2015 12:00:00 AM,10843,6497,4346
7/25/2015 12:00:00 AM,9/19/2015 12:00:00 AM,12033,7309,4724
7/25/2015 12:00:00 AM,9/20/2015 12:00:00 AM,12154,7419,4735
7/25/2015 12:00:00 AM,9/21/2015 12:00:00 AM,13524,7518,6006
7/25/2015 12:00:00 AM,9/22/2015 12:00:00 AM,12276,6270,6006
7/25/2015 12:00:00 AM,9/23/2015 12:00:00 AM,13206,6420,6786
7/25/2015 12:00:00 AM,9/24/2015 12:00:00 AM,13056,6270,6786
7/25/2015 12:00:00 AM,9/25/2015 12:00:00 AM,12495,6211,6284
7/25/2015 12:00:00 AM,9/26/2015 12:00:00 AM,17223,10299,6924
7/25/2015 12:00:00 AM,9/27/2015 12:00:00 AM,16560,10075,6485
7/25/2015 12:00:00 AM,9/28/2015 12:00:00 AM,16558,10029,6529
7/25/2015 12:00:00 AM,9/29/2015 12:00:00 AM,16703,10174,6529
7/25/2015 12:00:00 AM,9/30/2015 12:00:00 AM,17523,10994,6529
7/25/2015 12:00:00 AM,10/1/2015 12:00:00 AM,18865,11285,7580
7/25/2015 12:00:00 AM,10/2/2015 12:00:00 AM,19242,10777,8465
7/25/2015 12:00:00 AM,10/3/2015 12:00:00 AM,21594,11935,9659
7/25/2015 12:00:00 AM,10/4/2015 12:00:00 AM,21703,12715,8988
7/25/2015 12:00:00 AM,10/5/2015 12:00:00 AM,21866,12636,9230
7/25/2015 12:00:00 AM,10/6/2015 12:00:00 AM,22180,12636,9544
7/25/2015 12:00:00 AM,10/7/2015 12:00:00 AM,21689,12135,9554
7/25/2015 12:00:00 AM,10/8/2015 12:00:00 AM,22962,12135,10827
7/25/2015 12:00:00 AM,10/9/2015 12:00:00 AM,23372,12635,10737
7/25/2015 12:00:00 AM,10/10/2015 12:00:00 AM,27642,15709,11933
7/25/2015 12:00:00 AM,10/11/2015 12:00:00 AM,28145,15625,12520
7/25/2015 12:00:00 AM,10/12/2015 12:00:00 AM,27554,15774,11780
7/25/2015 12:00:00 AM,10/13/2015 12:00:00 AM,24610,12657,11953
7/25/2015 12:00:00 AM,10/14/2015 12:00:00 AM,24623,12701,11922
7/25/2015 12:00:00 AM,10/15/2015 12:00:00 AM,24025,12685,11340
7/25/2015 12:00:00 AM,10/16/2015 12:00:00 AM,25172,13656,11516
7/25/2015 12:00:00 AM,10/17/2015 12:00:00 AM,28785,14811,13974
7/25/2015 12:00:00 AM,10/18/2015 12:00:00 AM,27250,14024,13226
7/25/2015 12:00:00 AM,10/19/2015 12:00:00 AM,27809,13525,14284
7/25/2015 12:00:00 AM,10/20/2015 12:00:00 AM,26915,13025,13890
7/25/2015 12:00:00 AM,10/21/2015 12:00:00 AM,25561,11735,13826
7/25/2015 12:00:00 AM,10/22/2015 12:00:00 AM,25467,11691,13776
7/25/2015 12:00:00 AM,10/23/2015 12:00:00 AM,25529,11893,13636
7/25/2015 12:00:00 AM,10/24/2015 12:00:00 AM,25641,12207,13434
7/24/2015 12:00:00 AM,7/25/2015 12:00:00 AM,151,20,131
7/24/2015 12:00:00 AM,7/26/2015 12:00:00 AM,151,20,131
7/24/2015 12:00:00 AM,7/27/2015 12:00:00 AM,164,33,131
7/24/2015 12:00:00 AM,7/28/2015 12:00:00 AM,164,33,131
7/24/2015 12:00:00 AM,7/29/2015 12:00:00 AM,164,33,131
7/24/2015 12:00:00 AM,7/30/2015 12:00:00 AM,164,33,131
7/24/2015 12:00:00 AM,7/31/2015 12:00:00 AM,164,33,131
7/24/2015 12:00:00 AM,8/1/2015 12:00:00 AM,131,33,98
7/24/2015 12:00:00 AM,8/2/2015 12:00:00 AM,118,20,98
7/24/2015 12:00:00 AM,8/3/2015 12:00:00 AM,163,33,130
7/24/2015 12:00:00 AM,8/4/2015 12:00:00 AM,162,32,130
7/24/2015 12:00:00 AM,8/5/2015 12:00:00 AM,162,32,130
7/24/2015 12:00:00 AM,8/6/2015 12:00:00 AM,162,32,130
7/24/2015 12:00:00 AM,8/7/2015 12:00:00 AM,162,32,130
7/24/2015 12:00:00 AM,8/8/2015 12:00:00 AM,162,32,130
7/24/2015 12:00:00 AM,8/9/2015 12:00:00 AM,149,19,130
7/24/2015 12:00:00 AM,8/10/2015 12:00:00 AM,227,32,195
7/24/2015 12:00:00 AM,8/11/2015 12:00:00 AM,227,32,195
7/24/2015 12:00:00 AM,8/12/2015 12:00:00 AM,292,32,260
7/24/2015 12:00:00 AM,8/13/2015 12:00:00 AM,227,32,195
7/24/2015 12:00:00 AM,8/14/2015 12:00:00 AM,227,32,195
7/24/2015 12:00:00 AM,8/15/2015 12:00:00 AM,214,19,195
7/24/2015 12:00:00 AM,8/16/2015 12:00:00 AM,214,19,195
7/24/2015 12:00:00 AM,8/17/2015 12:00:00 AM,413,217,196
7/24/2015 12:00:00 AM,8/18/2015 12:00:00 AM,413,217,196
7/24/2015 12:00:00 AM,8/19/2015 12:00:00 AM,413,217,196
7/24/2015 12:00:00 AM,8/20/2015 12:00:00 AM,348,217,131
7/24/2015 12:00:00 AM,8/21/2015 12:00:00 AM,150,19,131
7/24/2015 12:00:00 AM,8/22/2015 12:00:00 AM,150,19,131
7/24/2015 12:00:00 AM,8/23/2015 12:00:00 AM,150,19,131
7/24/2015 12:00:00 AM,8/24/2015 12:00:00 AM,182,19,163
7/24/2015 12:00:00 AM,8/25/2015 12:00:00 AM,182,19,163
7/24/2015 12:00:00 AM,8/26/2015 12:00:00 AM,182,19,163
7/24/2015 12:00:00 AM,8/27/2015 12:00:00 AM,182,19,163
7/24/2015 12:00:00 AM,8/28/2015 12:00:00 AM,182,19,163
7/24/2015 12:00:00 AM,8/29/2015 12:00:00 AM,181,19,162
7/24/2015 12:00:00 AM,8/30/2015 12:00:00 AM,401,19,382
7/24/2015 12:00:00 AM,8/31/2015 12:00:00 AM,382,0,382
7/24/2015 12:00:00 AM,9/1/2015 12:00:00 AM,386,13,373
7/24/2015 12:00:00 AM,9/2/2015 12:00:00 AM,386,13,373
7/24/2015 12:00:00 AM,9/3/2015 12:00:00 AM,386,13,373
7/24/2015 12:00:00 AM,9/4/2015 12:00:00 AM,386,13,373
7/24/2015 12:00:00 AM,9/5/2015 12:00:00 AM,386,13,373
7/24/2015 12:00:00 AM,9/6/2015 12:00:00 AM,166,13,153
7/24/2015 12:00:00 AM,9/7/2015 12:00:00 AM,215,13,202
7/24/2015 12:00:00 AM,9/8/2015 12:00:00 AM,226,13,213
7/24/2015 12:00:00 AM,9/9/2015 12:00:00 AM,291,13,278
7/24/2015 12:00:00 AM,9/10/2015 12:00:00 AM,226,13,213
7/24/2015 12:00:00 AM,9/11/2015 12:00:00 AM,226,13,213
7/24/2015 12:00:00 AM,9/12/2015 12:00:00 AM,7673,4854,2819
7/24/2015 12:00:00 AM,9/13/2015 12:00:00 AM,8675,5354,3321
7/24/2015 12:00:00 AM,9/14/2015 12:00:00 AM,10458,6577,3881
7/24/2015 12:00:00 AM,9/15/2015 12:00:00 AM,10458,6577,3881
7/24/2015 12:00:00 AM,9/16/2015 12:00:00 AM,10923,6577,4346
7/24/2015 12:00:00 AM,9/17/2015 12:00:00 AM,10362,6016,4346
7/24/2015 12:00:00 AM,9/18/2015 12:00:00 AM,10830,6484,4346
7/24/2015 12:00:00 AM,9/19/2015 12:00:00 AM,12033,7309,4724
7/24/2015 12:00:00 AM,9/20/2015 12:00:00 AM,12154,7419,4735
7/24/2015 12:00:00 AM,9/21/2015 12:00:00 AM,13524,7518,6006
7/24/2015 12:00:00 AM,9/22/2015 12:00:00 AM,12276,6270,6006
7/24/2015 12:00:00 AM,9/23/2015 12:00:00 AM,13206,6420,6786
7/24/2015 12:00:00 AM,9/24/2015 12:00:00 AM,13056,6270,6786
7/24/2015 12:00:00 AM,9/25/2015 12:00:00 AM,12495,6211,6284
7/24/2015 12:00:00 AM,9/26/2015 12:00:00 AM,17223,10299,6924
7/24/2015 12:00:00 AM,9/27/2015 12:00:00 AM,16560,10075,6485
7/24/2015 12:00:00 AM,9/28/2015 12:00:00 AM,16558,10029,6529
7/24/2015 12:00:00 AM,9/29/2015 12:00:00 AM,16703,10174,6529
7/24/2015 12:00:00 AM,9/30/2015 12:00:00 AM,17523,10994,6529
7/24/2015 12:00:00 AM,10/1/2015 12:00:00 AM,18865,11285,7580
7/24/2015 12:00:00 AM,10/2/2015 12:00:00 AM,19242,10777,8465
7/24/2015 12:00:00 AM,10/3/2015 12:00:00 AM,21594,11935,9659
7/24/2015 12:00:00 AM,10/4/2015 12:00:00 AM,21703,12715,8988
7/24/2015 12:00:00 AM,10/5/2015 12:00:00 AM,21866,12636,9230
7/24/2015 12:00:00 AM,10/6/2015 12:00:00 AM,22180,12636,9544
7/24/2015 12:00:00 AM,10/7/2015 12:00:00 AM,21689,12135,9554
7/24/2015 12:00:00 AM,10/8/2015 12:00:00 AM,22962,12135,10827
7/24/2015 12:00:00 AM,10/9/2015 12:00:00 AM,23372,12635,10737
7/24/2015 12:00:00 AM,10/10/2015 12:00:00 AM,27642,15709,11933
7/24/2015 12:00:00 AM,10/11/2015 12:00:00 AM,28145,15625,12520
7/24/2015 12:00:00 AM,10/12/2015 12:00:00 AM,27554,15774,11780
7/24/2015 12:00:00 AM,10/13/2015 12:00:00 AM,24610,12657,11953
7/24/2015 12:00:00 AM,10/14/2015 12:00:00 AM,24623,12701,11922
7/24/2015 12:00:00 AM,10/15/2015 12:00:00 AM,24025,12685,11340
7/24/2015 12:00:00 AM,10/16/2015 12:00:00 AM,25172,13656,11516
7/24/2015 12:00:00 AM,10/17/2015 12:00:00 AM,28785,14811,13974
7/24/2015 12:00:00 AM,10/18/2015 12:00:00 AM,27250,14024,13226
7/24/2015 12:00:00 AM,10/19/2015 12:00:00 AM,27809,13525,14284
7/24/2015 12:00:00 AM,10/20/2015 12:00:00 AM,26915,13025,13890
7/24/2015 12:00:00 AM,10/21/2015 12:00:00 AM,25561,11735,13826
7/24/2015 12:00:00 AM,10/22/2015 12:00:00 AM,25467,11691,13776
7/24/2015 12:00:00 AM,10/23/2015 12:00:00 AM,25529,11893,13636
7/23/2015 12:00:00 AM,7/24/2015 12:00:00 AM,164,33,131
7/23/2015 12:00:00 AM,7/25/2015 12:00:00 AM,164,33,131
7/23/2015 12:00:00 AM,7/26/2015 12:00:00 AM,151,20,131
7/23/2015 12:00:00 AM,7/27/2015 12:00:00 AM,164,33,131
7/23/2015 12:00:00 AM,7/28/2015 12:00:00 AM,164,33,131
7/23/2015 12:00:00 AM,7/29/2015 12:00:00 AM,164,33,131
7/23/2015 12:00:00 AM,7/30/2015 12:00:00 AM,164,33,131
7/23/2015 12:00:00 AM,7/31/2015 12:00:00 AM,164,33,131
7/23/2015 12:00:00 AM,8/1/2015 12:00:00 AM,131,33,98
7/23/2015 12:00:00 AM,8/2/2015 12:00:00 AM,118,20,98
7/23/2015 12:00:00 AM,8/3/2015 12:00:00 AM,163,33,130
7/23/2015 12:00:00 AM,8/4/2015 12:00:00 AM,162,32,130
7/23/2015 12:00:00 AM,8/5/2015 12:00:00 AM,162,32,130
7/23/2015 12:00:00 AM,8/6/2015 12:00:00 AM,162,32,130
7/23/2015 12:00:00 AM,8/7/2015 12:00:00 AM,162,32,130
7/23/2015 12:00:00 AM,8/8/2015 12:00:00 AM,162,32,130
7/23/2015 12:00:00 AM,8/9/2015 12:00:00 AM,149,19,130
7/23/2015 12:00:00 AM,8/10/2015 12:00:00 AM,227,32,195
7/23/2015 12:00:00 AM,8/11/2015 12:00:00 AM,227,32,195
7/23/2015 12:00:00 AM,8/12/2015 12:00:00 AM,292,32,260
7/23/2015 12:00:00 AM,8/13/2015 12:00:00 AM,227,32,195
7/23/2015 12:00:00 AM,8/14/2015 12:00:00 AM,227,32,195
7/23/2015 12:00:00 AM,8/15/2015 12:00:00 AM,214,19,195
7/23/2015 12:00:00 AM,8/16/2015 12:00:00 AM,214,19,195
7/23/2015 12:00:00 AM,8/17/2015 12:00:00 AM,413,217,196
7/23/2015 12:00:00 AM,8/18/2015 12:00:00 AM,413,217,196
7/23/2015 12:00:00 AM,8/19/2015 12:00:00 AM,413,217,196
7/23/2015 12:00:00 AM,8/20/2015 12:00:00 AM,348,217,131
7/23/2015 12:00:00 AM,8/21/2015 12:00:00 AM,150,19,131
7/23/2015 12:00:00 AM,8/22/2015 12:00:00 AM,150,19,131
7/23/2015 12:00:00 AM,8/23/2015 12:00:00 AM,150,19,131
7/23/2015 12:00:00 AM,8/24/2015 12:00:00 AM,182,19,163
7/23/2015 12:00:00 AM,8/25/2015 12:00:00 AM,182,19,163
7/23/2015 12:00:00 AM,8/26/2015 12:00:00 AM,182,19,163
7/23/2015 12:00:00 AM,8/27/2015 12:00:00 AM,182,19,163
7/23/2015 12:00:00 AM,8/28/2015 12:00:00 AM,182,19,163
7/23/2015 12:00:00 AM,8/29/2015 12:00:00 AM,181,19,162
7/23/2015 12:00:00 AM,8/30/2015 12:00:00 AM,401,19,382
7/23/2015 12:00:00 AM,8/31/2015 12:00:00 AM,382,0,382
7/23/2015 12:00:00 AM,9/1/2015 12:00:00 AM,386,13,373
7/23/2015 12:00:00 AM,9/2/2015 12:00:00 AM,386,13,373
7/23/2015 12:00:00 AM,9/3/2015 12:00:00 AM,386,13,373
7/23/2015 12:00:00 AM,9/4/2015 12:00:00 AM,386,13,373
7/23/2015 12:00:00 AM,9/5/2015 12:00:00 AM,386,13,373
7/23/2015 12:00:00 AM,9/6/2015 12:00:00 AM,166,13,153
7/23/2015 12:00:00 AM,9/7/2015 12:00:00 AM,215,13,202
7/23/2015 12:00:00 AM,9/8/2015 12:00:00 AM,226,13,213
7/23/2015 12:00:00 AM,9/9/2015 12:00:00 AM,291,13,278
7/23/2015 12:00:00 AM,9/10/2015 12:00:00 AM,226,13,213
7/23/2015 12:00:00 AM,9/11/2015 12:00:00 AM,226,13,213
7/23/2015 12:00:00 AM,9/12/2015 12:00:00 AM,7673,4854,2819
7/23/2015 12:00:00 AM,9/13/2015 12:00:00 AM,8675,5354,3321
7/23/2015 12:00:00 AM,9/14/2015 12:00:00 AM,10458,6577,3881
7/23/2015 12:00:00 AM,9/15/2015 12:00:00 AM,10458,6577,3881
7/23/2015 12:00:00 AM,9/16/2015 12:00:00 AM,10923,6577,4346
7/23/2015 12:00:00 AM,9/17/2015 12:00:00 AM,10362,6016,4346
7/23/2015 12:00:00 AM,9/18/2015 12:00:00 AM,10830,6484,4346
7/23/2015 12:00:00 AM,9/19/2015 12:00:00 AM,12033,7309,4724
7/23/2015 12:00:00 AM,9/20/2015 12:00:00 AM,12154,7419,4735
7/23/2015 12:00:00 AM,9/21/2015 12:00:00 AM,13524,7518,6006
7/23/2015 12:00:00 AM,9/22/2015 12:00:00 AM,12276,6270,6006
7/23/2015 12:00:00 AM,9/23/2015 12:00:00 AM,13206,6420,6786
7/23/2015 12:00:00 AM,9/24/2015 12:00:00 AM,13056,6270,6786
7/23/2015 12:00:00 AM,9/25/2015 12:00:00 AM,12495,6211,6284
7/23/2015 12:00:00 AM,9/26/2015 12:00:00 AM,17223,10299,6924
7/23/2015 12:00:00 AM,9/27/2015 12:00:00 AM,16560,10075,6485
7/23/2015 12:00:00 AM,9/28/2015 12:00:00 AM,16558,10029,6529
7/23/2015 12:00:00 AM,9/29/2015 12:00:00 AM,16703,10174,6529
7/23/2015 12:00:00 AM,9/30/2015 12:00:00 AM,17523,10994,6529
7/23/2015 12:00:00 AM,10/1/2015 12:00:00 AM,18865,11285,7580
7/23/2015 12:00:00 AM,10/2/2015 12:00:00 AM,19242,10777,8465
7/23/2015 12:00:00 AM,10/3/2015 12:00:00 AM,21594,11935,9659
7/23/2015 12:00:00 AM,10/4/2015 12:00:00 AM,21703,12715,8988
7/23/2015 12:00:00 AM,10/5/2015 12:00:00 AM,21866,12636,9230
7/23/2015 12:00:00 AM,10/6/2015 12:00:00 AM,22180,12636,9544
7/23/2015 12:00:00 AM,10/7/2015 12:00:00 AM,21689,12135,9554
7/23/2015 12:00:00 AM,10/8/2015 12:00:00 AM,22962,12135,10827
7/23/2015 12:00:00 AM,10/9/2015 12:00:00 AM,23372,12635,10737
7/23/2015 12:00:00 AM,10/10/2015 12:00:00 AM,27642,15709,11933
7/23/2015 12:00:00 AM,10/11/2015 12:00:00 AM,28145,15625,12520
7/23/2015 12:00:00 AM,10/12/2015 12:00:00 AM,27554,15774,11780
7/23/2015 12:00:00 AM,10/13/2015 12:00:00 AM,24610,12657,11953
7/23/2015 12:00:00 AM,10/14/2015 12:00:00 AM,24623,12701,11922
7/23/2015 12:00:00 AM,10/15/2015 12:00:00 AM,24025,12685,11340
7/23/2015 12:00:00 AM,10/16/2015 12:00:00 AM,25172,13656,11516
7/23/2015 12:00:00 AM,10/17/2015 12:00:00 AM,28785,14811,13974
7/23/2015 12:00:00 AM,10/18/2015 12:00:00 AM,27250,14024,13226
7/23/2015 12:00:00 AM,10/19/2015 12:00:00 AM,27809,13525,14284
7/23/2015 12:00:00 AM,10/20/2015 12:00:00 AM,26915,13025,13890
7/23/2015 12:00:00 AM,10/21/2015 12:00:00 AM,25561,11735,13826
7/23/2015 12:00:00 AM,10/22/2015 12:00:00 AM,25467,11691,13776
7/22/2015 12:00:00 AM,7/23/2015 12:00:00 AM,164,33,131
7/22/2015 12:00:00 AM,7/24/2015 12:00:00 AM,164,33,131
7/22/2015 12:00:00 AM,7/25/2015 12:00:00 AM,164,33,131
7/22/2015 12:00:00 AM,7/26/2015 12:00:00 AM,151,20,131
7/22/2015 12:00:00 AM,7/27/2015 12:00:00 AM,164,33,131
7/22/2015 12:00:00 AM,7/28/2015 12:00:00 AM,164,33,131
7/22/2015 12:00:00 AM,7/29/2015 12:00:00 AM,164,33,131
7/22/2015 12:00:00 AM,7/30/2015 12:00:00 AM,164,33,131
7/22/2015 12:00:00 AM,7/31/2015 12:00:00 AM,164,33,131
7/22/2015 12:00:00 AM,8/1/2015 12:00:00 AM,131,33,98
7/22/2015 12:00:00 AM,8/2/2015 12:00:00 AM,118,20,98
7/22/2015 12:00:00 AM,8/3/2015 12:00:00 AM,163,33,130
7/22/2015 12:00:00 AM,8/4/2015 12:00:00 AM,162,32,130
7/22/2015 12:00:00 AM,8/5/2015 12:00:00 AM,162,32,130
7/22/2015 12:00:00 AM,8/6/2015 12:00:00 AM,162,32,130
7/22/2015 12:00:00 AM,8/7/2015 12:00:00 AM,162,32,130
7/22/2015 12:00:00 AM,8/8/2015 12:00:00 AM,162,32,130
7/22/2015 12:00:00 AM,8/9/2015 12:00:00 AM,149,19,130
7/22/2015 12:00:00 AM,8/10/2015 12:00:00 AM,227,32,195
7/22/2015 12:00:00 AM,8/11/2015 12:00:00 AM,227,32,195
7/22/2015 12:00:00 AM,8/12/2015 12:00:00 AM,292,32,260
7/22/2015 12:00:00 AM,8/13/2015 12:00:00 AM,227,32,195
7/22/2015 12:00:00 AM,8/14/2015 12:00:00 AM,227,32,195
7/22/2015 12:00:00 AM,8/15/2015 12:00:00 AM,214,19,195
7/22/2015 12:00:00 AM,8/16/2015 12:00:00 AM,214,19,195
7/22/2015 12:00:00 AM,8/17/2015 12:00:00 AM,413,217,196
7/22/2015 12:00:00 AM,8/18/2015 12:00:00 AM,413,217,196
7/22/2015 12:00:00 AM,8/19/2015 12:00:00 AM,413,217,196
7/22/2015 12:00:00 AM,8/20/2015 12:00:00 AM,348,217,131
7/22/2015 12:00:00 AM,8/21/2015 12:00:00 AM,150,19,131
7/22/2015 12:00:00 AM,8/22/2015 12:00:00 AM,150,19,131
7/22/2015 12:00:00 AM,8/23/2015 12:00:00 AM,150,19,131
7/22/2015 12:00:00 AM,8/24/2015 12:00:00 AM,182,19,163
7/22/2015 12:00:00 AM,8/25/2015 12:00:00 AM,182,19,163
7/22/2015 12:00:00 AM,8/26/2015 12:00:00 AM,182,19,163
7/22/2015 12:00:00 AM,8/27/2015 12:00:00 AM,182,19,163
7/22/2015 12:00:00 AM,8/28/2015 12:00:00 AM,182,19,163
7/22/2015 12:00:00 AM,8/29/2015 12:00:00 AM,181,19,162
7/22/2015 12:00:00 AM,8/30/2015 12:00:00 AM,401,19,382
7/22/2015 12:00:00 AM,8/31/2015 12:00:00 AM,382,0,382
7/22/2015 12:00:00 AM,9/1/2015 12:00:00 AM,386,13,373
7/22/2015 12:00:00 AM,9/2/2015 12:00:00 AM,386,13,373
7/22/2015 12:00:00 AM,9/3/2015 12:00:00 AM,386,13,373
7/22/2015 12:00:00 AM,9/4/2015 12:00:00 AM,386,13,373
7/22/2015 12:00:00 AM,9/5/2015 12:00:00 AM,386,13,373
7/22/2015 12:00:00 AM,9/6/2015 12:00:00 AM,166,13,153
7/22/2015 12:00:00 AM,9/7/2015 12:00:00 AM,215,13,202
7/22/2015 12:00:00 AM,9/8/2015 12:00:00 AM,226,13,213
7/22/2015 12:00:00 AM,9/9/2015 12:00:00 AM,291,13,278
7/22/2015 12:00:00 AM,9/10/2015 12:00:00 AM,226,13,213
7/22/2015 12:00:00 AM,9/11/2015 12:00:00 AM,226,13,213
7/22/2015 12:00:00 AM,9/12/2015 12:00:00 AM,7673,4854,2819
7/22/2015 12:00:00 AM,9/13/2015 12:00:00 AM,8675,5354,3321
7/22/2015 12:00:00 AM,9/14/2015 12:00:00 AM,10458,6577,3881
7/22/2015 12:00:00 AM,9/15/2015 12:00:00 AM,10458,6577,3881
7/22/2015 12:00:00 AM,9/16/2015 12:00:00 AM,10923,6577,4346
7/22/2015 12:00:00 AM,9/17/2015 12:00:00 AM,10362,6016,4346
7/22/2015 12:00:00 AM,9/18/2015 12:00:00 AM,10830,6484,4346
7/22/2015 12:00:00 AM,9/19/2015 12:00:00 AM,12033,7309,4724
7/22/2015 12:00:00 AM,9/20/2015 12:00:00 AM,12154,7419,4735
7/22/2015 12:00:00 AM,9/21/2015 12:00:00 AM,13524,7518,6006
7/22/2015 12:00:00 AM,9/22/2015 12:00:00 AM,12276,6270,6006
7/22/2015 12:00:00 AM,9/23/2015 12:00:00 AM,13206,6420,6786
7/22/2015 12:00:00 AM,9/24/2015 12:00:00 AM,13056,6270,6786
7/22/2015 12:00:00 AM,9/25/2015 12:00:00 AM,12495,6211,6284
7/22/2015 12:00:00 AM,9/26/2015 12:00:00 AM,17223,10299,6924
7/22/2015 12:00:00 AM,9/27/2015 12:00:00 AM,16560,10075,6485
7/22/2015 12:00:00 AM,9/28/2015 12:00:00 AM,16558,10029,6529
7/22/2015 12:00:00 AM,9/29/2015 12:00:00 AM,16703,10174,6529
7/22/2015 12:00:00 AM,9/30/2015 12:00:00 AM,17523,10994,6529
7/22/2015 12:00:00 AM,10/1/2015 12:00:00 AM,18865,11285,7580
7/22/2015 12:00:00 AM,10/2/2015 12:00:00 AM,19242,10777,8465
7/22/2015 12:00:00 AM,10/3/2015 12:00:00 AM,21594,11935,9659
7/22/2015 12:00:00 AM,10/4/2015 12:00:00 AM,21762,12774,8988
7/22/2015 12:00:00 AM,10/5/2015 12:00:00 AM,21925,12695,9230
7/22/2015 12:00:00 AM,10/6/2015 12:00:00 AM,22239,12695,9544
7/22/2015 12:00:00 AM,10/7/2015 12:00:00 AM,21689,12135,9554
7/22/2015 12:00:00 AM,10/8/2015 12:00:00 AM,22962,12135,10827
7/22/2015 12:00:00 AM,10/9/2015 12:00:00 AM,23372,12635,10737
7/22/2015 12:00:00 AM,10/10/2015 12:00:00 AM,27642,15709,11933
7/22/2015 12:00:00 AM,10/11/2015 12:00:00 AM,28145,15625,12520
7/22/2015 12:00:00 AM,10/12/2015 12:00:00 AM,27495,15715,11780
7/22/2015 12:00:00 AM,10/13/2015 12:00:00 AM,24551,12598,11953
7/22/2015 12:00:00 AM,10/14/2015 12:00:00 AM,24564,12642,11922
7/22/2015 12:00:00 AM,10/15/2015 12:00:00 AM,23966,12626,11340
7/22/2015 12:00:00 AM,10/16/2015 12:00:00 AM,25113,13597,11516
7/22/2015 12:00:00 AM,10/17/2015 12:00:00 AM,28726,14752,13974
7/22/2015 12:00:00 AM,10/18/2015 12:00:00 AM,27191,13965,13226
7/22/2015 12:00:00 AM,10/19/2015 12:00:00 AM,27809,13525,14284
7/22/2015 12:00:00 AM,10/20/2015 12:00:00 AM,26915,13025,13890
7/22/2015 12:00:00 AM,10/21/2015 12:00:00 AM,25561,11735,13826
7/21/2015 12:00:00 AM,7/22/2015 12:00:00 AM,232,36,196
7/21/2015 12:00:00 AM,7/23/2015 12:00:00 AM,167,36,131
7/21/2015 12:00:00 AM,7/24/2015 12:00:00 AM,167,36,131
7/21/2015 12:00:00 AM,7/25/2015 12:00:00 AM,167,36,131
7/21/2015 12:00:00 AM,7/26/2015 12:00:00 AM,154,23,131
7/21/2015 12:00:00 AM,7/27/2015 12:00:00 AM,167,36,131
7/21/2015 12:00:00 AM,7/28/2015 12:00:00 AM,167,36,131
7/21/2015 12:00:00 AM,7/29/2015 12:00:00 AM,167,36,131
7/21/2015 12:00:00 AM,7/30/2015 12:00:00 AM,167,36,131
7/21/2015 12:00:00 AM,7/31/2015 12:00:00 AM,167,36,131
7/21/2015 12:00:00 AM,8/1/2015 12:00:00 AM,134,36,98
7/21/2015 12:00:00 AM,8/2/2015 12:00:00 AM,121,23,98
7/21/2015 12:00:00 AM,8/3/2015 12:00:00 AM,166,36,130
7/21/2015 12:00:00 AM,8/4/2015 12:00:00 AM,165,35,130
7/21/2015 12:00:00 AM,8/5/2015 12:00:00 AM,165,35,130
7/21/2015 12:00:00 AM,8/6/2015 12:00:00 AM,165,35,130
7/21/2015 12:00:00 AM,8/7/2015 12:00:00 AM,165,35,130
7/21/2015 12:00:00 AM,8/8/2015 12:00:00 AM,165,35,130
7/21/2015 12:00:00 AM,8/9/2015 12:00:00 AM,152,22,130
7/21/2015 12:00:00 AM,8/10/2015 12:00:00 AM,230,35,195
7/21/2015 12:00:00 AM,8/11/2015 12:00:00 AM,230,35,195
7/21/2015 12:00:00 AM,8/12/2015 12:00:00 AM,295,35,260
7/21/2015 12:00:00 AM,8/13/2015 12:00:00 AM,230,35,195
7/21/2015 12:00:00 AM,8/14/2015 12:00:00 AM,230,35,195
7/21/2015 12:00:00 AM,8/15/2015 12:00:00 AM,217,22,195
7/21/2015 12:00:00 AM,8/16/2015 12:00:00 AM,217,22,195
7/21/2015 12:00:00 AM,8/17/2015 12:00:00 AM,416,220,196
7/21/2015 12:00:00 AM,8/18/2015 12:00:00 AM,416,220,196
7/21/2015 12:00:00 AM,8/19/2015 12:00:00 AM,413,217,196
7/21/2015 12:00:00 AM,8/20/2015 12:00:00 AM,348,217,131
7/21/2015 12:00:00 AM,8/21/2015 12:00:00 AM,150,19,131
7/21/2015 12:00:00 AM,8/22/2015 12:00:00 AM,150,19,131
7/21/2015 12:00:00 AM,8/23/2015 12:00:00 AM,150,19,131
7/21/2015 12:00:00 AM,8/24/2015 12:00:00 AM,182,19,163
7/21/2015 12:00:00 AM,8/25/2015 12:00:00 AM,182,19,163
7/21/2015 12:00:00 AM,8/26/2015 12:00:00 AM,182,19,163
7/21/2015 12:00:00 AM,8/27/2015 12:00:00 AM,182,19,163
7/21/2015 12:00:00 AM,8/28/2015 12:00:00 AM,182,19,163
7/21/2015 12:00:00 AM,8/29/2015 12:00:00 AM,181,19,162
7/21/2015 12:00:00 AM,8/30/2015 12:00:00 AM,401,19,382
7/21/2015 12:00:00 AM,8/31/2015 12:00:00 AM,382,0,382
7/21/2015 12:00:00 AM,9/1/2015 12:00:00 AM,386,13,373
7/21/2015 12:00:00 AM,9/2/2015 12:00:00 AM,386,13,373
7/21/2015 12:00:00 AM,9/3/2015 12:00:00 AM,386,13,373
7/21/2015 12:00:00 AM,9/4/2015 12:00:00 AM,386,13,373
7/21/2015 12:00:00 AM,9/5/2015 12:00:00 AM,386,13,373
7/21/2015 12:00:00 AM,9/6/2015 12:00:00 AM,166,13,153
7/21/2015 12:00:00 AM,9/7/2015 12:00:00 AM,215,13,202
7/21/2015 12:00:00 AM,9/8/2015 12:00:00 AM,226,13,213
7/21/2015 12:00:00 AM,9/9/2015 12:00:00 AM,291,13,278
7/21/2015 12:00:00 AM,9/10/2015 12:00:00 AM,226,13,213
7/21/2015 12:00:00 AM,9/11/2015 12:00:00 AM,226,13,213
7/21/2015 12:00:00 AM,9/12/2015 12:00:00 AM,7673,4854,2819
7/21/2015 12:00:00 AM,9/13/2015 12:00:00 AM,8675,5354,3321
7/21/2015 12:00:00 AM,9/14/2015 12:00:00 AM,10458,6577,3881
7/21/2015 12:00:00 AM,9/15/2015 12:00:00 AM,10458,6577,3881
7/21/2015 12:00:00 AM,9/16/2015 12:00:00 AM,10923,6577,4346
7/21/2015 12:00:00 AM,9/17/2015 12:00:00 AM,10362,6016,4346
7/21/2015 12:00:00 AM,9/18/2015 12:00:00 AM,10830,6484,4346
7/21/2015 12:00:00 AM,9/19/2015 12:00:00 AM,12033,7309,4724
7/21/2015 12:00:00 AM,9/20/2015 12:00:00 AM,12154,7419,4735
7/21/2015 12:00:00 AM,9/21/2015 12:00:00 AM,13524,7518,6006
7/21/2015 12:00:00 AM,9/22/2015 12:00:00 AM,12276,6270,6006
7/21/2015 12:00:00 AM,9/23/2015 12:00:00 AM,13206,6420,6786
7/21/2015 12:00:00 AM,9/24/2015 12:00:00 AM,13056,6270,6786
7/21/2015 12:00:00 AM,9/25/2015 12:00:00 AM,12495,6211,6284
7/21/2015 12:00:00 AM,9/26/2015 12:00:00 AM,17223,10299,6924
7/21/2015 12:00:00 AM,9/27/2015 12:00:00 AM,16560,10075,6485
7/21/2015 12:00:00 AM,9/28/2015 12:00:00 AM,16558,10029,6529
7/21/2015 12:00:00 AM,9/29/2015 12:00:00 AM,16703,10174,6529
7/21/2015 12:00:00 AM,9/30/2015 12:00:00 AM,17523,10994,6529
7/21/2015 12:00:00 AM,10/1/2015 12:00:00 AM,18865,11285,7580
7/21/2015 12:00:00 AM,10/2/2015 12:00:00 AM,19242,10777,8465
7/21/2015 12:00:00 AM,10/3/2015 12:00:00 AM,21042,11383,9659
7/21/2015 12:00:00 AM,10/4/2015 12:00:00 AM,21151,12163,8988
7/21/2015 12:00:00 AM,10/5/2015 12:00:00 AM,21314,12084,9230
7/21/2015 12:00:00 AM,10/6/2015 12:00:00 AM,21628,12084,9544
7/21/2015 12:00:00 AM,10/7/2015 12:00:00 AM,21137,11583,9554
7/21/2015 12:00:00 AM,10/8/2015 12:00:00 AM,22410,11583,10827
7/21/2015 12:00:00 AM,10/9/2015 12:00:00 AM,22820,12083,10737
7/21/2015 12:00:00 AM,10/10/2015 12:00:00 AM,27031,15098,11933
7/21/2015 12:00:00 AM,10/11/2015 12:00:00 AM,27534,15014,12520
7/21/2015 12:00:00 AM,10/12/2015 12:00:00 AM,26943,15163,11780
7/21/2015 12:00:00 AM,10/13/2015 12:00:00 AM,23999,12046,11953
7/21/2015 12:00:00 AM,10/14/2015 12:00:00 AM,24012,12090,11922
7/21/2015 12:00:00 AM,10/15/2015 12:00:00 AM,23414,12074,11340
7/21/2015 12:00:00 AM,10/16/2015 12:00:00 AM,24561,13045,11516
7/21/2015 12:00:00 AM,10/17/2015 12:00:00 AM,28174,14200,13974
7/21/2015 12:00:00 AM,10/18/2015 12:00:00 AM,27191,13965,13226
7/21/2015 12:00:00 AM,10/19/2015 12:00:00 AM,27750,13466,14284
7/21/2015 12:00:00 AM,10/20/2015 12:00:00 AM,26856,12966,13890
7/20/2015 12:00:00 AM,7/21/2015 12:00:00 AM,167,36,131
7/20/2015 12:00:00 AM,7/22/2015 12:00:00 AM,232,36,196
7/20/2015 12:00:00 AM,7/23/2015 12:00:00 AM,167,36,131
7/20/2015 12:00:00 AM,7/24/2015 12:00:00 AM,167,36,131
7/20/2015 12:00:00 AM,7/25/2015 12:00:00 AM,167,36,131
7/20/2015 12:00:00 AM,7/26/2015 12:00:00 AM,154,23,131
7/20/2015 12:00:00 AM,7/27/2015 12:00:00 AM,167,36,131
7/20/2015 12:00:00 AM,7/28/2015 12:00:00 AM,167,36,131
7/20/2015 12:00:00 AM,7/29/2015 12:00:00 AM,167,36,131
7/20/2015 12:00:00 AM,7/30/2015 12:00:00 AM,167,36,131
7/20/2015 12:00:00 AM,7/31/2015 12:00:00 AM,167,36,131
7/20/2015 12:00:00 AM,8/1/2015 12:00:00 AM,134,36,98
7/20/2015 12:00:00 AM,8/2/2015 12:00:00 AM,121,23,98
7/20/2015 12:00:00 AM,8/3/2015 12:00:00 AM,166,36,130
7/20/2015 12:00:00 AM,8/4/2015 12:00:00 AM,165,35,130
7/20/2015 12:00:00 AM,8/5/2015 12:00:00 AM,165,35,130
7/20/2015 12:00:00 AM,8/6/2015 12:00:00 AM,165,35,130
7/20/2015 12:00:00 AM,8/7/2015 12:00:00 AM,165,35,130
7/20/2015 12:00:00 AM,8/8/2015 12:00:00 AM,165,35,130
7/20/2015 12:00:00 AM,8/9/2015 12:00:00 AM,152,22,130
7/20/2015 12:00:00 AM,8/10/2015 12:00:00 AM,230,35,195
7/20/2015 12:00:00 AM,8/11/2015 12:00:00 AM,230,35,195
7/20/2015 12:00:00 AM,8/12/2015 12:00:00 AM,295,35,260
7/20/2015 12:00:00 AM,8/13/2015 12:00:00 AM,230,35,195
7/20/2015 12:00:00 AM,8/14/2015 12:00:00 AM,230,35,195
7/20/2015 12:00:00 AM,8/15/2015 12:00:00 AM,217,22,195
7/20/2015 12:00:00 AM,8/16/2015 12:00:00 AM,217,22,195
7/20/2015 12:00:00 AM,8/17/2015 12:00:00 AM,416,220,196
7/20/2015 12:00:00 AM,8/18/2015 12:00:00 AM,416,220,196
7/20/2015 12:00:00 AM,8/19/2015 12:00:00 AM,413,217,196
7/20/2015 12:00:00 AM,8/20/2015 12:00:00 AM,348,217,131
7/20/2015 12:00:00 AM,8/21/2015 12:00:00 AM,150,19,131
7/20/2015 12:00:00 AM,8/22/2015 12:00:00 AM,150,19,131
7/20/2015 12:00:00 AM,8/23/2015 12:00:00 AM,150,19,131
7/20/2015 12:00:00 AM,8/24/2015 12:00:00 AM,182,19,163
7/20/2015 12:00:00 AM,8/25/2015 12:00:00 AM,182,19,163
7/20/2015 12:00:00 AM,8/26/2015 12:00:00 AM,182,19,163
7/20/2015 12:00:00 AM,8/27/2015 12:00:00 AM,182,19,163
7/20/2015 12:00:00 AM,8/28/2015 12:00:00 AM,182,19,163
7/20/2015 12:00:00 AM,8/29/2015 12:00:00 AM,181,19,162
7/20/2015 12:00:00 AM,8/30/2015 12:00:00 AM,401,19,382
7/20/2015 12:00:00 AM,8/31/2015 12:00:00 AM,382,0,382
7/20/2015 12:00:00 AM,9/1/2015 12:00:00 AM,386,13,373
7/20/2015 12:00:00 AM,9/2/2015 12:00:00 AM,386,13,373
7/20/2015 12:00:00 AM,9/3/2015 12:00:00 AM,386,13,373
7/20/2015 12:00:00 AM,9/4/2015 12:00:00 AM,386,13,373
7/20/2015 12:00:00 AM,9/5/2015 12:00:00 AM,386,13,373
7/20/2015 12:00:00 AM,9/6/2015 12:00:00 AM,166,13,153
7/20/2015 12:00:00 AM,9/7/2015 12:00:00 AM,215,13,202
7/20/2015 12:00:00 AM,9/8/2015 12:00:00 AM,226,13,213
7/20/2015 12:00:00 AM,9/9/2015 12:00:00 AM,291,13,278
7/20/2015 12:00:00 AM,9/10/2015 12:00:00 AM,226,13,213
7/20/2015 12:00:00 AM,9/11/2015 12:00:00 AM,226,13,213
7/20/2015 12:00:00 AM,9/12/2015 12:00:00 AM,7673,4854,2819
7/20/2015 12:00:00 AM,9/13/2015 12:00:00 AM,8675,5354,3321
7/20/2015 12:00:00 AM,9/14/2015 12:00:00 AM,10458,6577,3881
7/20/2015 12:00:00 AM,9/15/2015 12:00:00 AM,10458,6577,3881
7/20/2015 12:00:00 AM,9/16/2015 12:00:00 AM,10923,6577,4346
7/20/2015 12:00:00 AM,9/17/2015 12:00:00 AM,10362,6016,4346
7/20/2015 12:00:00 AM,9/18/2015 12:00:00 AM,10830,6484,4346
7/20/2015 12:00:00 AM,9/19/2015 12:00:00 AM,12033,7309,4724
7/20/2015 12:00:00 AM,9/20/2015 12:00:00 AM,12154,7419,4735
7/20/2015 12:00:00 AM,9/21/2015 12:00:00 AM,13524,7518,6006
7/20/2015 12:00:00 AM,9/22/2015 12:00:00 AM,12276,6270,6006
7/20/2015 12:00:00 AM,9/23/2015 12:00:00 AM,13206,6420,6786
7/20/2015 12:00:00 AM,9/24/2015 12:00:00 AM,13056,6270,6786
7/20/2015 12:00:00 AM,9/25/2015 12:00:00 AM,12495,6211,6284
7/20/2015 12:00:00 AM,9/26/2015 12:00:00 AM,17223,10299,6924
7/20/2015 12:00:00 AM,9/27/2015 12:00:00 AM,16560,10075,6485
7/20/2015 12:00:00 AM,9/28/2015 12:00:00 AM,16558,10029,6529
7/20/2015 12:00:00 AM,9/29/2015 12:00:00 AM,16703,10174,6529
7/20/2015 12:00:00 AM,9/30/2015 12:00:00 AM,17523,10994,6529
7/20/2015 12:00:00 AM,10/1/2015 12:00:00 AM,18865,11285,7580
7/20/2015 12:00:00 AM,10/2/2015 12:00:00 AM,19242,10777,8465
7/20/2015 12:00:00 AM,10/3/2015 12:00:00 AM,21042,11383,9659
7/20/2015 12:00:00 AM,10/4/2015 12:00:00 AM,21151,12163,8988
7/20/2015 12:00:00 AM,10/5/2015 12:00:00 AM,21314,12084,9230
7/20/2015 12:00:00 AM,10/6/2015 12:00:00 AM,21628,12084,9544
7/20/2015 12:00:00 AM,10/7/2015 12:00:00 AM,21137,11583,9554
7/20/2015 12:00:00 AM,10/8/2015 12:00:00 AM,22410,11583,10827
7/20/2015 12:00:00 AM,10/9/2015 12:00:00 AM,22820,12083,10737
7/20/2015 12:00:00 AM,10/10/2015 12:00:00 AM,27031,15098,11933
7/20/2015 12:00:00 AM,10/11/2015 12:00:00 AM,27534,15014,12520
7/20/2015 12:00:00 AM,10/12/2015 12:00:00 AM,26943,15163,11780
7/20/2015 12:00:00 AM,10/13/2015 12:00:00 AM,23999,12046,11953
7/20/2015 12:00:00 AM,10/14/2015 12:00:00 AM,24012,12090,11922
7/20/2015 12:00:00 AM,10/15/2015 12:00:00 AM,23414,12074,11340
7/20/2015 12:00:00 AM,10/16/2015 12:00:00 AM,24561,13045,11516
7/20/2015 12:00:00 AM,10/17/2015 12:00:00 AM,28174,14200,13974
7/20/2015 12:00:00 AM,10/18/2015 12:00:00 AM,27191,13965,13226
7/20/2015 12:00:00 AM,10/19/2015 12:00:00 AM,27750,13466,14284
7/19/2015 12:00:00 AM,7/20/2015 12:00:00 AM,102,36,66
7/19/2015 12:00:00 AM,7/21/2015 12:00:00 AM,167,36,131
7/19/2015 12:00:00 AM,7/22/2015 12:00:00 AM,232,36,196
7/19/2015 12:00:00 AM,7/23/2015 12:00:00 AM,167,36,131
7/19/2015 12:00:00 AM,7/24/2015 12:00:00 AM,167,36,131
7/19/2015 12:00:00 AM,7/25/2015 12:00:00 AM,167,36,131
7/19/2015 12:00:00 AM,7/26/2015 12:00:00 AM,154,23,131
7/19/2015 12:00:00 AM,7/27/2015 12:00:00 AM,167,36,131
7/19/2015 12:00:00 AM,7/28/2015 12:00:00 AM,167,36,131
7/19/2015 12:00:00 AM,7/29/2015 12:00:00 AM,167,36,131
7/19/2015 12:00:00 AM,7/30/2015 12:00:00 AM,167,36,131
7/19/2015 12:00:00 AM,7/31/2015 12:00:00 AM,167,36,131
7/19/2015 12:00:00 AM,8/1/2015 12:00:00 AM,134,36,98
7/19/2015 12:00:00 AM,8/2/2015 12:00:00 AM,121,23,98
7/19/2015 12:00:00 AM,8/3/2015 12:00:00 AM,166,36,130
7/19/2015 12:00:00 AM,8/4/2015 12:00:00 AM,165,35,130
7/19/2015 12:00:00 AM,8/5/2015 12:00:00 AM,165,35,130
7/19/2015 12:00:00 AM,8/6/2015 12:00:00 AM,165,35,130
7/19/2015 12:00:00 AM,8/7/2015 12:00:00 AM,165,35,130
7/19/2015 12:00:00 AM,8/8/2015 12:00:00 AM,165,35,130
7/19/2015 12:00:00 AM,8/9/2015 12:00:00 AM,152,22,130
7/19/2015 12:00:00 AM,8/10/2015 12:00:00 AM,230,35,195
7/19/2015 12:00:00 AM,8/11/2015 12:00:00 AM,230,35,195
7/19/2015 12:00:00 AM,8/12/2015 12:00:00 AM,295,35,260
7/19/2015 12:00:00 AM,8/13/2015 12:00:00 AM,230,35,195
7/19/2015 12:00:00 AM,8/14/2015 12:00:00 AM,230,35,195
7/19/2015 12:00:00 AM,8/15/2015 12:00:00 AM,217,22,195
7/19/2015 12:00:00 AM,8/16/2015 12:00:00 AM,217,22,195
7/19/2015 12:00:00 AM,8/17/2015 12:00:00 AM,416,220,196
7/19/2015 12:00:00 AM,8/18/2015 12:00:00 AM,416,220,196
7/19/2015 12:00:00 AM,8/19/2015 12:00:00 AM,413,217,196
7/19/2015 12:00:00 AM,8/20/2015 12:00:00 AM,348,217,131
7/19/2015 12:00:00 AM,8/21/2015 12:00:00 AM,150,19,131
7/19/2015 12:00:00 AM,8/22/2015 12:00:00 AM,150,19,131
7/19/2015 12:00:00 AM,8/23/2015 12:00:00 AM,150,19,131
7/19/2015 12:00:00 AM,8/24/2015 12:00:00 AM,182,19,163
7/19/2015 12:00:00 AM,8/25/2015 12:00:00 AM,182,19,163
7/19/2015 12:00:00 AM,8/26/2015 12:00:00 AM,182,19,163
7/19/2015 12:00:00 AM,8/27/2015 12:00:00 AM,182,19,163
7/19/2015 12:00:00 AM,8/28/2015 12:00:00 AM,182,19,163
7/19/2015 12:00:00 AM,8/29/2015 12:00:00 AM,181,19,162
7/19/2015 12:00:00 AM,8/30/2015 12:00:00 AM,401,19,382
7/19/2015 12:00:00 AM,8/31/2015 12:00:00 AM,382,0,382
7/19/2015 12:00:00 AM,9/1/2015 12:00:00 AM,386,13,373
7/19/2015 12:00:00 AM,9/2/2015 12:00:00 AM,386,13,373
7/19/2015 12:00:00 AM,9/3/2015 12:00:00 AM,386,13,373
7/19/2015 12:00:00 AM,9/4/2015 12:00:00 AM,386,13,373
7/19/2015 12:00:00 AM,9/5/2015 12:00:00 AM,386,13,373
7/19/2015 12:00:00 AM,9/6/2015 12:00:00 AM,166,13,153
7/19/2015 12:00:00 AM,9/7/2015 12:00:00 AM,215,13,202
7/19/2015 12:00:00 AM,9/8/2015 12:00:00 AM,226,13,213
7/19/2015 12:00:00 AM,9/9/2015 12:00:00 AM,291,13,278
7/19/2015 12:00:00 AM,9/10/2015 12:00:00 AM,226,13,213
7/19/2015 12:00:00 AM,9/11/2015 12:00:00 AM,226,13,213
7/19/2015 12:00:00 AM,9/12/2015 12:00:00 AM,7673,4854,2819
7/19/2015 12:00:00 AM,9/13/2015 12:00:00 AM,8675,5354,3321
7/19/2015 12:00:00 AM,9/14/2015 12:00:00 AM,10458,6577,3881
7/19/2015 12:00:00 AM,9/15/2015 12:00:00 AM,10458,6577,3881
7/19/2015 12:00:00 AM,9/16/2015 12:00:00 AM,10923,6577,4346
7/19/2015 12:00:00 AM,9/17/2015 12:00:00 AM,10362,6016,4346
7/19/2015 12:00:00 AM,9/18/2015 12:00:00 AM,10830,6484,4346
7/19/2015 12:00:00 AM,9/19/2015 12:00:00 AM,12033,7309,4724
7/19/2015 12:00:00 AM,9/20/2015 12:00:00 AM,12154,7419,4735
7/19/2015 12:00:00 AM,9/21/2015 12:00:00 AM,13524,7518,6006
7/19/2015 12:00:00 AM,9/22/2015 12:00:00 AM,12276,6270,6006
7/19/2015 12:00:00 AM,9/23/2015 12:00:00 AM,13206,6420,6786
7/19/2015 12:00:00 AM,9/24/2015 12:00:00 AM,13056,6270,6786
7/19/2015 12:00:00 AM,9/25/2015 12:00:00 AM,12495,6211,6284
7/19/2015 12:00:00 AM,9/26/2015 12:00:00 AM,17223,10299,6924
7/19/2015 12:00:00 AM,9/27/2015 12:00:00 AM,16560,10075,6485
7/19/2015 12:00:00 AM,9/28/2015 12:00:00 AM,16558,10029,6529
7/19/2015 12:00:00 AM,9/29/2015 12:00:00 AM,16703,10174,6529
7/19/2015 12:00:00 AM,9/30/2015 12:00:00 AM,17523,10994,6529
7/19/2015 12:00:00 AM,10/1/2015 12:00:00 AM,18865,11285,7580
7/19/2015 12:00:00 AM,10/2/2015 12:00:00 AM,19242,10777,8465
7/19/2015 12:00:00 AM,10/3/2015 12:00:00 AM,21042,11383,9659
7/19/2015 12:00:00 AM,10/4/2015 12:00:00 AM,21151,12163,8988
7/19/2015 12:00:00 AM,10/5/2015 12:00:00 AM,21314,12084,9230
7/19/2015 12:00:00 AM,10/6/2015 12:00:00 AM,21628,12084,9544
7/19/2015 12:00:00 AM,10/7/2015 12:00:00 AM,21137,11583,9554
7/19/2015 12:00:00 AM,10/8/2015 12:00:00 AM,22410,11583,10827
7/19/2015 12:00:00 AM,10/9/2015 12:00:00 AM,22820,12083,10737
7/19/2015 12:00:00 AM,10/10/2015 12:00:00 AM,27031,15098,11933
7/19/2015 12:00:00 AM,10/11/2015 12:00:00 AM,27534,15014,12520
7/19/2015 12:00:00 AM,10/12/2015 12:00:00 AM,26943,15163,11780
7/19/2015 12:00:00 AM,10/13/2015 12:00:00 AM,23999,12046,11953
7/19/2015 12:00:00 AM,10/14/2015 12:00:00 AM,24012,12090,11922
7/19/2015 12:00:00 AM,10/15/2015 12:00:00 AM,23414,12074,11340
7/19/2015 12:00:00 AM,10/16/2015 12:00:00 AM,24561,13045,11516
7/19/2015 12:00:00 AM,10/17/2015 12:00:00 AM,28174,14200,13974
7/19/2015 12:00:00 AM,10/18/2015 12:00:00 AM,27191,13965,13226
7/18/2015 12:00:00 AM,7/19/2015 12:00:00 AM,56,23,33
7/18/2015 12:00:00 AM,7/20/2015 12:00:00 AM,102,36,66
7/18/2015 12:00:00 AM,7/21/2015 12:00:00 AM,167,36,131
7/18/2015 12:00:00 AM,7/22/2015 12:00:00 AM,232,36,196
7/18/2015 12:00:00 AM,7/23/2015 12:00:00 AM,167,36,131
7/18/2015 12:00:00 AM,7/24/2015 12:00:00 AM,167,36,131
7/18/2015 12:00:00 AM,7/25/2015 12:00:00 AM,167,36,131
7/18/2015 12:00:00 AM,7/26/2015 12:00:00 AM,154,23,131
7/18/2015 12:00:00 AM,7/27/2015 12:00:00 AM,167,36,131
7/18/2015 12:00:00 AM,7/28/2015 12:00:00 AM,167,36,131
7/18/2015 12:00:00 AM,7/29/2015 12:00:00 AM,167,36,131
7/18/2015 12:00:00 AM,7/30/2015 12:00:00 AM,167,36,131
7/18/2015 12:00:00 AM,7/31/2015 12:00:00 AM,167,36,131
7/18/2015 12:00:00 AM,8/1/2015 12:00:00 AM,134,36,98
7/18/2015 12:00:00 AM,8/2/2015 12:00:00 AM,121,23,98
7/18/2015 12:00:00 AM,8/3/2015 12:00:00 AM,166,36,130
7/18/2015 12:00:00 AM,8/4/2015 12:00:00 AM,165,35,130
7/18/2015 12:00:00 AM,8/5/2015 12:00:00 AM,165,35,130
7/18/2015 12:00:00 AM,8/6/2015 12:00:00 AM,165,35,130
7/18/2015 12:00:00 AM,8/7/2015 12:00:00 AM,165,35,130
7/18/2015 12:00:00 AM,8/8/2015 12:00:00 AM,165,35,130
7/18/2015 12:00:00 AM,8/9/2015 12:00:00 AM,152,22,130
7/18/2015 12:00:00 AM,8/10/2015 12:00:00 AM,230,35,195
7/18/2015 12:00:00 AM,8/11/2015 12:00:00 AM,230,35,195
7/18/2015 12:00:00 AM,8/12/2015 12:00:00 AM,295,35,260
7/18/2015 12:00:00 AM,8/13/2015 12:00:00 AM,230,35,195
7/18/2015 12:00:00 AM,8/14/2015 12:00:00 AM,230,35,195
7/18/2015 12:00:00 AM,8/15/2015 12:00:00 AM,217,22,195
7/18/2015 12:00:00 AM,8/16/2015 12:00:00 AM,217,22,195
7/18/2015 12:00:00 AM,8/17/2015 12:00:00 AM,416,220,196
7/18/2015 12:00:00 AM,8/18/2015 12:00:00 AM,416,220,196
7/18/2015 12:00:00 AM,8/19/2015 12:00:00 AM,413,217,196
7/18/2015 12:00:00 AM,8/20/2015 12:00:00 AM,348,217,131
7/18/2015 12:00:00 AM,8/21/2015 12:00:00 AM,150,19,131
7/18/2015 12:00:00 AM,8/22/2015 12:00:00 AM,150,19,131
7/18/2015 12:00:00 AM,8/23/2015 12:00:00 AM,150,19,131
7/18/2015 12:00:00 AM,8/24/2015 12:00:00 AM,182,19,163
7/18/2015 12:00:00 AM,8/25/2015 12:00:00 AM,182,19,163
7/18/2015 12:00:00 AM,8/26/2015 12:00:00 AM,182,19,163
7/18/2015 12:00:00 AM,8/27/2015 12:00:00 AM,182,19,163
7/18/2015 12:00:00 AM,8/28/2015 12:00:00 AM,182,19,163
7/18/2015 12:00:00 AM,8/29/2015 12:00:00 AM,181,19,162
7/18/2015 12:00:00 AM,8/30/2015 12:00:00 AM,401,19,382
7/18/2015 12:00:00 AM,8/31/2015 12:00:00 AM,382,0,382
7/18/2015 12:00:00 AM,9/1/2015 12:00:00 AM,386,13,373
7/18/2015 12:00:00 AM,9/2/2015 12:00:00 AM,386,13,373
7/18/2015 12:00:00 AM,9/3/2015 12:00:00 AM,386,13,373
7/18/2015 12:00:00 AM,9/4/2015 12:00:00 AM,386,13,373
7/18/2015 12:00:00 AM,9/5/2015 12:00:00 AM,386,13,373
7/18/2015 12:00:00 AM,9/6/2015 12:00:00 AM,166,13,153
7/18/2015 12:00:00 AM,9/7/2015 12:00:00 AM,215,13,202
7/18/2015 12:00:00 AM,9/8/2015 12:00:00 AM,226,13,213
7/18/2015 12:00:00 AM,9/9/2015 12:00:00 AM,291,13,278
7/18/2015 12:00:00 AM,9/10/2015 12:00:00 AM,226,13,213
7/18/2015 12:00:00 AM,9/11/2015 12:00:00 AM,226,13,213
7/18/2015 12:00:00 AM,9/12/2015 12:00:00 AM,7673,4854,2819
7/18/2015 12:00:00 AM,9/13/2015 12:00:00 AM,8675,5354,3321
7/18/2015 12:00:00 AM,9/14/2015 12:00:00 AM,10471,6590,3881
7/18/2015 12:00:00 AM,9/15/2015 12:00:00 AM,10471,6590,3881
7/18/2015 12:00:00 AM,9/16/2015 12:00:00 AM,10936,6590,4346
7/18/2015 12:00:00 AM,9/17/2015 12:00:00 AM,10375,6029,4346
7/18/2015 12:00:00 AM,9/18/2015 12:00:00 AM,10843,6497,4346
7/18/2015 12:00:00 AM,9/19/2015 12:00:00 AM,12033,7309,4724
7/18/2015 12:00:00 AM,9/20/2015 12:00:00 AM,12154,7419,4735
7/18/2015 12:00:00 AM,9/21/2015 12:00:00 AM,13524,7518,6006
7/18/2015 12:00:00 AM,9/22/2015 12:00:00 AM,12263,6257,6006
7/18/2015 12:00:00 AM,9/23/2015 12:00:00 AM,13193,6407,6786
7/18/2015 12:00:00 AM,9/24/2015 12:00:00 AM,13043,6257,6786
7/18/2015 12:00:00 AM,9/25/2015 12:00:00 AM,12482,6198,6284
7/18/2015 12:00:00 AM,9/26/2015 12:00:00 AM,17210,10286,6924
7/18/2015 12:00:00 AM,9/27/2015 12:00:00 AM,16547,10062,6485
7/18/2015 12:00:00 AM,9/28/2015 12:00:00 AM,16545,10016,6529
7/18/2015 12:00:00 AM,9/29/2015 12:00:00 AM,16690,10161,6529
7/18/2015 12:00:00 AM,9/30/2015 12:00:00 AM,17510,10981,6529
7/18/2015 12:00:00 AM,10/1/2015 12:00:00 AM,18852,11272,7580
7/18/2015 12:00:00 AM,10/2/2015 12:00:00 AM,19229,10764,8465
7/18/2015 12:00:00 AM,10/3/2015 12:00:00 AM,21042,11383,9659
7/18/2015 12:00:00 AM,10/4/2015 12:00:00 AM,21151,12163,8988
7/18/2015 12:00:00 AM,10/5/2015 12:00:00 AM,21314,12084,9230
7/18/2015 12:00:00 AM,10/6/2015 12:00:00 AM,21628,12084,9544
7/18/2015 12:00:00 AM,10/7/2015 12:00:00 AM,21137,11583,9554
7/18/2015 12:00:00 AM,10/8/2015 12:00:00 AM,22410,11583,10827
7/18/2015 12:00:00 AM,10/9/2015 12:00:00 AM,22820,12083,10737
7/18/2015 12:00:00 AM,10/10/2015 12:00:00 AM,27031,15098,11933
7/18/2015 12:00:00 AM,10/11/2015 12:00:00 AM,27534,15014,12520
7/18/2015 12:00:00 AM,10/12/2015 12:00:00 AM,26943,15163,11780
7/18/2015 12:00:00 AM,10/13/2015 12:00:00 AM,23999,12046,11953
7/18/2015 12:00:00 AM,10/14/2015 12:00:00 AM,24012,12090,11922
7/18/2015 12:00:00 AM,10/15/2015 12:00:00 AM,23414,12074,11340
7/18/2015 12:00:00 AM,10/16/2015 12:00:00 AM,24561,13045,11516
7/18/2015 12:00:00 AM,10/17/2015 12:00:00 AM,28174,14200,13974
7/17/2015 12:00:00 AM,7/18/2015 12:00:00 AM,56,23,33
7/17/2015 12:00:00 AM,7/19/2015 12:00:00 AM,56,23,33
7/17/2015 12:00:00 AM,7/20/2015 12:00:00 AM,102,36,66
7/17/2015 12:00:00 AM,7/21/2015 12:00:00 AM,167,36,131
7/17/2015 12:00:00 AM,7/22/2015 12:00:00 AM,232,36,196
7/17/2015 12:00:00 AM,7/23/2015 12:00:00 AM,167,36,131
7/17/2015 12:00:00 AM,7/24/2015 12:00:00 AM,167,36,131
7/17/2015 12:00:00 AM,7/25/2015 12:00:00 AM,167,36,131
7/17/2015 12:00:00 AM,7/26/2015 12:00:00 AM,154,23,131
7/17/2015 12:00:00 AM,7/27/2015 12:00:00 AM,167,36,131
7/17/2015 12:00:00 AM,7/28/2015 12:00:00 AM,167,36,131
7/17/2015 12:00:00 AM,7/29/2015 12:00:00 AM,167,36,131
7/17/2015 12:00:00 AM,7/30/2015 12:00:00 AM,167,36,131
7/17/2015 12:00:00 AM,7/31/2015 12:00:00 AM,167,36,131
7/17/2015 12:00:00 AM,8/1/2015 12:00:00 AM,134,36,98
7/17/2015 12:00:00 AM,8/2/2015 12:00:00 AM,121,23,98
7/17/2015 12:00:00 AM,8/3/2015 12:00:00 AM,166,36,130
7/17/2015 12:00:00 AM,8/4/2015 12:00:00 AM,165,35,130
7/17/2015 12:00:00 AM,8/5/2015 12:00:00 AM,165,35,130
7/17/2015 12:00:00 AM,8/6/2015 12:00:00 AM,165,35,130
7/17/2015 12:00:00 AM,8/7/2015 12:00:00 AM,165,35,130
7/17/2015 12:00:00 AM,8/8/2015 12:00:00 AM,165,35,130
7/17/2015 12:00:00 AM,8/9/2015 12:00:00 AM,152,22,130
7/17/2015 12:00:00 AM,8/10/2015 12:00:00 AM,230,35,195
7/17/2015 12:00:00 AM,8/11/2015 12:00:00 AM,230,35,195
7/17/2015 12:00:00 AM,8/12/2015 12:00:00 AM,295,35,260
7/17/2015 12:00:00 AM,8/13/2015 12:00:00 AM,230,35,195
7/17/2015 12:00:00 AM,8/14/2015 12:00:00 AM,230,35,195
7/17/2015 12:00:00 AM,8/15/2015 12:00:00 AM,217,22,195
7/17/2015 12:00:00 AM,8/16/2015 12:00:00 AM,217,22,195
7/17/2015 12:00:00 AM,8/17/2015 12:00:00 AM,416,220,196
7/17/2015 12:00:00 AM,8/18/2015 12:00:00 AM,416,220,196
7/17/2015 12:00:00 AM,8/19/2015 12:00:00 AM,413,217,196
7/17/2015 12:00:00 AM,8/20/2015 12:00:00 AM,348,217,131
7/17/2015 12:00:00 AM,8/21/2015 12:00:00 AM,150,19,131
7/17/2015 12:00:00 AM,8/22/2015 12:00:00 AM,150,19,131
7/17/2015 12:00:00 AM,8/23/2015 12:00:00 AM,150,19,131
7/17/2015 12:00:00 AM,8/24/2015 12:00:00 AM,182,19,163
7/17/2015 12:00:00 AM,8/25/2015 12:00:00 AM,182,19,163
7/17/2015 12:00:00 AM,8/26/2015 12:00:00 AM,182,19,163
7/17/2015 12:00:00 AM,8/27/2015 12:00:00 AM,182,19,163
7/17/2015 12:00:00 AM,8/28/2015 12:00:00 AM,182,19,163
7/17/2015 12:00:00 AM,8/29/2015 12:00:00 AM,181,19,162
7/17/2015 12:00:00 AM,8/30/2015 12:00:00 AM,401,19,382
7/17/2015 12:00:00 AM,8/31/2015 12:00:00 AM,382,0,382
7/17/2015 12:00:00 AM,9/1/2015 12:00:00 AM,386,13,373
7/17/2015 12:00:00 AM,9/2/2015 12:00:00 AM,386,13,373
7/17/2015 12:00:00 AM,9/3/2015 12:00:00 AM,386,13,373
7/17/2015 12:00:00 AM,9/4/2015 12:00:00 AM,386,13,373
7/17/2015 12:00:00 AM,9/5/2015 12:00:00 AM,386,13,373
7/17/2015 12:00:00 AM,9/6/2015 12:00:00 AM,166,13,153
7/17/2015 12:00:00 AM,9/7/2015 12:00:00 AM,215,13,202
7/17/2015 12:00:00 AM,9/8/2015 12:00:00 AM,226,13,213
7/17/2015 12:00:00 AM,9/9/2015 12:00:00 AM,291,13,278
7/17/2015 12:00:00 AM,9/10/2015 12:00:00 AM,226,13,213
7/17/2015 12:00:00 AM,9/11/2015 12:00:00 AM,226,13,213
7/17/2015 12:00:00 AM,9/12/2015 12:00:00 AM,7673,4854,2819
7/17/2015 12:00:00 AM,9/13/2015 12:00:00 AM,8675,5354,3321
7/17/2015 12:00:00 AM,9/14/2015 12:00:00 AM,10471,6590,3881
7/17/2015 12:00:00 AM,9/15/2015 12:00:00 AM,10471,6590,3881
7/17/2015 12:00:00 AM,9/16/2015 12:00:00 AM,10936,6590,4346
7/17/2015 12:00:00 AM,9/17/2015 12:00:00 AM,10375,6029,4346
7/17/2015 12:00:00 AM,9/18/2015 12:00:00 AM,10843,6497,4346
7/17/2015 12:00:00 AM,9/19/2015 12:00:00 AM,12033,7309,4724
7/17/2015 12:00:00 AM,9/20/2015 12:00:00 AM,12154,7419,4735
7/17/2015 12:00:00 AM,9/21/2015 12:00:00 AM,13524,7518,6006
7/17/2015 12:00:00 AM,9/22/2015 12:00:00 AM,12263,6257,6006
7/17/2015 12:00:00 AM,9/23/2015 12:00:00 AM,13193,6407,6786
7/17/2015 12:00:00 AM,9/24/2015 12:00:00 AM,13043,6257,6786
7/17/2015 12:00:00 AM,9/25/2015 12:00:00 AM,12482,6198,6284
7/17/2015 12:00:00 AM,9/26/2015 12:00:00 AM,17210,10286,6924
7/17/2015 12:00:00 AM,9/27/2015 12:00:00 AM,16547,10062,6485
7/17/2015 12:00:00 AM,9/28/2015 12:00:00 AM,16545,10016,6529
7/17/2015 12:00:00 AM,9/29/2015 12:00:00 AM,16690,10161,6529
7/17/2015 12:00:00 AM,9/30/2015 12:00:00 AM,17510,10981,6529
7/17/2015 12:00:00 AM,10/1/2015 12:00:00 AM,18852,11272,7580
7/17/2015 12:00:00 AM,10/2/2015 12:00:00 AM,19229,10764,8465
7/17/2015 12:00:00 AM,10/3/2015 12:00:00 AM,21042,11383,9659
7/17/2015 12:00:00 AM,10/4/2015 12:00:00 AM,21151,12163,8988
7/17/2015 12:00:00 AM,10/5/2015 12:00:00 AM,21299,12069,9230
7/17/2015 12:00:00 AM,10/6/2015 12:00:00 AM,21613,12069,9544
7/17/2015 12:00:00 AM,10/7/2015 12:00:00 AM,21122,11568,9554
7/17/2015 12:00:00 AM,10/8/2015 12:00:00 AM,22395,11568,10827
7/17/2015 12:00:00 AM,10/9/2015 12:00:00 AM,22755,12068,10687
7/17/2015 12:00:00 AM,10/10/2015 12:00:00 AM,26966,15083,11883
7/17/2015 12:00:00 AM,10/11/2015 12:00:00 AM,27469,14999,12470
7/17/2015 12:00:00 AM,10/12/2015 12:00:00 AM,26304,14574,11730
7/17/2015 12:00:00 AM,10/13/2015 12:00:00 AM,23360,11457,11903
7/17/2015 12:00:00 AM,10/14/2015 12:00:00 AM,23373,11501,11872
7/17/2015 12:00:00 AM,10/15/2015 12:00:00 AM,22775,11485,11290
7/17/2015 12:00:00 AM,10/16/2015 12:00:00 AM,23922,12456,11466
7/16/2015 12:00:00 AM,7/17/2015 12:00:00 AM,69,36,33
7/16/2015 12:00:00 AM,7/18/2015 12:00:00 AM,69,36,33
7/16/2015 12:00:00 AM,7/19/2015 12:00:00 AM,56,23,33
7/16/2015 12:00:00 AM,7/20/2015 12:00:00 AM,102,36,66
7/16/2015 12:00:00 AM,7/21/2015 12:00:00 AM,167,36,131
7/16/2015 12:00:00 AM,7/22/2015 12:00:00 AM,232,36,196
7/16/2015 12:00:00 AM,7/23/2015 12:00:00 AM,167,36,131
7/16/2015 12:00:00 AM,7/24/2015 12:00:00 AM,167,36,131
7/16/2015 12:00:00 AM,7/25/2015 12:00:00 AM,167,36,131
7/16/2015 12:00:00 AM,7/26/2015 12:00:00 AM,154,23,131
7/16/2015 12:00:00 AM,7/27/2015 12:00:00 AM,167,36,131
7/16/2015 12:00:00 AM,7/28/2015 12:00:00 AM,167,36,131
7/16/2015 12:00:00 AM,7/29/2015 12:00:00 AM,167,36,131
7/16/2015 12:00:00 AM,7/30/2015 12:00:00 AM,167,36,131
7/16/2015 12:00:00 AM,7/31/2015 12:00:00 AM,167,36,131
7/16/2015 12:00:00 AM,8/1/2015 12:00:00 AM,134,36,98
7/16/2015 12:00:00 AM,8/2/2015 12:00:00 AM,121,23,98
7/16/2015 12:00:00 AM,8/3/2015 12:00:00 AM,166,36,130
7/16/2015 12:00:00 AM,8/4/2015 12:00:00 AM,165,35,130
7/16/2015 12:00:00 AM,8/5/2015 12:00:00 AM,165,35,130
7/16/2015 12:00:00 AM,8/6/2015 12:00:00 AM,165,35,130
7/16/2015 12:00:00 AM,8/7/2015 12:00:00 AM,165,35,130
7/16/2015 12:00:00 AM,8/8/2015 12:00:00 AM,165,35,130
7/16/2015 12:00:00 AM,8/9/2015 12:00:00 AM,152,22,130
7/16/2015 12:00:00 AM,8/10/2015 12:00:00 AM,230,35,195
7/16/2015 12:00:00 AM,8/11/2015 12:00:00 AM,230,35,195
7/16/2015 12:00:00 AM,8/12/2015 12:00:00 AM,295,35,260
7/16/2015 12:00:00 AM,8/13/2015 12:00:00 AM,230,35,195
7/16/2015 12:00:00 AM,8/14/2015 12:00:00 AM,230,35,195
7/16/2015 12:00:00 AM,8/15/2015 12:00:00 AM,217,22,195
7/16/2015 12:00:00 AM,8/16/2015 12:00:00 AM,217,22,195
7/16/2015 12:00:00 AM,8/17/2015 12:00:00 AM,416,220,196
7/16/2015 12:00:00 AM,8/18/2015 12:00:00 AM,416,220,196
7/16/2015 12:00:00 AM,8/19/2015 12:00:00 AM,413,217,196
7/16/2015 12:00:00 AM,8/20/2015 12:00:00 AM,348,217,131
7/16/2015 12:00:00 AM,8/21/2015 12:00:00 AM,150,19,131
7/16/2015 12:00:00 AM,8/22/2015 12:00:00 AM,150,19,131
7/16/2015 12:00:00 AM,8/23/2015 12:00:00 AM,150,19,131
7/16/2015 12:00:00 AM,8/24/2015 12:00:00 AM,195,32,163
7/16/2015 12:00:00 AM,8/25/2015 12:00:00 AM,195,32,163
7/16/2015 12:00:00 AM,8/26/2015 12:00:00 AM,195,32,163
7/16/2015 12:00:00 AM,8/27/2015 12:00:00 AM,195,32,163
7/16/2015 12:00:00 AM,8/28/2015 12:00:00 AM,195,32,163
7/16/2015 12:00:00 AM,8/29/2015 12:00:00 AM,181,19,162
7/16/2015 12:00:00 AM,8/30/2015 12:00:00 AM,401,19,382
7/16/2015 12:00:00 AM,8/31/2015 12:00:00 AM,395,13,382
7/16/2015 12:00:00 AM,9/1/2015 12:00:00 AM,399,26,373
7/16/2015 12:00:00 AM,9/2/2015 12:00:00 AM,399,26,373
7/16/2015 12:00:00 AM,9/3/2015 12:00:00 AM,399,26,373
7/16/2015 12:00:00 AM,9/4/2015 12:00:00 AM,399,26,373
7/16/2015 12:00:00 AM,9/5/2015 12:00:00 AM,386,13,373
7/16/2015 12:00:00 AM,9/6/2015 12:00:00 AM,166,13,153
7/16/2015 12:00:00 AM,9/7/2015 12:00:00 AM,215,13,202
7/16/2015 12:00:00 AM,9/8/2015 12:00:00 AM,226,13,213
7/16/2015 12:00:00 AM,9/9/2015 12:00:00 AM,291,13,278
7/16/2015 12:00:00 AM,9/10/2015 12:00:00 AM,226,13,213
7/16/2015 12:00:00 AM,9/11/2015 12:00:00 AM,226,13,213
7/16/2015 12:00:00 AM,9/12/2015 12:00:00 AM,7673,4854,2819
7/16/2015 12:00:00 AM,9/13/2015 12:00:00 AM,8675,5354,3321
7/16/2015 12:00:00 AM,9/14/2015 12:00:00 AM,10471,6590,3881
7/16/2015 12:00:00 AM,9/15/2015 12:00:00 AM,10471,6590,3881
7/16/2015 12:00:00 AM,9/16/2015 12:00:00 AM,10936,6590,4346
7/16/2015 12:00:00 AM,9/17/2015 12:00:00 AM,10375,6029,4346
7/16/2015 12:00:00 AM,9/18/2015 12:00:00 AM,10843,6497,4346
7/16/2015 12:00:00 AM,9/19/2015 12:00:00 AM,11625,6901,4724
7/16/2015 12:00:00 AM,9/20/2015 12:00:00 AM,11746,7011,4735
7/16/2015 12:00:00 AM,9/21/2015 12:00:00 AM,13116,7110,6006
7/16/2015 12:00:00 AM,9/22/2015 12:00:00 AM,11855,5849,6006
7/16/2015 12:00:00 AM,9/23/2015 12:00:00 AM,12785,5999,6786
7/16/2015 12:00:00 AM,9/24/2015 12:00:00 AM,13043,6257,6786
7/16/2015 12:00:00 AM,9/25/2015 12:00:00 AM,12482,6198,6284
7/16/2015 12:00:00 AM,9/26/2015 12:00:00 AM,17210,10286,6924
7/16/2015 12:00:00 AM,9/27/2015 12:00:00 AM,16547,10062,6485
7/16/2015 12:00:00 AM,9/28/2015 12:00:00 AM,16545,10016,6529
7/16/2015 12:00:00 AM,9/29/2015 12:00:00 AM,16282,9753,6529
7/16/2015 12:00:00 AM,9/30/2015 12:00:00 AM,17102,10573,6529
7/16/2015 12:00:00 AM,10/1/2015 12:00:00 AM,18444,10864,7580
7/16/2015 12:00:00 AM,10/2/2015 12:00:00 AM,18668,10203,8465
7/16/2015 12:00:00 AM,10/3/2015 12:00:00 AM,20481,10822,9659
7/16/2015 12:00:00 AM,10/4/2015 12:00:00 AM,20590,11602,8988
7/16/2015 12:00:00 AM,10/5/2015 12:00:00 AM,20738,11508,9230
7/16/2015 12:00:00 AM,10/6/2015 12:00:00 AM,21052,11508,9544
7/16/2015 12:00:00 AM,10/7/2015 12:00:00 AM,20561,11007,9554
7/16/2015 12:00:00 AM,10/8/2015 12:00:00 AM,21834,11007,10827
7/16/2015 12:00:00 AM,10/9/2015 12:00:00 AM,22194,11507,10687
7/16/2015 12:00:00 AM,10/10/2015 12:00:00 AM,26405,14522,11883
7/16/2015 12:00:00 AM,10/11/2015 12:00:00 AM,26908,14438,12470
7/16/2015 12:00:00 AM,10/12/2015 12:00:00 AM,25743,14013,11730
7/16/2015 12:00:00 AM,10/13/2015 12:00:00 AM,23360,11457,11903
7/16/2015 12:00:00 AM,10/14/2015 12:00:00 AM,23373,11501,11872
7/16/2015 12:00:00 AM,10/15/2015 12:00:00 AM,22775,11485,11290
7/15/2015 12:00:00 AM,7/16/2015 12:00:00 AM,69,36,33
7/15/2015 12:00:00 AM,7/17/2015 12:00:00 AM,69,36,33
7/15/2015 12:00:00 AM,7/18/2015 12:00:00 AM,69,36,33
7/15/2015 12:00:00 AM,7/19/2015 12:00:00 AM,56,23,33
7/15/2015 12:00:00 AM,7/20/2015 12:00:00 AM,102,36,66
7/15/2015 12:00:00 AM,7/21/2015 12:00:00 AM,167,36,131
7/15/2015 12:00:00 AM,7/22/2015 12:00:00 AM,232,36,196
7/15/2015 12:00:00 AM,7/23/2015 12:00:00 AM,167,36,131
7/15/2015 12:00:00 AM,7/24/2015 12:00:00 AM,167,36,131
7/15/2015 12:00:00 AM,7/25/2015 12:00:00 AM,167,36,131
7/15/2015 12:00:00 AM,7/26/2015 12:00:00 AM,154,23,131
7/15/2015 12:00:00 AM,7/27/2015 12:00:00 AM,167,36,131
7/15/2015 12:00:00 AM,7/28/2015 12:00:00 AM,167,36,131
7/15/2015 12:00:00 AM,7/29/2015 12:00:00 AM,167,36,131
7/15/2015 12:00:00 AM,7/30/2015 12:00:00 AM,167,36,131
7/15/2015 12:00:00 AM,7/31/2015 12:00:00 AM,167,36,131
7/15/2015 12:00:00 AM,8/1/2015 12:00:00 AM,134,36,98
7/15/2015 12:00:00 AM,8/2/2015 12:00:00 AM,121,23,98
7/15/2015 12:00:00 AM,8/3/2015 12:00:00 AM,166,36,130
7/15/2015 12:00:00 AM,8/4/2015 12:00:00 AM,165,35,130
7/15/2015 12:00:00 AM,8/5/2015 12:00:00 AM,165,35,130
7/15/2015 12:00:00 AM,8/6/2015 12:00:00 AM,165,35,130
7/15/2015 12:00:00 AM,8/7/2015 12:00:00 AM,165,35,130
7/15/2015 12:00:00 AM,8/8/2015 12:00:00 AM,165,35,130
7/15/2015 12:00:00 AM,8/9/2015 12:00:00 AM,152,22,130
7/15/2015 12:00:00 AM,8/10/2015 12:00:00 AM,230,35,195
7/15/2015 12:00:00 AM,8/11/2015 12:00:00 AM,230,35,195
7/15/2015 12:00:00 AM,8/12/2015 12:00:00 AM,295,35,260
7/15/2015 12:00:00 AM,8/13/2015 12:00:00 AM,230,35,195
7/15/2015 12:00:00 AM,8/14/2015 12:00:00 AM,230,35,195
7/15/2015 12:00:00 AM,8/15/2015 12:00:00 AM,217,22,195
7/15/2015 12:00:00 AM,8/16/2015 12:00:00 AM,217,22,195
7/15/2015 12:00:00 AM,8/17/2015 12:00:00 AM,416,220,196
7/15/2015 12:00:00 AM,8/18/2015 12:00:00 AM,416,220,196
7/15/2015 12:00:00 AM,8/19/2015 12:00:00 AM,413,217,196
7/15/2015 12:00:00 AM,8/20/2015 12:00:00 AM,348,217,131
7/15/2015 12:00:00 AM,8/21/2015 12:00:00 AM,150,19,131
7/15/2015 12:00:00 AM,8/22/2015 12:00:00 AM,150,19,131
7/15/2015 12:00:00 AM,8/23/2015 12:00:00 AM,150,19,131
7/15/2015 12:00:00 AM,8/24/2015 12:00:00 AM,195,32,163
7/15/2015 12:00:00 AM,8/25/2015 12:00:00 AM,195,32,163
7/15/2015 12:00:00 AM,8/26/2015 12:00:00 AM,195,32,163
7/15/2015 12:00:00 AM,8/27/2015 12:00:00 AM,195,32,163
7/15/2015 12:00:00 AM,8/28/2015 12:00:00 AM,195,32,163
7/15/2015 12:00:00 AM,8/29/2015 12:00:00 AM,181,19,162
7/15/2015 12:00:00 AM,8/30/2015 12:00:00 AM,401,19,382
7/15/2015 12:00:00 AM,8/31/2015 12:00:00 AM,395,13,382
7/15/2015 12:00:00 AM,9/1/2015 12:00:00 AM,399,26,373
7/15/2015 12:00:00 AM,9/2/2015 12:00:00 AM,399,26,373
7/15/2015 12:00:00 AM,9/3/2015 12:00:00 AM,399,26,373
7/15/2015 12:00:00 AM,9/4/2015 12:00:00 AM,399,26,373
7/15/2015 12:00:00 AM,9/5/2015 12:00:00 AM,386,13,373
7/15/2015 12:00:00 AM,9/6/2015 12:00:00 AM,166,13,153
7/15/2015 12:00:00 AM,9/7/2015 12:00:00 AM,215,13,202
7/15/2015 12:00:00 AM,9/8/2015 12:00:00 AM,226,13,213
7/15/2015 12:00:00 AM,9/9/2015 12:00:00 AM,291,13,278
7/15/2015 12:00:00 AM,9/10/2015 12:00:00 AM,226,13,213
7/15/2015 12:00:00 AM,9/11/2015 12:00:00 AM,226,13,213
7/15/2015 12:00:00 AM,9/12/2015 12:00:00 AM,7673,4854,2819
7/15/2015 12:00:00 AM,9/13/2015 12:00:00 AM,8675,5354,3321
7/15/2015 12:00:00 AM,9/14/2015 12:00:00 AM,10471,6590,3881
7/15/2015 12:00:00 AM,9/15/2015 12:00:00 AM,10471,6590,3881
7/15/2015 12:00:00 AM,9/16/2015 12:00:00 AM,10936,6590,4346
7/15/2015 12:00:00 AM,9/17/2015 12:00:00 AM,10375,6029,4346
7/15/2015 12:00:00 AM,9/18/2015 12:00:00 AM,10843,6497,4346
7/15/2015 12:00:00 AM,9/19/2015 12:00:00 AM,11625,6901,4724
7/15/2015 12:00:00 AM,9/20/2015 12:00:00 AM,11746,7011,4735
7/15/2015 12:00:00 AM,9/21/2015 12:00:00 AM,13116,7110,6006
7/15/2015 12:00:00 AM,9/22/2015 12:00:00 AM,11855,5849,6006
7/15/2015 12:00:00 AM,9/23/2015 12:00:00 AM,12785,5999,6786
7/15/2015 12:00:00 AM,9/24/2015 12:00:00 AM,13043,6257,6786
7/15/2015 12:00:00 AM,9/25/2015 12:00:00 AM,12482,6198,6284
7/15/2015 12:00:00 AM,9/26/2015 12:00:00 AM,17210,10286,6924
7/15/2015 12:00:00 AM,9/27/2015 12:00:00 AM,16547,10062,6485
7/15/2015 12:00:00 AM,9/28/2015 12:00:00 AM,16545,10016,6529
7/15/2015 12:00:00 AM,9/29/2015 12:00:00 AM,16282,9753,6529
7/15/2015 12:00:00 AM,9/30/2015 12:00:00 AM,17102,10573,6529
7/15/2015 12:00:00 AM,10/1/2015 12:00:00 AM,18444,10864,7580
7/15/2015 12:00:00 AM,10/2/2015 12:00:00 AM,18668,10203,8465
7/15/2015 12:00:00 AM,10/3/2015 12:00:00 AM,20481,10822,9659
7/15/2015 12:00:00 AM,10/4/2015 12:00:00 AM,20590,11602,8988
7/15/2015 12:00:00 AM,10/5/2015 12:00:00 AM,20738,11508,9230
7/15/2015 12:00:00 AM,10/6/2015 12:00:00 AM,21052,11508,9544
7/15/2015 12:00:00 AM,10/7/2015 12:00:00 AM,20561,11007,9554
7/15/2015 12:00:00 AM,10/8/2015 12:00:00 AM,21834,11007,10827
7/15/2015 12:00:00 AM,10/9/2015 12:00:00 AM,22194,11507,10687
7/15/2015 12:00:00 AM,10/10/2015 12:00:00 AM,26810,14927,11883
7/15/2015 12:00:00 AM,10/11/2015 12:00:00 AM,27473,15003,12470
7/15/2015 12:00:00 AM,10/12/2015 12:00:00 AM,26628,14898,11730
7/15/2015 12:00:00 AM,10/13/2015 12:00:00 AM,24245,12342,11903
7/15/2015 12:00:00 AM,10/14/2015 12:00:00 AM,24258,12386,11872
7/14/2015 12:00:00 AM,7/15/2015 12:00:00 AM,91,37,54
7/14/2015 12:00:00 AM,7/16/2015 12:00:00 AM,70,37,33
7/14/2015 12:00:00 AM,7/17/2015 12:00:00 AM,70,37,33
7/14/2015 12:00:00 AM,7/18/2015 12:00:00 AM,69,36,33
7/14/2015 12:00:00 AM,7/19/2015 12:00:00 AM,56,23,33
7/14/2015 12:00:00 AM,7/20/2015 12:00:00 AM,102,36,66
7/14/2015 12:00:00 AM,7/21/2015 12:00:00 AM,167,36,131
7/14/2015 12:00:00 AM,7/22/2015 12:00:00 AM,232,36,196
7/14/2015 12:00:00 AM,7/23/2015 12:00:00 AM,167,36,131
7/14/2015 12:00:00 AM,7/24/2015 12:00:00 AM,167,36,131
7/14/2015 12:00:00 AM,7/25/2015 12:00:00 AM,167,36,131
7/14/2015 12:00:00 AM,7/26/2015 12:00:00 AM,154,23,131
7/14/2015 12:00:00 AM,7/27/2015 12:00:00 AM,167,36,131
7/14/2015 12:00:00 AM,7/28/2015 12:00:00 AM,167,36,131
7/14/2015 12:00:00 AM,7/29/2015 12:00:00 AM,167,36,131
7/14/2015 12:00:00 AM,7/30/2015 12:00:00 AM,167,36,131
7/14/2015 12:00:00 AM,7/31/2015 12:00:00 AM,167,36,131
7/14/2015 12:00:00 AM,8/1/2015 12:00:00 AM,134,36,98
7/14/2015 12:00:00 AM,8/2/2015 12:00:00 AM,121,23,98
7/14/2015 12:00:00 AM,8/3/2015 12:00:00 AM,166,36,130
7/14/2015 12:00:00 AM,8/4/2015 12:00:00 AM,165,35,130
7/14/2015 12:00:00 AM,8/5/2015 12:00:00 AM,165,35,130
7/14/2015 12:00:00 AM,8/6/2015 12:00:00 AM,165,35,130
7/14/2015 12:00:00 AM,8/7/2015 12:00:00 AM,165,35,130
7/14/2015 12:00:00 AM,8/8/2015 12:00:00 AM,165,35,130
7/14/2015 12:00:00 AM,8/9/2015 12:00:00 AM,152,22,130
7/14/2015 12:00:00 AM,8/10/2015 12:00:00 AM,230,35,195
7/14/2015 12:00:00 AM,8/11/2015 12:00:00 AM,230,35,195
7/14/2015 12:00:00 AM,8/12/2015 12:00:00 AM,295,35,260
7/14/2015 12:00:00 AM,8/13/2015 12:00:00 AM,230,35,195
7/14/2015 12:00:00 AM,8/14/2015 12:00:00 AM,230,35,195
7/14/2015 12:00:00 AM,8/15/2015 12:00:00 AM,217,22,195
7/14/2015 12:00:00 AM,8/16/2015 12:00:00 AM,217,22,195
7/14/2015 12:00:00 AM,8/17/2015 12:00:00 AM,416,220,196
7/14/2015 12:00:00 AM,8/18/2015 12:00:00 AM,416,220,196
7/14/2015 12:00:00 AM,8/19/2015 12:00:00 AM,413,217,196
7/14/2015 12:00:00 AM,8/20/2015 12:00:00 AM,348,217,131
7/14/2015 12:00:00 AM,8/21/2015 12:00:00 AM,150,19,131
7/14/2015 12:00:00 AM,8/22/2015 12:00:00 AM,150,19,131
7/14/2015 12:00:00 AM,8/23/2015 12:00:00 AM,150,19,131
7/14/2015 12:00:00 AM,8/24/2015 12:00:00 AM,195,32,163
7/14/2015 12:00:00 AM,8/25/2015 12:00:00 AM,195,32,163
7/14/2015 12:00:00 AM,8/26/2015 12:00:00 AM,195,32,163
7/14/2015 12:00:00 AM,8/27/2015 12:00:00 AM,195,32,163
7/14/2015 12:00:00 AM,8/28/2015 12:00:00 AM,195,32,163
7/14/2015 12:00:00 AM,8/29/2015 12:00:00 AM,181,19,162
7/14/2015 12:00:00 AM,8/30/2015 12:00:00 AM,401,19,382
7/14/2015 12:00:00 AM,8/31/2015 12:00:00 AM,395,13,382
7/14/2015 12:00:00 AM,9/1/2015 12:00:00 AM,399,26,373
7/14/2015 12:00:00 AM,9/2/2015 12:00:00 AM,399,26,373
7/14/2015 12:00:00 AM,9/3/2015 12:00:00 AM,399,26,373
7/14/2015 12:00:00 AM,9/4/2015 12:00:00 AM,399,26,373
7/14/2015 12:00:00 AM,9/5/2015 12:00:00 AM,386,13,373
7/14/2015 12:00:00 AM,9/6/2015 12:00:00 AM,166,13,153
7/14/2015 12:00:00 AM,9/7/2015 12:00:00 AM,215,13,202
7/14/2015 12:00:00 AM,9/8/2015 12:00:00 AM,226,13,213
7/14/2015 12:00:00 AM,9/9/2015 12:00:00 AM,291,13,278
7/14/2015 12:00:00 AM,9/10/2015 12:00:00 AM,226,13,213
7/14/2015 12:00:00 AM,9/11/2015 12:00:00 AM,226,13,213
7/14/2015 12:00:00 AM,9/12/2015 12:00:00 AM,7673,4854,2819
7/14/2015 12:00:00 AM,9/13/2015 12:00:00 AM,8675,5354,3321
7/14/2015 12:00:00 AM,9/14/2015 12:00:00 AM,10471,6590,3881
7/14/2015 12:00:00 AM,9/15/2015 12:00:00 AM,10471,6590,3881
7/14/2015 12:00:00 AM,9/16/2015 12:00:00 AM,10936,6590,4346
7/14/2015 12:00:00 AM,9/17/2015 12:00:00 AM,10375,6029,4346
7/14/2015 12:00:00 AM,9/18/2015 12:00:00 AM,10843,6497,4346
7/14/2015 12:00:00 AM,9/19/2015 12:00:00 AM,11625,6901,4724
7/14/2015 12:00:00 AM,9/20/2015 12:00:00 AM,11746,7011,4735
7/14/2015 12:00:00 AM,9/21/2015 12:00:00 AM,13116,7110,6006
7/14/2015 12:00:00 AM,9/22/2015 12:00:00 AM,11855,5849,6006
7/14/2015 12:00:00 AM,9/23/2015 12:00:00 AM,12785,5999,6786
7/14/2015 12:00:00 AM,9/24/2015 12:00:00 AM,13043,6257,6786
7/14/2015 12:00:00 AM,9/25/2015 12:00:00 AM,12482,6198,6284
7/14/2015 12:00:00 AM,9/26/2015 12:00:00 AM,17210,10286,6924
7/14/2015 12:00:00 AM,9/27/2015 12:00:00 AM,16547,10062,6485
7/14/2015 12:00:00 AM,9/28/2015 12:00:00 AM,16545,10016,6529
7/14/2015 12:00:00 AM,9/29/2015 12:00:00 AM,16137,9608,6529
7/14/2015 12:00:00 AM,9/30/2015 12:00:00 AM,16957,10428,6529
7/14/2015 12:00:00 AM,10/1/2015 12:00:00 AM,18299,10719,7580
7/14/2015 12:00:00 AM,10/2/2015 12:00:00 AM,18523,10058,8465
7/14/2015 12:00:00 AM,10/3/2015 12:00:00 AM,20336,10677,9659
7/14/2015 12:00:00 AM,10/4/2015 12:00:00 AM,20445,11457,8988
7/14/2015 12:00:00 AM,10/5/2015 12:00:00 AM,20593,11363,9230
7/14/2015 12:00:00 AM,10/6/2015 12:00:00 AM,20907,11363,9544
7/14/2015 12:00:00 AM,10/7/2015 12:00:00 AM,20416,10862,9554
7/14/2015 12:00:00 AM,10/8/2015 12:00:00 AM,21689,10862,10827
7/14/2015 12:00:00 AM,10/9/2015 12:00:00 AM,22049,11362,10687
7/14/2015 12:00:00 AM,10/10/2015 12:00:00 AM,26955,15072,11883
7/14/2015 12:00:00 AM,10/11/2015 12:00:00 AM,27618,15148,12470
7/14/2015 12:00:00 AM,10/12/2015 12:00:00 AM,26773,15043,11730
7/14/2015 12:00:00 AM,10/13/2015 12:00:00 AM,24535,12632,11903
7/13/2015 12:00:00 AM,7/14/2015 12:00:00 AM,69,36,33
7/13/2015 12:00:00 AM,7/15/2015 12:00:00 AM,91,37,54
7/13/2015 12:00:00 AM,7/16/2015 12:00:00 AM,70,37,33
7/13/2015 12:00:00 AM,7/17/2015 12:00:00 AM,70,37,33
7/13/2015 12:00:00 AM,7/18/2015 12:00:00 AM,69,36,33
7/13/2015 12:00:00 AM,7/19/2015 12:00:00 AM,56,23,33
7/13/2015 12:00:00 AM,7/20/2015 12:00:00 AM,102,36,66
7/13/2015 12:00:00 AM,7/21/2015 12:00:00 AM,167,36,131
7/13/2015 12:00:00 AM,7/22/2015 12:00:00 AM,232,36,196
7/13/2015 12:00:00 AM,7/23/2015 12:00:00 AM,167,36,131
7/13/2015 12:00:00 AM,7/24/2015 12:00:00 AM,167,36,131
7/13/2015 12:00:00 AM,7/25/2015 12:00:00 AM,167,36,131
7/13/2015 12:00:00 AM,7/26/2015 12:00:00 AM,154,23,131
7/13/2015 12:00:00 AM,7/27/2015 12:00:00 AM,167,36,131
7/13/2015 12:00:00 AM,7/28/2015 12:00:00 AM,167,36,131
7/13/2015 12:00:00 AM,7/29/2015 12:00:00 AM,167,36,131
7/13/2015 12:00:00 AM,7/30/2015 12:00:00 AM,167,36,131
7/13/2015 12:00:00 AM,7/31/2015 12:00:00 AM,167,36,131
7/13/2015 12:00:00 AM,8/1/2015 12:00:00 AM,134,36,98
7/13/2015 12:00:00 AM,8/2/2015 12:00:00 AM,121,23,98
7/13/2015 12:00:00 AM,8/3/2015 12:00:00 AM,166,36,130
7/13/2015 12:00:00 AM,8/4/2015 12:00:00 AM,165,35,130
7/13/2015 12:00:00 AM,8/5/2015 12:00:00 AM,165,35,130
7/13/2015 12:00:00 AM,8/6/2015 12:00:00 AM,165,35,130
7/13/2015 12:00:00 AM,8/7/2015 12:00:00 AM,165,35,130
7/13/2015 12:00:00 AM,8/8/2015 12:00:00 AM,165,35,130
7/13/2015 12:00:00 AM,8/9/2015 12:00:00 AM,152,22,130
7/13/2015 12:00:00 AM,8/10/2015 12:00:00 AM,230,35,195
7/13/2015 12:00:00 AM,8/11/2015 12:00:00 AM,230,35,195
7/13/2015 12:00:00 AM,8/12/2015 12:00:00 AM,295,35,260
7/13/2015 12:00:00 AM,8/13/2015 12:00:00 AM,230,35,195
7/13/2015 12:00:00 AM,8/14/2015 12:00:00 AM,230,35,195
7/13/2015 12:00:00 AM,8/15/2015 12:00:00 AM,217,22,195
7/13/2015 12:00:00 AM,8/16/2015 12:00:00 AM,217,22,195
7/13/2015 12:00:00 AM,8/17/2015 12:00:00 AM,416,220,196
7/13/2015 12:00:00 AM,8/18/2015 12:00:00 AM,416,220,196
7/13/2015 12:00:00 AM,8/19/2015 12:00:00 AM,413,217,196
7/13/2015 12:00:00 AM,8/20/2015 12:00:00 AM,348,217,131
7/13/2015 12:00:00 AM,8/21/2015 12:00:00 AM,150,19,131
7/13/2015 12:00:00 AM,8/22/2015 12:00:00 AM,150,19,131
7/13/2015 12:00:00 AM,8/23/2015 12:00:00 AM,150,19,131
7/13/2015 12:00:00 AM,8/24/2015 12:00:00 AM,195,32,163
7/13/2015 12:00:00 AM,8/25/2015 12:00:00 AM,195,32,163
7/13/2015 12:00:00 AM,8/26/2015 12:00:00 AM,195,32,163
7/13/2015 12:00:00 AM,8/27/2015 12:00:00 AM,195,32,163
7/13/2015 12:00:00 AM,8/28/2015 12:00:00 AM,195,32,163
7/13/2015 12:00:00 AM,8/29/2015 12:00:00 AM,181,19,162
7/13/2015 12:00:00 AM,8/30/2015 12:00:00 AM,401,19,382
7/13/2015 12:00:00 AM,8/31/2015 12:00:00 AM,395,13,382
7/13/2015 12:00:00 AM,9/1/2015 12:00:00 AM,399,26,373
7/13/2015 12:00:00 AM,9/2/2015 12:00:00 AM,399,26,373
7/13/2015 12:00:00 AM,9/3/2015 12:00:00 AM,399,26,373
7/13/2015 12:00:00 AM,9/4/2015 12:00:00 AM,399,26,373
7/13/2015 12:00:00 AM,9/5/2015 12:00:00 AM,386,13,373
7/13/2015 12:00:00 AM,9/6/2015 12:00:00 AM,166,13,153
7/13/2015 12:00:00 AM,9/7/2015 12:00:00 AM,215,13,202
7/13/2015 12:00:00 AM,9/8/2015 12:00:00 AM,226,13,213
7/13/2015 12:00:00 AM,9/9/2015 12:00:00 AM,291,13,278
7/13/2015 12:00:00 AM,9/10/2015 12:00:00 AM,226,13,213
7/13/2015 12:00:00 AM,9/11/2015 12:00:00 AM,226,13,213
7/13/2015 12:00:00 AM,9/12/2015 12:00:00 AM,7673,4854,2819
7/13/2015 12:00:00 AM,9/13/2015 12:00:00 AM,8675,5354,3321
7/13/2015 12:00:00 AM,9/14/2015 12:00:00 AM,10471,6590,3881
7/13/2015 12:00:00 AM,9/15/2015 12:00:00 AM,10471,6590,3881
7/13/2015 12:00:00 AM,9/16/2015 12:00:00 AM,10936,6590,4346
7/13/2015 12:00:00 AM,9/17/2015 12:00:00 AM,10375,6029,4346
7/13/2015 12:00:00 AM,9/18/2015 12:00:00 AM,10843,6497,4346
7/13/2015 12:00:00 AM,9/19/2015 12:00:00 AM,11625,6901,4724
7/13/2015 12:00:00 AM,9/20/2015 12:00:00 AM,11746,7011,4735
7/13/2015 12:00:00 AM,9/21/2015 12:00:00 AM,13116,7110,6006
7/13/2015 12:00:00 AM,9/22/2015 12:00:00 AM,11855,5849,6006
7/13/2015 12:00:00 AM,9/23/2015 12:00:00 AM,12785,5999,6786
7/13/2015 12:00:00 AM,9/24/2015 12:00:00 AM,13043,6257,6786
7/13/2015 12:00:00 AM,9/25/2015 12:00:00 AM,12482,6198,6284
7/13/2015 12:00:00 AM,9/26/2015 12:00:00 AM,17210,10286,6924
7/13/2015 12:00:00 AM,9/27/2015 12:00:00 AM,16547,10062,6485
7/13/2015 12:00:00 AM,9/28/2015 12:00:00 AM,16545,10016,6529
7/13/2015 12:00:00 AM,9/29/2015 12:00:00 AM,16137,9608,6529
7/13/2015 12:00:00 AM,9/30/2015 12:00:00 AM,16957,10428,6529
7/13/2015 12:00:00 AM,10/1/2015 12:00:00 AM,18299,10719,7580
7/13/2015 12:00:00 AM,10/2/2015 12:00:00 AM,18523,10058,8465
7/13/2015 12:00:00 AM,10/3/2015 12:00:00 AM,20336,10677,9659
7/13/2015 12:00:00 AM,10/4/2015 12:00:00 AM,20445,11457,8988
7/13/2015 12:00:00 AM,10/5/2015 12:00:00 AM,20593,11363,9230
7/13/2015 12:00:00 AM,10/6/2015 12:00:00 AM,20907,11363,9544
7/13/2015 12:00:00 AM,10/7/2015 12:00:00 AM,20416,10862,9554
7/13/2015 12:00:00 AM,10/8/2015 12:00:00 AM,21689,10862,10827
7/13/2015 12:00:00 AM,10/9/2015 12:00:00 AM,22049,11362,10687
7/13/2015 12:00:00 AM,10/10/2015 12:00:00 AM,26955,15072,11883
7/13/2015 12:00:00 AM,10/11/2015 12:00:00 AM,27618,15148,12470
7/13/2015 12:00:00 AM,10/12/2015 12:00:00 AM,26773,15043,11730
7/12/2015 12:00:00 AM,7/13/2015 12:00:00 AM,69,36,33
7/12/2015 12:00:00 AM,7/14/2015 12:00:00 AM,69,36,33
7/12/2015 12:00:00 AM,7/15/2015 12:00:00 AM,91,37,54
7/12/2015 12:00:00 AM,7/16/2015 12:00:00 AM,70,37,33
7/12/2015 12:00:00 AM,7/17/2015 12:00:00 AM,70,37,33
7/12/2015 12:00:00 AM,7/18/2015 12:00:00 AM,69,36,33
7/12/2015 12:00:00 AM,7/19/2015 12:00:00 AM,56,23,33
7/12/2015 12:00:00 AM,7/20/2015 12:00:00 AM,102,36,66
7/12/2015 12:00:00 AM,7/21/2015 12:00:00 AM,167,36,131
7/12/2015 12:00:00 AM,7/22/2015 12:00:00 AM,232,36,196
7/12/2015 12:00:00 AM,7/23/2015 12:00:00 AM,167,36,131
7/12/2015 12:00:00 AM,7/24/2015 12:00:00 AM,167,36,131
7/12/2015 12:00:00 AM,7/25/2015 12:00:00 AM,167,36,131
7/12/2015 12:00:00 AM,7/26/2015 12:00:00 AM,154,23,131
7/12/2015 12:00:00 AM,7/27/2015 12:00:00 AM,167,36,131
7/12/2015 12:00:00 AM,7/28/2015 12:00:00 AM,167,36,131
7/12/2015 12:00:00 AM,7/29/2015 12:00:00 AM,167,36,131
7/12/2015 12:00:00 AM,7/30/2015 12:00:00 AM,167,36,131
7/12/2015 12:00:00 AM,7/31/2015 12:00:00 AM,167,36,131
7/12/2015 12:00:00 AM,8/1/2015 12:00:00 AM,134,36,98
7/12/2015 12:00:00 AM,8/2/2015 12:00:00 AM,121,23,98
7/12/2015 12:00:00 AM,8/3/2015 12:00:00 AM,166,36,130
7/12/2015 12:00:00 AM,8/4/2015 12:00:00 AM,165,35,130
7/12/2015 12:00:00 AM,8/5/2015 12:00:00 AM,165,35,130
7/12/2015 12:00:00 AM,8/6/2015 12:00:00 AM,165,35,130
7/12/2015 12:00:00 AM,8/7/2015 12:00:00 AM,165,35,130
7/12/2015 12:00:00 AM,8/8/2015 12:00:00 AM,165,35,130
7/12/2015 12:00:00 AM,8/9/2015 12:00:00 AM,152,22,130
7/12/2015 12:00:00 AM,8/10/2015 12:00:00 AM,230,35,195
7/12/2015 12:00:00 AM,8/11/2015 12:00:00 AM,230,35,195
7/12/2015 12:00:00 AM,8/12/2015 12:00:00 AM,295,35,260
7/12/2015 12:00:00 AM,8/13/2015 12:00:00 AM,230,35,195
7/12/2015 12:00:00 AM,8/14/2015 12:00:00 AM,230,35,195
7/12/2015 12:00:00 AM,8/15/2015 12:00:00 AM,217,22,195
7/12/2015 12:00:00 AM,8/16/2015 12:00:00 AM,217,22,195
7/12/2015 12:00:00 AM,8/17/2015 12:00:00 AM,416,220,196
7/12/2015 12:00:00 AM,8/18/2015 12:00:00 AM,416,220,196
7/12/2015 12:00:00 AM,8/19/2015 12:00:00 AM,413,217,196
7/12/2015 12:00:00 AM,8/20/2015 12:00:00 AM,348,217,131
7/12/2015 12:00:00 AM,8/21/2015 12:00:00 AM,150,19,131
7/12/2015 12:00:00 AM,8/22/2015 12:00:00 AM,150,19,131
7/12/2015 12:00:00 AM,8/23/2015 12:00:00 AM,150,19,131
7/12/2015 12:00:00 AM,8/24/2015 12:00:00 AM,195,32,163
7/12/2015 12:00:00 AM,8/25/2015 12:00:00 AM,195,32,163
7/12/2015 12:00:00 AM,8/26/2015 12:00:00 AM,195,32,163
7/12/2015 12:00:00 AM,8/27/2015 12:00:00 AM,195,32,163
7/12/2015 12:00:00 AM,8/28/2015 12:00:00 AM,195,32,163
7/12/2015 12:00:00 AM,8/29/2015 12:00:00 AM,181,19,162
7/12/2015 12:00:00 AM,8/30/2015 12:00:00 AM,401,19,382
7/12/2015 12:00:00 AM,8/31/2015 12:00:00 AM,395,13,382
7/12/2015 12:00:00 AM,9/1/2015 12:00:00 AM,399,26,373
7/12/2015 12:00:00 AM,9/2/2015 12:00:00 AM,399,26,373
7/12/2015 12:00:00 AM,9/3/2015 12:00:00 AM,399,26,373
7/12/2015 12:00:00 AM,9/4/2015 12:00:00 AM,399,26,373
7/12/2015 12:00:00 AM,9/5/2015 12:00:00 AM,386,13,373
7/12/2015 12:00:00 AM,9/6/2015 12:00:00 AM,166,13,153
7/12/2015 12:00:00 AM,9/7/2015 12:00:00 AM,215,13,202
7/12/2015 12:00:00 AM,9/8/2015 12:00:00 AM,226,13,213
7/12/2015 12:00:00 AM,9/9/2015 12:00:00 AM,291,13,278
7/12/2015 12:00:00 AM,9/10/2015 12:00:00 AM,226,13,213
7/12/2015 12:00:00 AM,9/11/2015 12:00:00 AM,226,13,213
7/12/2015 12:00:00 AM,9/12/2015 12:00:00 AM,7673,4854,2819
7/12/2015 12:00:00 AM,9/13/2015 12:00:00 AM,8675,5354,3321
7/12/2015 12:00:00 AM,9/14/2015 12:00:00 AM,10471,6590,3881
7/12/2015 12:00:00 AM,9/15/2015 12:00:00 AM,10471,6590,3881
7/12/2015 12:00:00 AM,9/16/2015 12:00:00 AM,10936,6590,4346
7/12/2015 12:00:00 AM,9/17/2015 12:00:00 AM,10375,6029,4346
7/12/2015 12:00:00 AM,9/18/2015 12:00:00 AM,10843,6497,4346
7/12/2015 12:00:00 AM,9/19/2015 12:00:00 AM,11625,6901,4724
7/12/2015 12:00:00 AM,9/20/2015 12:00:00 AM,11746,7011,4735
7/12/2015 12:00:00 AM,9/21/2015 12:00:00 AM,13116,7110,6006
7/12/2015 12:00:00 AM,9/22/2015 12:00:00 AM,11855,5849,6006
7/12/2015 12:00:00 AM,9/23/2015 12:00:00 AM,12785,5999,6786
7/12/2015 12:00:00 AM,9/24/2015 12:00:00 AM,13043,6257,6786
7/12/2015 12:00:00 AM,9/25/2015 12:00:00 AM,12482,6198,6284
7/12/2015 12:00:00 AM,9/26/2015 12:00:00 AM,17210,10286,6924
7/12/2015 12:00:00 AM,9/27/2015 12:00:00 AM,16547,10062,6485
7/12/2015 12:00:00 AM,9/28/2015 12:00:00 AM,16545,10016,6529
7/12/2015 12:00:00 AM,9/29/2015 12:00:00 AM,16137,9608,6529
7/12/2015 12:00:00 AM,9/30/2015 12:00:00 AM,16957,10428,6529
7/12/2015 12:00:00 AM,10/1/2015 12:00:00 AM,18299,10719,7580
7/12/2015 12:00:00 AM,10/2/2015 12:00:00 AM,18523,10058,8465
7/12/2015 12:00:00 AM,10/3/2015 12:00:00 AM,20336,10677,9659
7/12/2015 12:00:00 AM,10/4/2015 12:00:00 AM,20445,11457,8988
7/12/2015 12:00:00 AM,10/5/2015 12:00:00 AM,20593,11363,9230
7/12/2015 12:00:00 AM,10/6/2015 12:00:00 AM,20907,11363,9544
7/12/2015 12:00:00 AM,10/7/2015 12:00:00 AM,20416,10862,9554
7/12/2015 12:00:00 AM,10/8/2015 12:00:00 AM,21689,10862,10827
7/12/2015 12:00:00 AM,10/9/2015 12:00:00 AM,22049,11362,10687
7/12/2015 12:00:00 AM,10/10/2015 12:00:00 AM,26955,15072,11883
7/12/2015 12:00:00 AM,10/11/2015 12:00:00 AM,27618,15148,12470
7/11/2015 12:00:00 AM,7/12/2015 12:00:00 AM,55,22,33
7/11/2015 12:00:00 AM,7/13/2015 12:00:00 AM,69,36,33
7/11/2015 12:00:00 AM,7/14/2015 12:00:00 AM,69,36,33
7/11/2015 12:00:00 AM,7/15/2015 12:00:00 AM,91,37,54
7/11/2015 12:00:00 AM,7/16/2015 12:00:00 AM,70,37,33
7/11/2015 12:00:00 AM,7/17/2015 12:00:00 AM,70,37,33
7/11/2015 12:00:00 AM,7/18/2015 12:00:00 AM,69,36,33
7/11/2015 12:00:00 AM,7/19/2015 12:00:00 AM,56,23,33
7/11/2015 12:00:00 AM,7/20/2015 12:00:00 AM,102,36,66
7/11/2015 12:00:00 AM,7/21/2015 12:00:00 AM,167,36,131
7/11/2015 12:00:00 AM,7/22/2015 12:00:00 AM,232,36,196
7/11/2015 12:00:00 AM,7/23/2015 12:00:00 AM,167,36,131
7/11/2015 12:00:00 AM,7/24/2015 12:00:00 AM,167,36,131
7/11/2015 12:00:00 AM,7/25/2015 12:00:00 AM,167,36,131
7/11/2015 12:00:00 AM,7/26/2015 12:00:00 AM,154,23,131
7/11/2015 12:00:00 AM,7/27/2015 12:00:00 AM,167,36,131
7/11/2015 12:00:00 AM,7/28/2015 12:00:00 AM,167,36,131
7/11/2015 12:00:00 AM,7/29/2015 12:00:00 AM,167,36,131
7/11/2015 12:00:00 AM,7/30/2015 12:00:00 AM,167,36,131
7/11/2015 12:00:00 AM,7/31/2015 12:00:00 AM,167,36,131
7/11/2015 12:00:00 AM,8/1/2015 12:00:00 AM,134,36,98
7/11/2015 12:00:00 AM,8/2/2015 12:00:00 AM,121,23,98
7/11/2015 12:00:00 AM,8/3/2015 12:00:00 AM,166,36,130
7/11/2015 12:00:00 AM,8/4/2015 12:00:00 AM,165,35,130
7/11/2015 12:00:00 AM,8/5/2015 12:00:00 AM,165,35,130
7/11/2015 12:00:00 AM,8/6/2015 12:00:00 AM,165,35,130
7/11/2015 12:00:00 AM,8/7/2015 12:00:00 AM,165,35,130
7/11/2015 12:00:00 AM,8/8/2015 12:00:00 AM,165,35,130
7/11/2015 12:00:00 AM,8/9/2015 12:00:00 AM,152,22,130
7/11/2015 12:00:00 AM,8/10/2015 12:00:00 AM,230,35,195
7/11/2015 12:00:00 AM,8/11/2015 12:00:00 AM,230,35,195
7/11/2015 12:00:00 AM,8/12/2015 12:00:00 AM,295,35,260
7/11/2015 12:00:00 AM,8/13/2015 12:00:00 AM,230,35,195
7/11/2015 12:00:00 AM,8/14/2015 12:00:00 AM,230,35,195
7/11/2015 12:00:00 AM,8/15/2015 12:00:00 AM,217,22,195
7/11/2015 12:00:00 AM,8/16/2015 12:00:00 AM,217,22,195
7/11/2015 12:00:00 AM,8/17/2015 12:00:00 AM,416,220,196
7/11/2015 12:00:00 AM,8/18/2015 12:00:00 AM,416,220,196
7/11/2015 12:00:00 AM,8/19/2015 12:00:00 AM,413,217,196
7/11/2015 12:00:00 AM,8/20/2015 12:00:00 AM,348,217,131
7/11/2015 12:00:00 AM,8/21/2015 12:00:00 AM,150,19,131
7/11/2015 12:00:00 AM,8/22/2015 12:00:00 AM,150,19,131
7/11/2015 12:00:00 AM,8/23/2015 12:00:00 AM,150,19,131
7/11/2015 12:00:00 AM,8/24/2015 12:00:00 AM,195,32,163
7/11/2015 12:00:00 AM,8/25/2015 12:00:00 AM,195,32,163
7/11/2015 12:00:00 AM,8/26/2015 12:00:00 AM,195,32,163
7/11/2015 12:00:00 AM,8/27/2015 12:00:00 AM,195,32,163
7/11/2015 12:00:00 AM,8/28/2015 12:00:00 AM,195,32,163
7/11/2015 12:00:00 AM,8/29/2015 12:00:00 AM,181,19,162
7/11/2015 12:00:00 AM,8/30/2015 12:00:00 AM,401,19,382
7/11/2015 12:00:00 AM,8/31/2015 12:00:00 AM,395,13,382
7/11/2015 12:00:00 AM,9/1/2015 12:00:00 AM,399,26,373
7/11/2015 12:00:00 AM,9/2/2015 12:00:00 AM,399,26,373
7/11/2015 12:00:00 AM,9/3/2015 12:00:00 AM,399,26,373
7/11/2015 12:00:00 AM,9/4/2015 12:00:00 AM,399,26,373
7/11/2015 12:00:00 AM,9/5/2015 12:00:00 AM,386,13,373
7/11/2015 12:00:00 AM,9/6/2015 12:00:00 AM,166,13,153
7/11/2015 12:00:00 AM,9/7/2015 12:00:00 AM,215,13,202
7/11/2015 12:00:00 AM,9/8/2015 12:00:00 AM,226,13,213
7/11/2015 12:00:00 AM,9/9/2015 12:00:00 AM,291,13,278
7/11/2015 12:00:00 AM,9/10/2015 12:00:00 AM,226,13,213
7/11/2015 12:00:00 AM,9/11/2015 12:00:00 AM,226,13,213
7/11/2015 12:00:00 AM,9/12/2015 12:00:00 AM,7673,4854,2819
7/11/2015 12:00:00 AM,9/13/2015 12:00:00 AM,8675,5354,3321
7/11/2015 12:00:00 AM,9/14/2015 12:00:00 AM,10471,6590,3881
7/11/2015 12:00:00 AM,9/15/2015 12:00:00 AM,10471,6590,3881
7/11/2015 12:00:00 AM,9/16/2015 12:00:00 AM,10936,6590,4346
7/11/2015 12:00:00 AM,9/17/2015 12:00:00 AM,10375,6029,4346
7/11/2015 12:00:00 AM,9/18/2015 12:00:00 AM,10843,6497,4346
7/11/2015 12:00:00 AM,9/19/2015 12:00:00 AM,11625,6901,4724
7/11/2015 12:00:00 AM,9/20/2015 12:00:00 AM,11746,7011,4735
7/11/2015 12:00:00 AM,9/21/2015 12:00:00 AM,13116,7110,6006
7/11/2015 12:00:00 AM,9/22/2015 12:00:00 AM,11855,5849,6006
7/11/2015 12:00:00 AM,9/23/2015 12:00:00 AM,12785,5999,6786
7/11/2015 12:00:00 AM,9/24/2015 12:00:00 AM,13043,6257,6786
7/11/2015 12:00:00 AM,9/25/2015 12:00:00 AM,12482,6198,6284
7/11/2015 12:00:00 AM,9/26/2015 12:00:00 AM,17210,10286,6924
7/11/2015 12:00:00 AM,9/27/2015 12:00:00 AM,16547,10062,6485
7/11/2015 12:00:00 AM,9/28/2015 12:00:00 AM,16545,10016,6529
7/11/2015 12:00:00 AM,9/29/2015 12:00:00 AM,16137,9608,6529
7/11/2015 12:00:00 AM,9/30/2015 12:00:00 AM,16957,10428,6529
7/11/2015 12:00:00 AM,10/1/2015 12:00:00 AM,18299,10719,7580
7/11/2015 12:00:00 AM,10/2/2015 12:00:00 AM,18523,10058,8465
7/11/2015 12:00:00 AM,10/3/2015 12:00:00 AM,20336,10677,9659
7/11/2015 12:00:00 AM,10/4/2015 12:00:00 AM,20445,11457,8988
7/11/2015 12:00:00 AM,10/5/2015 12:00:00 AM,20593,11363,9230
7/11/2015 12:00:00 AM,10/6/2015 12:00:00 AM,20907,11363,9544
7/11/2015 12:00:00 AM,10/7/2015 12:00:00 AM,20416,10862,9554
7/11/2015 12:00:00 AM,10/8/2015 12:00:00 AM,21689,10862,10827
7/11/2015 12:00:00 AM,10/9/2015 12:00:00 AM,22049,11362,10687
7/11/2015 12:00:00 AM,10/10/2015 12:00:00 AM,26955,15072,11883
7/10/2015 12:00:00 AM,7/11/2015 12:00:00 AM,55,22,33
7/10/2015 12:00:00 AM,7/12/2015 12:00:00 AM,55,22,33
7/10/2015 12:00:00 AM,7/13/2015 12:00:00 AM,69,36,33
7/10/2015 12:00:00 AM,7/14/2015 12:00:00 AM,69,36,33
7/10/2015 12:00:00 AM,7/15/2015 12:00:00 AM,91,37,54
7/10/2015 12:00:00 AM,7/16/2015 12:00:00 AM,70,37,33
7/10/2015 12:00:00 AM,7/17/2015 12:00:00 AM,70,37,33
7/10/2015 12:00:00 AM,7/18/2015 12:00:00 AM,69,36,33
7/10/2015 12:00:00 AM,7/19/2015 12:00:00 AM,56,23,33
7/10/2015 12:00:00 AM,7/20/2015 12:00:00 AM,102,36,66
7/10/2015 12:00:00 AM,7/21/2015 12:00:00 AM,167,36,131
7/10/2015 12:00:00 AM,7/22/2015 12:00:00 AM,232,36,196
7/10/2015 12:00:00 AM,7/23/2015 12:00:00 AM,167,36,131
7/10/2015 12:00:00 AM,7/24/2015 12:00:00 AM,167,36,131
7/10/2015 12:00:00 AM,7/25/2015 12:00:00 AM,167,36,131
7/10/2015 12:00:00 AM,7/26/2015 12:00:00 AM,154,23,131
7/10/2015 12:00:00 AM,7/27/2015 12:00:00 AM,167,36,131
7/10/2015 12:00:00 AM,7/28/2015 12:00:00 AM,167,36,131
7/10/2015 12:00:00 AM,7/29/2015 12:00:00 AM,167,36,131
7/10/2015 12:00:00 AM,7/30/2015 12:00:00 AM,167,36,131
7/10/2015 12:00:00 AM,7/31/2015 12:00:00 AM,167,36,131
7/10/2015 12:00:00 AM,8/1/2015 12:00:00 AM,134,36,98
7/10/2015 12:00:00 AM,8/2/2015 12:00:00 AM,121,23,98
7/10/2015 12:00:00 AM,8/3/2015 12:00:00 AM,166,36,130
7/10/2015 12:00:00 AM,8/4/2015 12:00:00 AM,165,35,130
7/10/2015 12:00:00 AM,8/5/2015 12:00:00 AM,165,35,130
7/10/2015 12:00:00 AM,8/6/2015 12:00:00 AM,165,35,130
7/10/2015 12:00:00 AM,8/7/2015 12:00:00 AM,165,35,130
7/10/2015 12:00:00 AM,8/8/2015 12:00:00 AM,165,35,130
7/10/2015 12:00:00 AM,8/9/2015 12:00:00 AM,152,22,130
7/10/2015 12:00:00 AM,8/10/2015 12:00:00 AM,230,35,195
7/10/2015 12:00:00 AM,8/11/2015 12:00:00 AM,230,35,195
7/10/2015 12:00:00 AM,8/12/2015 12:00:00 AM,295,35,260
7/10/2015 12:00:00 AM,8/13/2015 12:00:00 AM,230,35,195
7/10/2015 12:00:00 AM,8/14/2015 12:00:00 AM,230,35,195
7/10/2015 12:00:00 AM,8/15/2015 12:00:00 AM,217,22,195
7/10/2015 12:00:00 AM,8/16/2015 12:00:00 AM,217,22,195
7/10/2015 12:00:00 AM,8/17/2015 12:00:00 AM,416,220,196
7/10/2015 12:00:00 AM,8/18/2015 12:00:00 AM,416,220,196
7/10/2015 12:00:00 AM,8/19/2015 12:00:00 AM,413,217,196
7/10/2015 12:00:00 AM,8/20/2015 12:00:00 AM,348,217,131
7/10/2015 12:00:00 AM,8/21/2015 12:00:00 AM,150,19,131
7/10/2015 12:00:00 AM,8/22/2015 12:00:00 AM,150,19,131
7/10/2015 12:00:00 AM,8/23/2015 12:00:00 AM,150,19,131
7/10/2015 12:00:00 AM,8/24/2015 12:00:00 AM,195,32,163
7/10/2015 12:00:00 AM,8/25/2015 12:00:00 AM,195,32,163
7/10/2015 12:00:00 AM,8/26/2015 12:00:00 AM,195,32,163
7/10/2015 12:00:00 AM,8/27/2015 12:00:00 AM,195,32,163
7/10/2015 12:00:00 AM,8/28/2015 12:00:00 AM,195,32,163
7/10/2015 12:00:00 AM,8/29/2015 12:00:00 AM,181,19,162
7/10/2015 12:00:00 AM,8/30/2015 12:00:00 AM,401,19,382
7/10/2015 12:00:00 AM,8/31/2015 12:00:00 AM,395,13,382
7/10/2015 12:00:00 AM,9/1/2015 12:00:00 AM,399,26,373
7/10/2015 12:00:00 AM,9/2/2015 12:00:00 AM,399,26,373
7/10/2015 12:00:00 AM,9/3/2015 12:00:00 AM,399,26,373
7/10/2015 12:00:00 AM,9/4/2015 12:00:00 AM,399,26,373
7/10/2015 12:00:00 AM,9/5/2015 12:00:00 AM,386,13,373
7/10/2015 12:00:00 AM,9/6/2015 12:00:00 AM,166,13,153
7/10/2015 12:00:00 AM,9/7/2015 12:00:00 AM,215,13,202
7/10/2015 12:00:00 AM,9/8/2015 12:00:00 AM,226,13,213
7/10/2015 12:00:00 AM,9/9/2015 12:00:00 AM,291,13,278
7/10/2015 12:00:00 AM,9/10/2015 12:00:00 AM,226,13,213
7/10/2015 12:00:00 AM,9/11/2015 12:00:00 AM,226,13,213
7/10/2015 12:00:00 AM,9/12/2015 12:00:00 AM,7673,4854,2819
7/10/2015 12:00:00 AM,9/13/2015 12:00:00 AM,8675,5354,3321
7/10/2015 12:00:00 AM,9/14/2015 12:00:00 AM,10471,6590,3881
7/10/2015 12:00:00 AM,9/15/2015 12:00:00 AM,10471,6590,3881
7/10/2015 12:00:00 AM,9/16/2015 12:00:00 AM,10936,6590,4346
7/10/2015 12:00:00 AM,9/17/2015 12:00:00 AM,10375,6029,4346
7/10/2015 12:00:00 AM,9/18/2015 12:00:00 AM,10843,6497,4346
7/10/2015 12:00:00 AM,9/19/2015 12:00:00 AM,11574,6901,4673
7/10/2015 12:00:00 AM,9/20/2015 12:00:00 AM,11695,7011,4684
7/10/2015 12:00:00 AM,9/21/2015 12:00:00 AM,13065,7110,5955
7/10/2015 12:00:00 AM,9/22/2015 12:00:00 AM,11804,5849,5955
7/10/2015 12:00:00 AM,9/23/2015 12:00:00 AM,12734,5999,6735
7/10/2015 12:00:00 AM,9/24/2015 12:00:00 AM,12992,6257,6735
7/10/2015 12:00:00 AM,9/25/2015 12:00:00 AM,12431,6198,6233
7/10/2015 12:00:00 AM,9/26/2015 12:00:00 AM,17159,10286,6873
7/10/2015 12:00:00 AM,9/27/2015 12:00:00 AM,16496,10062,6434
7/10/2015 12:00:00 AM,9/28/2015 12:00:00 AM,16494,10016,6478
7/10/2015 12:00:00 AM,9/29/2015 12:00:00 AM,16086,9608,6478
7/10/2015 12:00:00 AM,9/30/2015 12:00:00 AM,16906,10428,6478
7/10/2015 12:00:00 AM,10/1/2015 12:00:00 AM,18248,10719,7529
7/10/2015 12:00:00 AM,10/2/2015 12:00:00 AM,18472,10058,8414
7/10/2015 12:00:00 AM,10/3/2015 12:00:00 AM,20285,10677,9608
7/10/2015 12:00:00 AM,10/4/2015 12:00:00 AM,20394,11457,8937
7/10/2015 12:00:00 AM,10/5/2015 12:00:00 AM,20542,11363,9179
7/10/2015 12:00:00 AM,10/6/2015 12:00:00 AM,20856,11363,9493
7/10/2015 12:00:00 AM,10/7/2015 12:00:00 AM,20365,10862,9503
7/10/2015 12:00:00 AM,10/8/2015 12:00:00 AM,21638,10862,10776
7/10/2015 12:00:00 AM,10/9/2015 12:00:00 AM,21998,11362,10636
7/9/2015 12:00:00 AM,7/10/2015 12:00:00 AM,52,19,33
7/9/2015 12:00:00 AM,7/11/2015 12:00:00 AM,55,22,33
7/9/2015 12:00:00 AM,7/12/2015 12:00:00 AM,55,22,33
7/9/2015 12:00:00 AM,7/13/2015 12:00:00 AM,69,36,33
7/9/2015 12:00:00 AM,7/14/2015 12:00:00 AM,69,36,33
7/9/2015 12:00:00 AM,7/15/2015 12:00:00 AM,91,37,54
7/9/2015 12:00:00 AM,7/16/2015 12:00:00 AM,70,37,33
7/9/2015 12:00:00 AM,7/17/2015 12:00:00 AM,70,37,33
7/9/2015 12:00:00 AM,7/18/2015 12:00:00 AM,69,36,33
7/9/2015 12:00:00 AM,7/19/2015 12:00:00 AM,56,23,33
7/9/2015 12:00:00 AM,7/20/2015 12:00:00 AM,102,36,66
7/9/2015 12:00:00 AM,7/21/2015 12:00:00 AM,167,36,131
7/9/2015 12:00:00 AM,7/22/2015 12:00:00 AM,232,36,196
7/9/2015 12:00:00 AM,7/23/2015 12:00:00 AM,167,36,131
7/9/2015 12:00:00 AM,7/24/2015 12:00:00 AM,167,36,131
7/9/2015 12:00:00 AM,7/25/2015 12:00:00 AM,167,36,131
7/9/2015 12:00:00 AM,7/26/2015 12:00:00 AM,154,23,131
7/9/2015 12:00:00 AM,7/27/2015 12:00:00 AM,167,36,131
7/9/2015 12:00:00 AM,7/28/2015 12:00:00 AM,167,36,131
7/9/2015 12:00:00 AM,7/29/2015 12:00:00 AM,167,36,131
7/9/2015 12:00:00 AM,7/30/2015 12:00:00 AM,167,36,131
7/9/2015 12:00:00 AM,7/31/2015 12:00:00 AM,167,36,131
7/9/2015 12:00:00 AM,8/1/2015 12:00:00 AM,134,36,98
7/9/2015 12:00:00 AM,8/2/2015 12:00:00 AM,121,23,98
7/9/2015 12:00:00 AM,8/3/2015 12:00:00 AM,166,36,130
7/9/2015 12:00:00 AM,8/4/2015 12:00:00 AM,165,35,130
7/9/2015 12:00:00 AM,8/5/2015 12:00:00 AM,165,35,130
7/9/2015 12:00:00 AM,8/6/2015 12:00:00 AM,165,35,130
7/9/2015 12:00:00 AM,8/7/2015 12:00:00 AM,165,35,130
7/9/2015 12:00:00 AM,8/8/2015 12:00:00 AM,165,35,130
7/9/2015 12:00:00 AM,8/9/2015 12:00:00 AM,152,22,130
7/9/2015 12:00:00 AM,8/10/2015 12:00:00 AM,230,35,195
7/9/2015 12:00:00 AM,8/11/2015 12:00:00 AM,230,35,195
7/9/2015 12:00:00 AM,8/12/2015 12:00:00 AM,295,35,260
7/9/2015 12:00:00 AM,8/13/2015 12:00:00 AM,230,35,195
7/9/2015 12:00:00 AM,8/14/2015 12:00:00 AM,230,35,195
7/9/2015 12:00:00 AM,8/15/2015 12:00:00 AM,217,22,195
7/9/2015 12:00:00 AM,8/16/2015 12:00:00 AM,217,22,195
7/9/2015 12:00:00 AM,8/17/2015 12:00:00 AM,416,220,196
7/9/2015 12:00:00 AM,8/18/2015 12:00:00 AM,416,220,196
7/9/2015 12:00:00 AM,8/19/2015 12:00:00 AM,413,217,196
7/9/2015 12:00:00 AM,8/20/2015 12:00:00 AM,348,217,131
7/9/2015 12:00:00 AM,8/21/2015 12:00:00 AM,150,19,131
7/9/2015 12:00:00 AM,8/22/2015 12:00:00 AM,150,19,131
7/9/2015 12:00:00 AM,8/23/2015 12:00:00 AM,150,19,131
7/9/2015 12:00:00 AM,8/24/2015 12:00:00 AM,195,32,163
7/9/2015 12:00:00 AM,8/25/2015 12:00:00 AM,195,32,163
7/9/2015 12:00:00 AM,8/26/2015 12:00:00 AM,195,32,163
7/9/2015 12:00:00 AM,8/27/2015 12:00:00 AM,195,32,163
7/9/2015 12:00:00 AM,8/28/2015 12:00:00 AM,195,32,163
7/9/2015 12:00:00 AM,8/29/2015 12:00:00 AM,181,19,162
7/9/2015 12:00:00 AM,8/30/2015 12:00:00 AM,401,19,382
7/9/2015 12:00:00 AM,8/31/2015 12:00:00 AM,395,13,382
7/9/2015 12:00:00 AM,9/1/2015 12:00:00 AM,399,26,373
7/9/2015 12:00:00 AM,9/2/2015 12:00:00 AM,399,26,373
7/9/2015 12:00:00 AM,9/3/2015 12:00:00 AM,399,26,373
7/9/2015 12:00:00 AM,9/4/2015 12:00:00 AM,399,26,373
7/9/2015 12:00:00 AM,9/5/2015 12:00:00 AM,386,13,373
7/9/2015 12:00:00 AM,9/6/2015 12:00:00 AM,166,13,153
7/9/2015 12:00:00 AM,9/7/2015 12:00:00 AM,215,13,202
7/9/2015 12:00:00 AM,9/8/2015 12:00:00 AM,226,13,213
7/9/2015 12:00:00 AM,9/9/2015 12:00:00 AM,291,13,278
7/9/2015 12:00:00 AM,9/10/2015 12:00:00 AM,226,13,213
7/9/2015 12:00:00 AM,9/11/2015 12:00:00 AM,226,13,213
7/9/2015 12:00:00 AM,9/12/2015 12:00:00 AM,7673,4854,2819
7/9/2015 12:00:00 AM,9/13/2015 12:00:00 AM,8675,5354,3321
7/9/2015 12:00:00 AM,9/14/2015 12:00:00 AM,10471,6590,3881
7/9/2015 12:00:00 AM,9/15/2015 12:00:00 AM,10471,6590,3881
7/9/2015 12:00:00 AM,9/16/2015 12:00:00 AM,10936,6590,4346
7/9/2015 12:00:00 AM,9/17/2015 12:00:00 AM,10375,6029,4346
7/9/2015 12:00:00 AM,9/18/2015 12:00:00 AM,10843,6497,4346
7/9/2015 12:00:00 AM,9/19/2015 12:00:00 AM,11574,6901,4673
7/9/2015 12:00:00 AM,9/20/2015 12:00:00 AM,11695,7011,4684
7/9/2015 12:00:00 AM,9/21/2015 12:00:00 AM,13065,7110,5955
7/9/2015 12:00:00 AM,9/22/2015 12:00:00 AM,11804,5849,5955
7/9/2015 12:00:00 AM,9/23/2015 12:00:00 AM,12734,5999,6735
7/9/2015 12:00:00 AM,9/24/2015 12:00:00 AM,12992,6257,6735
7/9/2015 12:00:00 AM,9/25/2015 12:00:00 AM,12431,6198,6233
7/9/2015 12:00:00 AM,9/26/2015 12:00:00 AM,17159,10286,6873
7/9/2015 12:00:00 AM,9/27/2015 12:00:00 AM,16496,10062,6434
7/9/2015 12:00:00 AM,9/28/2015 12:00:00 AM,16494,10016,6478
7/9/2015 12:00:00 AM,9/29/2015 12:00:00 AM,16086,9608,6478
7/9/2015 12:00:00 AM,9/30/2015 12:00:00 AM,16906,10428,6478
7/9/2015 12:00:00 AM,10/1/2015 12:00:00 AM,18248,10719,7529
7/9/2015 12:00:00 AM,10/2/2015 12:00:00 AM,18472,10058,8414
7/9/2015 12:00:00 AM,10/3/2015 12:00:00 AM,20285,10677,9608
7/9/2015 12:00:00 AM,10/4/2015 12:00:00 AM,20394,11457,8937
7/9/2015 12:00:00 AM,10/5/2015 12:00:00 AM,20555,11363,9192
7/9/2015 12:00:00 AM,10/6/2015 12:00:00 AM,20869,11363,9506
7/9/2015 12:00:00 AM,10/7/2015 12:00:00 AM,20378,10862,9516
7/9/2015 12:00:00 AM,10/8/2015 12:00:00 AM,21651,10862,10789
7/8/2015 12:00:00 AM,7/9/2015 12:00:00 AM,52,19,33
7/8/2015 12:00:00 AM,7/10/2015 12:00:00 AM,52,19,33
7/8/2015 12:00:00 AM,7/11/2015 12:00:00 AM,22,22,0
7/8/2015 12:00:00 AM,7/12/2015 12:00:00 AM,22,22,0
7/8/2015 12:00:00 AM,7/13/2015 12:00:00 AM,36,36,0
7/8/2015 12:00:00 AM,7/14/2015 12:00:00 AM,36,36,0
7/8/2015 12:00:00 AM,7/15/2015 12:00:00 AM,58,37,21
7/8/2015 12:00:00 AM,7/16/2015 12:00:00 AM,37,37,0
7/8/2015 12:00:00 AM,7/17/2015 12:00:00 AM,37,37,0
7/8/2015 12:00:00 AM,7/18/2015 12:00:00 AM,36,36,0
7/8/2015 12:00:00 AM,7/19/2015 12:00:00 AM,23,23,0
7/8/2015 12:00:00 AM,7/20/2015 12:00:00 AM,69,36,33
7/8/2015 12:00:00 AM,7/21/2015 12:00:00 AM,134,36,98
7/8/2015 12:00:00 AM,7/22/2015 12:00:00 AM,199,36,163
7/8/2015 12:00:00 AM,7/23/2015 12:00:00 AM,134,36,98
7/8/2015 12:00:00 AM,7/24/2015 12:00:00 AM,134,36,98
7/8/2015 12:00:00 AM,7/25/2015 12:00:00 AM,134,36,98
7/8/2015 12:00:00 AM,7/26/2015 12:00:00 AM,121,23,98
7/8/2015 12:00:00 AM,7/27/2015 12:00:00 AM,134,36,98
7/8/2015 12:00:00 AM,7/28/2015 12:00:00 AM,134,36,98
7/8/2015 12:00:00 AM,7/29/2015 12:00:00 AM,134,36,98
7/8/2015 12:00:00 AM,7/30/2015 12:00:00 AM,134,36,98
7/8/2015 12:00:00 AM,7/31/2015 12:00:00 AM,134,36,98
7/8/2015 12:00:00 AM,8/1/2015 12:00:00 AM,101,36,65
7/8/2015 12:00:00 AM,8/2/2015 12:00:00 AM,88,23,65
7/8/2015 12:00:00 AM,8/3/2015 12:00:00 AM,133,36,97
7/8/2015 12:00:00 AM,8/4/2015 12:00:00 AM,132,35,97
7/8/2015 12:00:00 AM,8/5/2015 12:00:00 AM,132,35,97
7/8/2015 12:00:00 AM,8/6/2015 12:00:00 AM,132,35,97
7/8/2015 12:00:00 AM,8/7/2015 12:00:00 AM,132,35,97
7/8/2015 12:00:00 AM,8/8/2015 12:00:00 AM,132,35,97
7/8/2015 12:00:00 AM,8/9/2015 12:00:00 AM,119,22,97
7/8/2015 12:00:00 AM,8/10/2015 12:00:00 AM,197,35,162
7/8/2015 12:00:00 AM,8/11/2015 12:00:00 AM,197,35,162
7/8/2015 12:00:00 AM,8/12/2015 12:00:00 AM,262,35,227
7/8/2015 12:00:00 AM,8/13/2015 12:00:00 AM,197,35,162
7/8/2015 12:00:00 AM,8/14/2015 12:00:00 AM,197,35,162
7/8/2015 12:00:00 AM,8/15/2015 12:00:00 AM,184,22,162
7/8/2015 12:00:00 AM,8/16/2015 12:00:00 AM,184,22,162
7/8/2015 12:00:00 AM,8/17/2015 12:00:00 AM,383,220,163
7/8/2015 12:00:00 AM,8/18/2015 12:00:00 AM,383,220,163
7/8/2015 12:00:00 AM,8/19/2015 12:00:00 AM,380,217,163
7/8/2015 12:00:00 AM,8/20/2015 12:00:00 AM,315,217,98
7/8/2015 12:00:00 AM,8/21/2015 12:00:00 AM,117,19,98
7/8/2015 12:00:00 AM,8/22/2015 12:00:00 AM,117,19,98
7/8/2015 12:00:00 AM,8/23/2015 12:00:00 AM,117,19,98
7/8/2015 12:00:00 AM,8/24/2015 12:00:00 AM,162,32,130
7/8/2015 12:00:00 AM,8/25/2015 12:00:00 AM,162,32,130
7/8/2015 12:00:00 AM,8/26/2015 12:00:00 AM,162,32,130
7/8/2015 12:00:00 AM,8/27/2015 12:00:00 AM,162,32,130
7/8/2015 12:00:00 AM,8/28/2015 12:00:00 AM,162,32,130
7/8/2015 12:00:00 AM,8/29/2015 12:00:00 AM,148,19,129
7/8/2015 12:00:00 AM,8/30/2015 12:00:00 AM,368,19,349
7/8/2015 12:00:00 AM,8/31/2015 12:00:00 AM,362,13,349
7/8/2015 12:00:00 AM,9/1/2015 12:00:00 AM,399,26,373
7/8/2015 12:00:00 AM,9/2/2015 12:00:00 AM,399,26,373
7/8/2015 12:00:00 AM,9/3/2015 12:00:00 AM,399,26,373
7/8/2015 12:00:00 AM,9/4/2015 12:00:00 AM,399,26,373
7/8/2015 12:00:00 AM,9/5/2015 12:00:00 AM,386,13,373
7/8/2015 12:00:00 AM,9/6/2015 12:00:00 AM,166,13,153
7/8/2015 12:00:00 AM,9/7/2015 12:00:00 AM,215,13,202
7/8/2015 12:00:00 AM,9/8/2015 12:00:00 AM,226,13,213
7/8/2015 12:00:00 AM,9/9/2015 12:00:00 AM,291,13,278
7/8/2015 12:00:00 AM,9/10/2015 12:00:00 AM,226,13,213
7/8/2015 12:00:00 AM,9/11/2015 12:00:00 AM,226,13,213
7/8/2015 12:00:00 AM,9/12/2015 12:00:00 AM,7673,4854,2819
7/8/2015 12:00:00 AM,9/13/2015 12:00:00 AM,8675,5354,3321
7/8/2015 12:00:00 AM,9/14/2015 12:00:00 AM,10471,6590,3881
7/8/2015 12:00:00 AM,9/15/2015 12:00:00 AM,10471,6590,3881
7/8/2015 12:00:00 AM,9/16/2015 12:00:00 AM,10936,6590,4346
7/8/2015 12:00:00 AM,9/17/2015 12:00:00 AM,10375,6029,4346
7/8/2015 12:00:00 AM,9/18/2015 12:00:00 AM,10843,6497,4346
7/8/2015 12:00:00 AM,9/19/2015 12:00:00 AM,11574,6901,4673
7/8/2015 12:00:00 AM,9/20/2015 12:00:00 AM,11695,7011,4684
7/8/2015 12:00:00 AM,9/21/2015 12:00:00 AM,12990,7035,5955
7/8/2015 12:00:00 AM,9/22/2015 12:00:00 AM,11804,5849,5955
7/8/2015 12:00:00 AM,9/23/2015 12:00:00 AM,12659,5924,6735
7/8/2015 12:00:00 AM,9/24/2015 12:00:00 AM,12992,6257,6735
7/8/2015 12:00:00 AM,9/25/2015 12:00:00 AM,12356,6123,6233
7/8/2015 12:00:00 AM,9/26/2015 12:00:00 AM,17159,10286,6873
7/8/2015 12:00:00 AM,9/27/2015 12:00:00 AM,16421,9987,6434
7/8/2015 12:00:00 AM,9/28/2015 12:00:00 AM,16494,10016,6478
7/8/2015 12:00:00 AM,9/29/2015 12:00:00 AM,16086,9608,6478
7/8/2015 12:00:00 AM,9/30/2015 12:00:00 AM,16906,10428,6478
7/8/2015 12:00:00 AM,10/1/2015 12:00:00 AM,18248,10719,7529
7/8/2015 12:00:00 AM,10/2/2015 12:00:00 AM,18472,10058,8414
7/8/2015 12:00:00 AM,10/3/2015 12:00:00 AM,20285,10677,9608
7/8/2015 12:00:00 AM,10/4/2015 12:00:00 AM,20394,11457,8937
7/8/2015 12:00:00 AM,10/5/2015 12:00:00 AM,20555,11363,9192
7/8/2015 12:00:00 AM,10/6/2015 12:00:00 AM,20869,11363,9506
7/8/2015 12:00:00 AM,10/7/2015 12:00:00 AM,20378,10862,9516
7/7/2015 12:00:00 AM,7/8/2015 12:00:00 AM,52,19,33
7/7/2015 12:00:00 AM,7/9/2015 12:00:00 AM,52,19,33
7/7/2015 12:00:00 AM,7/10/2015 12:00:00 AM,52,19,33
7/7/2015 12:00:00 AM,7/11/2015 12:00:00 AM,22,22,0
7/7/2015 12:00:00 AM,7/12/2015 12:00:00 AM,22,22,0
7/7/2015 12:00:00 AM,7/13/2015 12:00:00 AM,36,36,0
7/7/2015 12:00:00 AM,7/14/2015 12:00:00 AM,36,36,0
7/7/2015 12:00:00 AM,7/15/2015 12:00:00 AM,58,37,21
7/7/2015 12:00:00 AM,7/16/2015 12:00:00 AM,37,37,0
7/7/2015 12:00:00 AM,7/17/2015 12:00:00 AM,37,37,0
7/7/2015 12:00:00 AM,7/18/2015 12:00:00 AM,36,36,0
7/7/2015 12:00:00 AM,7/19/2015 12:00:00 AM,23,23,0
7/7/2015 12:00:00 AM,7/20/2015 12:00:00 AM,69,36,33
7/7/2015 12:00:00 AM,7/21/2015 12:00:00 AM,134,36,98
7/7/2015 12:00:00 AM,7/22/2015 12:00:00 AM,199,36,163
7/7/2015 12:00:00 AM,7/23/2015 12:00:00 AM,134,36,98
7/7/2015 12:00:00 AM,7/24/2015 12:00:00 AM,134,36,98
7/7/2015 12:00:00 AM,7/25/2015 12:00:00 AM,134,36,98
7/7/2015 12:00:00 AM,7/26/2015 12:00:00 AM,121,23,98
7/7/2015 12:00:00 AM,7/27/2015 12:00:00 AM,134,36,98
7/7/2015 12:00:00 AM,7/28/2015 12:00:00 AM,134,36,98
7/7/2015 12:00:00 AM,7/29/2015 12:00:00 AM,134,36,98
7/7/2015 12:00:00 AM,7/30/2015 12:00:00 AM,134,36,98
7/7/2015 12:00:00 AM,7/31/2015 12:00:00 AM,134,36,98
7/7/2015 12:00:00 AM,8/1/2015 12:00:00 AM,101,36,65
7/7/2015 12:00:00 AM,8/2/2015 12:00:00 AM,88,23,65
7/7/2015 12:00:00 AM,8/3/2015 12:00:00 AM,133,36,97
7/7/2015 12:00:00 AM,8/4/2015 12:00:00 AM,132,35,97
7/7/2015 12:00:00 AM,8/5/2015 12:00:00 AM,132,35,97
7/7/2015 12:00:00 AM,8/6/2015 12:00:00 AM,132,35,97
7/7/2015 12:00:00 AM,8/7/2015 12:00:00 AM,132,35,97
7/7/2015 12:00:00 AM,8/8/2015 12:00:00 AM,132,35,97
7/7/2015 12:00:00 AM,8/9/2015 12:00:00 AM,119,22,97
7/7/2015 12:00:00 AM,8/10/2015 12:00:00 AM,197,35,162
7/7/2015 12:00:00 AM,8/11/2015 12:00:00 AM,197,35,162
7/7/2015 12:00:00 AM,8/12/2015 12:00:00 AM,262,35,227
7/7/2015 12:00:00 AM,8/13/2015 12:00:00 AM,197,35,162
7/7/2015 12:00:00 AM,8/14/2015 12:00:00 AM,197,35,162
7/7/2015 12:00:00 AM,8/15/2015 12:00:00 AM,184,22,162
7/7/2015 12:00:00 AM,8/16/2015 12:00:00 AM,184,22,162
7/7/2015 12:00:00 AM,8/17/2015 12:00:00 AM,383,220,163
7/7/2015 12:00:00 AM,8/18/2015 12:00:00 AM,383,220,163
7/7/2015 12:00:00 AM,8/19/2015 12:00:00 AM,380,217,163
7/7/2015 12:00:00 AM,8/20/2015 12:00:00 AM,315,217,98
7/7/2015 12:00:00 AM,8/21/2015 12:00:00 AM,117,19,98
7/7/2015 12:00:00 AM,8/22/2015 12:00:00 AM,117,19,98
7/7/2015 12:00:00 AM,8/23/2015 12:00:00 AM,117,19,98
7/7/2015 12:00:00 AM,8/24/2015 12:00:00 AM,162,32,130
7/7/2015 12:00:00 AM,8/25/2015 12:00:00 AM,162,32,130
7/7/2015 12:00:00 AM,8/26/2015 12:00:00 AM,162,32,130
7/7/2015 12:00:00 AM,8/27/2015 12:00:00 AM,162,32,130
7/7/2015 12:00:00 AM,8/28/2015 12:00:00 AM,162,32,130
7/7/2015 12:00:00 AM,8/29/2015 12:00:00 AM,148,19,129
7/7/2015 12:00:00 AM,8/30/2015 12:00:00 AM,368,19,349
7/7/2015 12:00:00 AM,8/31/2015 12:00:00 AM,362,13,349
7/7/2015 12:00:00 AM,9/1/2015 12:00:00 AM,399,26,373
7/7/2015 12:00:00 AM,9/2/2015 12:00:00 AM,399,26,373
7/7/2015 12:00:00 AM,9/3/2015 12:00:00 AM,399,26,373
7/7/2015 12:00:00 AM,9/4/2015 12:00:00 AM,399,26,373
7/7/2015 12:00:00 AM,9/5/2015 12:00:00 AM,386,13,373
7/7/2015 12:00:00 AM,9/6/2015 12:00:00 AM,166,13,153
7/7/2015 12:00:00 AM,9/7/2015 12:00:00 AM,215,13,202
7/7/2015 12:00:00 AM,9/8/2015 12:00:00 AM,226,13,213
7/7/2015 12:00:00 AM,9/9/2015 12:00:00 AM,291,13,278
7/7/2015 12:00:00 AM,9/10/2015 12:00:00 AM,226,13,213
7/7/2015 12:00:00 AM,9/11/2015 12:00:00 AM,226,13,213
7/7/2015 12:00:00 AM,9/12/2015 12:00:00 AM,7673,4854,2819
7/7/2015 12:00:00 AM,9/13/2015 12:00:00 AM,8675,5354,3321
7/7/2015 12:00:00 AM,9/14/2015 12:00:00 AM,10471,6590,3881
7/7/2015 12:00:00 AM,9/15/2015 12:00:00 AM,10471,6590,3881
7/7/2015 12:00:00 AM,9/16/2015 12:00:00 AM,10936,6590,4346
7/7/2015 12:00:00 AM,9/17/2015 12:00:00 AM,10375,6029,4346
7/7/2015 12:00:00 AM,9/18/2015 12:00:00 AM,10843,6497,4346
7/7/2015 12:00:00 AM,9/19/2015 12:00:00 AM,11499,6826,4673
7/7/2015 12:00:00 AM,9/20/2015 12:00:00 AM,11695,7011,4684
7/7/2015 12:00:00 AM,9/21/2015 12:00:00 AM,12931,6976,5955
7/7/2015 12:00:00 AM,9/22/2015 12:00:00 AM,11686,5731,5955
7/7/2015 12:00:00 AM,9/23/2015 12:00:00 AM,12466,5731,6735
7/7/2015 12:00:00 AM,9/24/2015 12:00:00 AM,12874,6139,6735
7/7/2015 12:00:00 AM,9/25/2015 12:00:00 AM,12297,6064,6233
7/7/2015 12:00:00 AM,9/26/2015 12:00:00 AM,17159,10286,6873
7/7/2015 12:00:00 AM,9/27/2015 12:00:00 AM,16421,9987,6434
7/7/2015 12:00:00 AM,9/28/2015 12:00:00 AM,16435,9957,6478
7/7/2015 12:00:00 AM,9/29/2015 12:00:00 AM,16027,9549,6478
7/7/2015 12:00:00 AM,9/30/2015 12:00:00 AM,16847,10369,6478
7/7/2015 12:00:00 AM,10/1/2015 12:00:00 AM,18189,10660,7529
7/7/2015 12:00:00 AM,10/2/2015 12:00:00 AM,18413,9999,8414
7/7/2015 12:00:00 AM,10/3/2015 12:00:00 AM,20226,10618,9608
7/7/2015 12:00:00 AM,10/4/2015 12:00:00 AM,20335,11398,8937
7/7/2015 12:00:00 AM,10/5/2015 12:00:00 AM,20496,11304,9192
7/7/2015 12:00:00 AM,10/6/2015 12:00:00 AM,20810,11304,9506
7/6/2015 12:00:00 AM,7/7/2015 12:00:00 AM,52,19,33
7/6/2015 12:00:00 AM,7/8/2015 12:00:00 AM,52,19,33
7/6/2015 12:00:00 AM,7/9/2015 12:00:00 AM,52,19,33
7/6/2015 12:00:00 AM,7/10/2015 12:00:00 AM,52,19,33
7/6/2015 12:00:00 AM,7/11/2015 12:00:00 AM,22,22,0
7/6/2015 12:00:00 AM,7/12/2015 12:00:00 AM,22,22,0
7/6/2015 12:00:00 AM,7/13/2015 12:00:00 AM,36,36,0
7/6/2015 12:00:00 AM,7/14/2015 12:00:00 AM,36,36,0
7/6/2015 12:00:00 AM,7/15/2015 12:00:00 AM,58,37,21
7/6/2015 12:00:00 AM,7/16/2015 12:00:00 AM,37,37,0
7/6/2015 12:00:00 AM,7/17/2015 12:00:00 AM,37,37,0
7/6/2015 12:00:00 AM,7/18/2015 12:00:00 AM,36,36,0
7/6/2015 12:00:00 AM,7/19/2015 12:00:00 AM,23,23,0
7/6/2015 12:00:00 AM,7/20/2015 12:00:00 AM,69,36,33
7/6/2015 12:00:00 AM,7/21/2015 12:00:00 AM,134,36,98
7/6/2015 12:00:00 AM,7/22/2015 12:00:00 AM,199,36,163
7/6/2015 12:00:00 AM,7/23/2015 12:00:00 AM,134,36,98
7/6/2015 12:00:00 AM,7/24/2015 12:00:00 AM,134,36,98
7/6/2015 12:00:00 AM,7/25/2015 12:00:00 AM,134,36,98
7/6/2015 12:00:00 AM,7/26/2015 12:00:00 AM,121,23,98
7/6/2015 12:00:00 AM,7/27/2015 12:00:00 AM,134,36,98
7/6/2015 12:00:00 AM,7/28/2015 12:00:00 AM,134,36,98
7/6/2015 12:00:00 AM,7/29/2015 12:00:00 AM,134,36,98
7/6/2015 12:00:00 AM,7/30/2015 12:00:00 AM,134,36,98
7/6/2015 12:00:00 AM,7/31/2015 12:00:00 AM,134,36,98
7/6/2015 12:00:00 AM,8/1/2015 12:00:00 AM,101,36,65
7/6/2015 12:00:00 AM,8/2/2015 12:00:00 AM,88,23,65
7/6/2015 12:00:00 AM,8/3/2015 12:00:00 AM,133,36,97
7/6/2015 12:00:00 AM,8/4/2015 12:00:00 AM,132,35,97
7/6/2015 12:00:00 AM,8/5/2015 12:00:00 AM,132,35,97
7/6/2015 12:00:00 AM,8/6/2015 12:00:00 AM,132,35,97
7/6/2015 12:00:00 AM,8/7/2015 12:00:00 AM,132,35,97
7/6/2015 12:00:00 AM,8/8/2015 12:00:00 AM,132,35,97
7/6/2015 12:00:00 AM,8/9/2015 12:00:00 AM,119,22,97
7/6/2015 12:00:00 AM,8/10/2015 12:00:00 AM,197,35,162
7/6/2015 12:00:00 AM,8/11/2015 12:00:00 AM,197,35,162
7/6/2015 12:00:00 AM,8/12/2015 12:00:00 AM,262,35,227
7/6/2015 12:00:00 AM,8/13/2015 12:00:00 AM,197,35,162
7/6/2015 12:00:00 AM,8/14/2015 12:00:00 AM,197,35,162
7/6/2015 12:00:00 AM,8/15/2015 12:00:00 AM,184,22,162
7/6/2015 12:00:00 AM,8/16/2015 12:00:00 AM,184,22,162
7/6/2015 12:00:00 AM,8/17/2015 12:00:00 AM,383,220,163
7/6/2015 12:00:00 AM,8/18/2015 12:00:00 AM,383,220,163
7/6/2015 12:00:00 AM,8/19/2015 12:00:00 AM,380,217,163
7/6/2015 12:00:00 AM,8/20/2015 12:00:00 AM,315,217,98
7/6/2015 12:00:00 AM,8/21/2015 12:00:00 AM,117,19,98
7/6/2015 12:00:00 AM,8/22/2015 12:00:00 AM,117,19,98
7/6/2015 12:00:00 AM,8/23/2015 12:00:00 AM,117,19,98
7/6/2015 12:00:00 AM,8/24/2015 12:00:00 AM,162,32,130
7/6/2015 12:00:00 AM,8/25/2015 12:00:00 AM,162,32,130
7/6/2015 12:00:00 AM,8/26/2015 12:00:00 AM,162,32,130
7/6/2015 12:00:00 AM,8/27/2015 12:00:00 AM,162,32,130
7/6/2015 12:00:00 AM,8/28/2015 12:00:00 AM,162,32,130
7/6/2015 12:00:00 AM,8/29/2015 12:00:00 AM,148,19,129
7/6/2015 12:00:00 AM,8/30/2015 12:00:00 AM,368,19,349
7/6/2015 12:00:00 AM,8/31/2015 12:00:00 AM,362,13,349
7/6/2015 12:00:00 AM,9/1/2015 12:00:00 AM,399,26,373
7/6/2015 12:00:00 AM,9/2/2015 12:00:00 AM,399,26,373
7/6/2015 12:00:00 AM,9/3/2015 12:00:00 AM,399,26,373
7/6/2015 12:00:00 AM,9/4/2015 12:00:00 AM,399,26,373
7/6/2015 12:00:00 AM,9/5/2015 12:00:00 AM,386,13,373
7/6/2015 12:00:00 AM,9/6/2015 12:00:00 AM,166,13,153
7/6/2015 12:00:00 AM,9/7/2015 12:00:00 AM,215,13,202
7/6/2015 12:00:00 AM,9/8/2015 12:00:00 AM,226,13,213
7/6/2015 12:00:00 AM,9/9/2015 12:00:00 AM,291,13,278
7/6/2015 12:00:00 AM,9/10/2015 12:00:00 AM,226,13,213
7/6/2015 12:00:00 AM,9/11/2015 12:00:00 AM,226,13,213
7/6/2015 12:00:00 AM,9/12/2015 12:00:00 AM,7673,4854,2819
7/6/2015 12:00:00 AM,9/13/2015 12:00:00 AM,8675,5354,3321
7/6/2015 12:00:00 AM,9/14/2015 12:00:00 AM,10471,6590,3881
7/6/2015 12:00:00 AM,9/15/2015 12:00:00 AM,10471,6590,3881
7/6/2015 12:00:00 AM,9/16/2015 12:00:00 AM,10936,6590,4346
7/6/2015 12:00:00 AM,9/17/2015 12:00:00 AM,10375,6029,4346
7/6/2015 12:00:00 AM,9/18/2015 12:00:00 AM,10843,6497,4346
7/6/2015 12:00:00 AM,9/19/2015 12:00:00 AM,11474,6826,4648
7/6/2015 12:00:00 AM,9/20/2015 12:00:00 AM,11670,7011,4659
7/6/2015 12:00:00 AM,9/21/2015 12:00:00 AM,12906,6976,5930
7/6/2015 12:00:00 AM,9/22/2015 12:00:00 AM,11661,5731,5930
7/6/2015 12:00:00 AM,9/23/2015 12:00:00 AM,12441,5731,6710
7/6/2015 12:00:00 AM,9/24/2015 12:00:00 AM,12849,6139,6710
7/6/2015 12:00:00 AM,9/25/2015 12:00:00 AM,12272,6064,6208
7/6/2015 12:00:00 AM,9/26/2015 12:00:00 AM,17134,10286,6848
7/6/2015 12:00:00 AM,9/27/2015 12:00:00 AM,16396,9987,6409
7/6/2015 12:00:00 AM,9/28/2015 12:00:00 AM,16410,9957,6453
7/6/2015 12:00:00 AM,9/29/2015 12:00:00 AM,16002,9549,6453
7/6/2015 12:00:00 AM,9/30/2015 12:00:00 AM,16822,10369,6453
7/6/2015 12:00:00 AM,10/1/2015 12:00:00 AM,18164,10660,7504
7/6/2015 12:00:00 AM,10/2/2015 12:00:00 AM,18388,9999,8389
7/6/2015 12:00:00 AM,10/3/2015 12:00:00 AM,20201,10618,9583
7/6/2015 12:00:00 AM,10/4/2015 12:00:00 AM,20310,11398,8912
7/6/2015 12:00:00 AM,10/5/2015 12:00:00 AM,20471,11304,9167
7/5/2015 12:00:00 AM,7/6/2015 12:00:00 AM,52,19,33
7/5/2015 12:00:00 AM,7/7/2015 12:00:00 AM,52,19,33
7/5/2015 12:00:00 AM,7/8/2015 12:00:00 AM,52,19,33
7/5/2015 12:00:00 AM,7/9/2015 12:00:00 AM,52,19,33
7/5/2015 12:00:00 AM,7/10/2015 12:00:00 AM,52,19,33
7/5/2015 12:00:00 AM,7/11/2015 12:00:00 AM,22,22,0
7/5/2015 12:00:00 AM,7/12/2015 12:00:00 AM,22,22,0
7/5/2015 12:00:00 AM,7/13/2015 12:00:00 AM,36,36,0
7/5/2015 12:00:00 AM,7/14/2015 12:00:00 AM,36,36,0
7/5/2015 12:00:00 AM,7/15/2015 12:00:00 AM,58,37,21
7/5/2015 12:00:00 AM,7/16/2015 12:00:00 AM,37,37,0
7/5/2015 12:00:00 AM,7/17/2015 12:00:00 AM,37,37,0
7/5/2015 12:00:00 AM,7/18/2015 12:00:00 AM,36,36,0
7/5/2015 12:00:00 AM,7/19/2015 12:00:00 AM,23,23,0
7/5/2015 12:00:00 AM,7/20/2015 12:00:00 AM,69,36,33
7/5/2015 12:00:00 AM,7/21/2015 12:00:00 AM,134,36,98
7/5/2015 12:00:00 AM,7/22/2015 12:00:00 AM,199,36,163
7/5/2015 12:00:00 AM,7/23/2015 12:00:00 AM,134,36,98
7/5/2015 12:00:00 AM,7/24/2015 12:00:00 AM,134,36,98
7/5/2015 12:00:00 AM,7/25/2015 12:00:00 AM,134,36,98
7/5/2015 12:00:00 AM,7/26/2015 12:00:00 AM,121,23,98
7/5/2015 12:00:00 AM,7/27/2015 12:00:00 AM,134,36,98
7/5/2015 12:00:00 AM,7/28/2015 12:00:00 AM,134,36,98
7/5/2015 12:00:00 AM,7/29/2015 12:00:00 AM,134,36,98
7/5/2015 12:00:00 AM,7/30/2015 12:00:00 AM,134,36,98
7/5/2015 12:00:00 AM,7/31/2015 12:00:00 AM,134,36,98
7/5/2015 12:00:00 AM,8/1/2015 12:00:00 AM,101,36,65
7/5/2015 12:00:00 AM,8/2/2015 12:00:00 AM,88,23,65
7/5/2015 12:00:00 AM,8/3/2015 12:00:00 AM,133,36,97
7/5/2015 12:00:00 AM,8/4/2015 12:00:00 AM,132,35,97
7/5/2015 12:00:00 AM,8/5/2015 12:00:00 AM,132,35,97
7/5/2015 12:00:00 AM,8/6/2015 12:00:00 AM,132,35,97
7/5/2015 12:00:00 AM,8/7/2015 12:00:00 AM,132,35,97
7/5/2015 12:00:00 AM,8/8/2015 12:00:00 AM,132,35,97
7/5/2015 12:00:00 AM,8/9/2015 12:00:00 AM,119,22,97
7/5/2015 12:00:00 AM,8/10/2015 12:00:00 AM,197,35,162
7/5/2015 12:00:00 AM,8/11/2015 12:00:00 AM,197,35,162
7/5/2015 12:00:00 AM,8/12/2015 12:00:00 AM,262,35,227
7/5/2015 12:00:00 AM,8/13/2015 12:00:00 AM,197,35,162
7/5/2015 12:00:00 AM,8/14/2015 12:00:00 AM,197,35,162
7/5/2015 12:00:00 AM,8/15/2015 12:00:00 AM,184,22,162
7/5/2015 12:00:00 AM,8/16/2015 12:00:00 AM,184,22,162
7/5/2015 12:00:00 AM,8/17/2015 12:00:00 AM,383,220,163
7/5/2015 12:00:00 AM,8/18/2015 12:00:00 AM,383,220,163
7/5/2015 12:00:00 AM,8/19/2015 12:00:00 AM,380,217,163
7/5/2015 12:00:00 AM,8/20/2015 12:00:00 AM,315,217,98
7/5/2015 12:00:00 AM,8/21/2015 12:00:00 AM,117,19,98
7/5/2015 12:00:00 AM,8/22/2015 12:00:00 AM,117,19,98
7/5/2015 12:00:00 AM,8/23/2015 12:00:00 AM,117,19,98
7/5/2015 12:00:00 AM,8/24/2015 12:00:00 AM,162,32,130
7/5/2015 12:00:00 AM,8/25/2015 12:00:00 AM,162,32,130
7/5/2015 12:00:00 AM,8/26/2015 12:00:00 AM,162,32,130
7/5/2015 12:00:00 AM,8/27/2015 12:00:00 AM,162,32,130
7/5/2015 12:00:00 AM,8/28/2015 12:00:00 AM,162,32,130
7/5/2015 12:00:00 AM,8/29/2015 12:00:00 AM,148,19,129
7/5/2015 12:00:00 AM,8/30/2015 12:00:00 AM,368,19,349
7/5/2015 12:00:00 AM,8/31/2015 12:00:00 AM,362,13,349
7/5/2015 12:00:00 AM,9/1/2015 12:00:00 AM,399,26,373
7/5/2015 12:00:00 AM,9/2/2015 12:00:00 AM,399,26,373
7/5/2015 12:00:00 AM,9/3/2015 12:00:00 AM,399,26,373
7/5/2015 12:00:00 AM,9/4/2015 12:00:00 AM,399,26,373
7/5/2015 12:00:00 AM,9/5/2015 12:00:00 AM,386,13,373
7/5/2015 12:00:00 AM,9/6/2015 12:00:00 AM,166,13,153
7/5/2015 12:00:00 AM,9/7/2015 12:00:00 AM,215,13,202
7/5/2015 12:00:00 AM,9/8/2015 12:00:00 AM,226,13,213
7/5/2015 12:00:00 AM,9/9/2015 12:00:00 AM,291,13,278
7/5/2015 12:00:00 AM,9/10/2015 12:00:00 AM,226,13,213
7/5/2015 12:00:00 AM,9/11/2015 12:00:00 AM,226,13,213
7/5/2015 12:00:00 AM,9/12/2015 12:00:00 AM,7673,4854,2819
7/5/2015 12:00:00 AM,9/13/2015 12:00:00 AM,8675,5354,3321
7/5/2015 12:00:00 AM,9/14/2015 12:00:00 AM,10471,6590,3881
7/5/2015 12:00:00 AM,9/15/2015 12:00:00 AM,10471,6590,3881
7/5/2015 12:00:00 AM,9/16/2015 12:00:00 AM,10936,6590,4346
7/5/2015 12:00:00 AM,9/17/2015 12:00:00 AM,10375,6029,4346
7/5/2015 12:00:00 AM,9/18/2015 12:00:00 AM,10843,6497,4346
7/5/2015 12:00:00 AM,9/19/2015 12:00:00 AM,11474,6826,4648
7/5/2015 12:00:00 AM,9/20/2015 12:00:00 AM,11670,7011,4659
7/5/2015 12:00:00 AM,9/21/2015 12:00:00 AM,12906,6976,5930
7/5/2015 12:00:00 AM,9/22/2015 12:00:00 AM,11661,5731,5930
7/5/2015 12:00:00 AM,9/23/2015 12:00:00 AM,12441,5731,6710
7/5/2015 12:00:00 AM,9/24/2015 12:00:00 AM,12849,6139,6710
7/5/2015 12:00:00 AM,9/25/2015 12:00:00 AM,12272,6064,6208
7/5/2015 12:00:00 AM,9/26/2015 12:00:00 AM,17134,10286,6848
7/5/2015 12:00:00 AM,9/27/2015 12:00:00 AM,16396,9987,6409
7/5/2015 12:00:00 AM,9/28/2015 12:00:00 AM,16410,9957,6453
7/5/2015 12:00:00 AM,9/29/2015 12:00:00 AM,16002,9549,6453
7/5/2015 12:00:00 AM,9/30/2015 12:00:00 AM,16822,10369,6453
7/5/2015 12:00:00 AM,10/1/2015 12:00:00 AM,18164,10660,7504
7/5/2015 12:00:00 AM,10/2/2015 12:00:00 AM,18388,9999,8389
7/5/2015 12:00:00 AM,10/3/2015 12:00:00 AM,20201,10618,9583
7/5/2015 12:00:00 AM,10/4/2015 12:00:00 AM,20310,11398,8912
7/4/2015 12:00:00 AM,7/5/2015 12:00:00 AM,52,19,33
7/4/2015 12:00:00 AM,7/6/2015 12:00:00 AM,52,19,33
7/4/2015 12:00:00 AM,7/7/2015 12:00:00 AM,52,19,33
7/4/2015 12:00:00 AM,7/8/2015 12:00:00 AM,52,19,33
7/4/2015 12:00:00 AM,7/9/2015 12:00:00 AM,52,19,33
7/4/2015 12:00:00 AM,7/10/2015 12:00:00 AM,52,19,33
7/4/2015 12:00:00 AM,7/11/2015 12:00:00 AM,22,22,0
7/4/2015 12:00:00 AM,7/12/2015 12:00:00 AM,22,22,0
7/4/2015 12:00:00 AM,7/13/2015 12:00:00 AM,36,36,0
7/4/2015 12:00:00 AM,7/14/2015 12:00:00 AM,36,36,0
7/4/2015 12:00:00 AM,7/15/2015 12:00:00 AM,58,37,21
7/4/2015 12:00:00 AM,7/16/2015 12:00:00 AM,37,37,0
7/4/2015 12:00:00 AM,7/17/2015 12:00:00 AM,37,37,0
7/4/2015 12:00:00 AM,7/18/2015 12:00:00 AM,36,36,0
7/4/2015 12:00:00 AM,7/19/2015 12:00:00 AM,23,23,0
7/4/2015 12:00:00 AM,7/20/2015 12:00:00 AM,69,36,33
7/4/2015 12:00:00 AM,7/21/2015 12:00:00 AM,134,36,98
7/4/2015 12:00:00 AM,7/22/2015 12:00:00 AM,199,36,163
7/4/2015 12:00:00 AM,7/23/2015 12:00:00 AM,134,36,98
7/4/2015 12:00:00 AM,7/24/2015 12:00:00 AM,134,36,98
7/4/2015 12:00:00 AM,7/25/2015 12:00:00 AM,134,36,98
7/4/2015 12:00:00 AM,7/26/2015 12:00:00 AM,121,23,98
7/4/2015 12:00:00 AM,7/27/2015 12:00:00 AM,134,36,98
7/4/2015 12:00:00 AM,7/28/2015 12:00:00 AM,134,36,98
7/4/2015 12:00:00 AM,7/29/2015 12:00:00 AM,134,36,98
7/4/2015 12:00:00 AM,7/30/2015 12:00:00 AM,134,36,98
7/4/2015 12:00:00 AM,7/31/2015 12:00:00 AM,134,36,98
7/4/2015 12:00:00 AM,8/1/2015 12:00:00 AM,101,36,65
7/4/2015 12:00:00 AM,8/2/2015 12:00:00 AM,88,23,65
7/4/2015 12:00:00 AM,8/3/2015 12:00:00 AM,133,36,97
7/4/2015 12:00:00 AM,8/4/2015 12:00:00 AM,132,35,97
7/4/2015 12:00:00 AM,8/5/2015 12:00:00 AM,132,35,97
7/4/2015 12:00:00 AM,8/6/2015 12:00:00 AM,132,35,97
7/4/2015 12:00:00 AM,8/7/2015 12:00:00 AM,132,35,97
7/4/2015 12:00:00 AM,8/8/2015 12:00:00 AM,132,35,97
7/4/2015 12:00:00 AM,8/9/2015 12:00:00 AM,119,22,97
7/4/2015 12:00:00 AM,8/10/2015 12:00:00 AM,197,35,162
7/4/2015 12:00:00 AM,8/11/2015 12:00:00 AM,197,35,162
7/4/2015 12:00:00 AM,8/12/2015 12:00:00 AM,262,35,227
7/4/2015 12:00:00 AM,8/13/2015 12:00:00 AM,197,35,162
7/4/2015 12:00:00 AM,8/14/2015 12:00:00 AM,197,35,162
7/4/2015 12:00:00 AM,8/15/2015 12:00:00 AM,184,22,162
7/4/2015 12:00:00 AM,8/16/2015 12:00:00 AM,184,22,162
7/4/2015 12:00:00 AM,8/17/2015 12:00:00 AM,383,220,163
7/4/2015 12:00:00 AM,8/18/2015 12:00:00 AM,383,220,163
7/4/2015 12:00:00 AM,8/19/2015 12:00:00 AM,380,217,163
7/4/2015 12:00:00 AM,8/20/2015 12:00:00 AM,315,217,98
7/4/2015 12:00:00 AM,8/21/2015 12:00:00 AM,117,19,98
7/4/2015 12:00:00 AM,8/22/2015 12:00:00 AM,117,19,98
7/4/2015 12:00:00 AM,8/23/2015 12:00:00 AM,117,19,98
7/4/2015 12:00:00 AM,8/24/2015 12:00:00 AM,162,32,130
7/4/2015 12:00:00 AM,8/25/2015 12:00:00 AM,162,32,130
7/4/2015 12:00:00 AM,8/26/2015 12:00:00 AM,162,32,130
7/4/2015 12:00:00 AM,8/27/2015 12:00:00 AM,162,32,130
7/4/2015 12:00:00 AM,8/28/2015 12:00:00 AM,162,32,130
7/4/2015 12:00:00 AM,8/29/2015 12:00:00 AM,148,19,129
7/4/2015 12:00:00 AM,8/30/2015 12:00:00 AM,368,19,349
7/4/2015 12:00:00 AM,8/31/2015 12:00:00 AM,362,13,349
7/4/2015 12:00:00 AM,9/1/2015 12:00:00 AM,399,26,373
7/4/2015 12:00:00 AM,9/2/2015 12:00:00 AM,399,26,373
7/4/2015 12:00:00 AM,9/3/2015 12:00:00 AM,399,26,373
7/4/2015 12:00:00 AM,9/4/2015 12:00:00 AM,399,26,373
7/4/2015 12:00:00 AM,9/5/2015 12:00:00 AM,386,13,373
7/4/2015 12:00:00 AM,9/6/2015 12:00:00 AM,166,13,153
7/4/2015 12:00:00 AM,9/7/2015 12:00:00 AM,215,13,202
7/4/2015 12:00:00 AM,9/8/2015 12:00:00 AM,226,13,213
7/4/2015 12:00:00 AM,9/9/2015 12:00:00 AM,291,13,278
7/4/2015 12:00:00 AM,9/10/2015 12:00:00 AM,226,13,213
7/4/2015 12:00:00 AM,9/11/2015 12:00:00 AM,226,13,213
7/4/2015 12:00:00 AM,9/12/2015 12:00:00 AM,7673,4854,2819
7/4/2015 12:00:00 AM,9/13/2015 12:00:00 AM,8675,5354,3321
7/4/2015 12:00:00 AM,9/14/2015 12:00:00 AM,10471,6590,3881
7/4/2015 12:00:00 AM,9/15/2015 12:00:00 AM,10471,6590,3881
7/4/2015 12:00:00 AM,9/16/2015 12:00:00 AM,10936,6590,4346
7/4/2015 12:00:00 AM,9/17/2015 12:00:00 AM,10375,6029,4346
7/4/2015 12:00:00 AM,9/18/2015 12:00:00 AM,10843,6497,4346
7/4/2015 12:00:00 AM,9/19/2015 12:00:00 AM,11474,6826,4648
7/4/2015 12:00:00 AM,9/20/2015 12:00:00 AM,11670,7011,4659
7/4/2015 12:00:00 AM,9/21/2015 12:00:00 AM,12906,6976,5930
7/4/2015 12:00:00 AM,9/22/2015 12:00:00 AM,11661,5731,5930
7/4/2015 12:00:00 AM,9/23/2015 12:00:00 AM,12441,5731,6710
7/4/2015 12:00:00 AM,9/24/2015 12:00:00 AM,12849,6139,6710
7/4/2015 12:00:00 AM,9/25/2015 12:00:00 AM,12272,6064,6208
7/4/2015 12:00:00 AM,9/26/2015 12:00:00 AM,17134,10286,6848
7/4/2015 12:00:00 AM,9/27/2015 12:00:00 AM,16396,9987,6409
7/4/2015 12:00:00 AM,9/28/2015 12:00:00 AM,16410,9957,6453
7/4/2015 12:00:00 AM,9/29/2015 12:00:00 AM,16002,9549,6453
7/4/2015 12:00:00 AM,9/30/2015 12:00:00 AM,16822,10369,6453
7/4/2015 12:00:00 AM,10/1/2015 12:00:00 AM,18164,10660,7504
7/4/2015 12:00:00 AM,10/2/2015 12:00:00 AM,18388,9999,8389
7/4/2015 12:00:00 AM,10/3/2015 12:00:00 AM,20201,10618,9583
7/3/2015 12:00:00 AM,7/4/2015 12:00:00 AM,52,19,33
7/3/2015 12:00:00 AM,7/5/2015 12:00:00 AM,52,19,33
7/3/2015 12:00:00 AM,7/6/2015 12:00:00 AM,52,19,33
7/3/2015 12:00:00 AM,7/7/2015 12:00:00 AM,52,19,33
7/3/2015 12:00:00 AM,7/8/2015 12:00:00 AM,52,19,33
7/3/2015 12:00:00 AM,7/9/2015 12:00:00 AM,52,19,33
7/3/2015 12:00:00 AM,7/10/2015 12:00:00 AM,52,19,33
7/3/2015 12:00:00 AM,7/11/2015 12:00:00 AM,22,22,0
7/3/2015 12:00:00 AM,7/12/2015 12:00:00 AM,22,22,0
7/3/2015 12:00:00 AM,7/13/2015 12:00:00 AM,36,36,0
7/3/2015 12:00:00 AM,7/14/2015 12:00:00 AM,36,36,0
7/3/2015 12:00:00 AM,7/15/2015 12:00:00 AM,58,37,21
7/3/2015 12:00:00 AM,7/16/2015 12:00:00 AM,37,37,0
7/3/2015 12:00:00 AM,7/17/2015 12:00:00 AM,37,37,0
7/3/2015 12:00:00 AM,7/18/2015 12:00:00 AM,36,36,0
7/3/2015 12:00:00 AM,7/19/2015 12:00:00 AM,23,23,0
7/3/2015 12:00:00 AM,7/20/2015 12:00:00 AM,69,36,33
7/3/2015 12:00:00 AM,7/21/2015 12:00:00 AM,134,36,98
7/3/2015 12:00:00 AM,7/22/2015 12:00:00 AM,199,36,163
7/3/2015 12:00:00 AM,7/23/2015 12:00:00 AM,134,36,98
7/3/2015 12:00:00 AM,7/24/2015 12:00:00 AM,134,36,98
7/3/2015 12:00:00 AM,7/25/2015 12:00:00 AM,134,36,98
7/3/2015 12:00:00 AM,7/26/2015 12:00:00 AM,121,23,98
7/3/2015 12:00:00 AM,7/27/2015 12:00:00 AM,134,36,98
7/3/2015 12:00:00 AM,7/28/2015 12:00:00 AM,134,36,98
7/3/2015 12:00:00 AM,7/29/2015 12:00:00 AM,134,36,98
7/3/2015 12:00:00 AM,7/30/2015 12:00:00 AM,134,36,98
7/3/2015 12:00:00 AM,7/31/2015 12:00:00 AM,134,36,98
7/3/2015 12:00:00 AM,8/1/2015 12:00:00 AM,101,36,65
7/3/2015 12:00:00 AM,8/2/2015 12:00:00 AM,88,23,65
7/3/2015 12:00:00 AM,8/3/2015 12:00:00 AM,133,36,97
7/3/2015 12:00:00 AM,8/4/2015 12:00:00 AM,132,35,97
7/3/2015 12:00:00 AM,8/5/2015 12:00:00 AM,132,35,97
7/3/2015 12:00:00 AM,8/6/2015 12:00:00 AM,132,35,97
7/3/2015 12:00:00 AM,8/7/2015 12:00:00 AM,132,35,97
7/3/2015 12:00:00 AM,8/8/2015 12:00:00 AM,132,35,97
7/3/2015 12:00:00 AM,8/9/2015 12:00:00 AM,119,22,97
7/3/2015 12:00:00 AM,8/10/2015 12:00:00 AM,197,35,162
7/3/2015 12:00:00 AM,8/11/2015 12:00:00 AM,197,35,162
7/3/2015 12:00:00 AM,8/12/2015 12:00:00 AM,262,35,227
7/3/2015 12:00:00 AM,8/13/2015 12:00:00 AM,197,35,162
7/3/2015 12:00:00 AM,8/14/2015 12:00:00 AM,197,35,162
7/3/2015 12:00:00 AM,8/15/2015 12:00:00 AM,184,22,162
7/3/2015 12:00:00 AM,8/16/2015 12:00:00 AM,184,22,162
7/3/2015 12:00:00 AM,8/17/2015 12:00:00 AM,383,220,163
7/3/2015 12:00:00 AM,8/18/2015 12:00:00 AM,383,220,163
7/3/2015 12:00:00 AM,8/19/2015 12:00:00 AM,380,217,163
7/3/2015 12:00:00 AM,8/20/2015 12:00:00 AM,315,217,98
7/3/2015 12:00:00 AM,8/21/2015 12:00:00 AM,117,19,98
7/3/2015 12:00:00 AM,8/22/2015 12:00:00 AM,117,19,98
7/3/2015 12:00:00 AM,8/23/2015 12:00:00 AM,117,19,98
7/3/2015 12:00:00 AM,8/24/2015 12:00:00 AM,162,32,130
7/3/2015 12:00:00 AM,8/25/2015 12:00:00 AM,162,32,130
7/3/2015 12:00:00 AM,8/26/2015 12:00:00 AM,162,32,130
7/3/2015 12:00:00 AM,8/27/2015 12:00:00 AM,162,32,130
7/3/2015 12:00:00 AM,8/28/2015 12:00:00 AM,162,32,130
7/3/2015 12:00:00 AM,8/29/2015 12:00:00 AM,148,19,129
7/3/2015 12:00:00 AM,8/30/2015 12:00:00 AM,368,19,349
7/3/2015 12:00:00 AM,8/31/2015 12:00:00 AM,362,13,349
7/3/2015 12:00:00 AM,9/1/2015 12:00:00 AM,399,26,373
7/3/2015 12:00:00 AM,9/2/2015 12:00:00 AM,399,26,373
7/3/2015 12:00:00 AM,9/3/2015 12:00:00 AM,399,26,373
7/3/2015 12:00:00 AM,9/4/2015 12:00:00 AM,399,26,373
7/3/2015 12:00:00 AM,9/5/2015 12:00:00 AM,386,13,373
7/3/2015 12:00:00 AM,9/6/2015 12:00:00 AM,166,13,153
7/3/2015 12:00:00 AM,9/7/2015 12:00:00 AM,215,13,202
7/3/2015 12:00:00 AM,9/8/2015 12:00:00 AM,226,13,213
7/3/2015 12:00:00 AM,9/9/2015 12:00:00 AM,291,13,278
7/3/2015 12:00:00 AM,9/10/2015 12:00:00 AM,226,13,213
7/3/2015 12:00:00 AM,9/11/2015 12:00:00 AM,226,13,213
7/3/2015 12:00:00 AM,9/12/2015 12:00:00 AM,7673,4854,2819
7/3/2015 12:00:00 AM,9/13/2015 12:00:00 AM,8675,5354,3321
7/3/2015 12:00:00 AM,9/14/2015 12:00:00 AM,10471,6590,3881
7/3/2015 12:00:00 AM,9/15/2015 12:00:00 AM,10471,6590,3881
7/3/2015 12:00:00 AM,9/16/2015 12:00:00 AM,10936,6590,4346
7/3/2015 12:00:00 AM,9/17/2015 12:00:00 AM,10375,6029,4346
7/3/2015 12:00:00 AM,9/18/2015 12:00:00 AM,10843,6497,4346
7/3/2015 12:00:00 AM,9/19/2015 12:00:00 AM,11474,6826,4648
7/3/2015 12:00:00 AM,9/20/2015 12:00:00 AM,11670,7011,4659
7/3/2015 12:00:00 AM,9/21/2015 12:00:00 AM,12906,6976,5930
7/3/2015 12:00:00 AM,9/22/2015 12:00:00 AM,11661,5731,5930
7/3/2015 12:00:00 AM,9/23/2015 12:00:00 AM,12441,5731,6710
7/3/2015 12:00:00 AM,9/24/2015 12:00:00 AM,12849,6139,6710
7/3/2015 12:00:00 AM,9/25/2015 12:00:00 AM,12272,6064,6208
7/3/2015 12:00:00 AM,9/26/2015 12:00:00 AM,17134,10286,6848
7/3/2015 12:00:00 AM,9/27/2015 12:00:00 AM,16396,9987,6409
7/3/2015 12:00:00 AM,9/28/2015 12:00:00 AM,16410,9957,6453
7/3/2015 12:00:00 AM,9/29/2015 12:00:00 AM,16002,9549,6453
7/3/2015 12:00:00 AM,9/30/2015 12:00:00 AM,16822,10369,6453
7/3/2015 12:00:00 AM,10/1/2015 12:00:00 AM,18164,10660,7504
7/3/2015 12:00:00 AM,10/2/2015 12:00:00 AM,18388,9999,8389
7/2/2015 12:00:00 AM,7/3/2015 12:00:00 AM,52,19,33
7/2/2015 12:00:00 AM,7/4/2015 12:00:00 AM,52,19,33
7/2/2015 12:00:00 AM,7/5/2015 12:00:00 AM,52,19,33
7/2/2015 12:00:00 AM,7/6/2015 12:00:00 AM,52,19,33
7/2/2015 12:00:00 AM,7/7/2015 12:00:00 AM,52,19,33
7/2/2015 12:00:00 AM,7/8/2015 12:00:00 AM,52,19,33
7/2/2015 12:00:00 AM,7/9/2015 12:00:00 AM,52,19,33
7/2/2015 12:00:00 AM,7/10/2015 12:00:00 AM,52,19,33
7/2/2015 12:00:00 AM,7/11/2015 12:00:00 AM,22,22,0
7/2/2015 12:00:00 AM,7/12/2015 12:00:00 AM,22,22,0
7/2/2015 12:00:00 AM,7/13/2015 12:00:00 AM,36,36,0
7/2/2015 12:00:00 AM,7/14/2015 12:00:00 AM,36,36,0
7/2/2015 12:00:00 AM,7/15/2015 12:00:00 AM,58,37,21
7/2/2015 12:00:00 AM,7/16/2015 12:00:00 AM,37,37,0
7/2/2015 12:00:00 AM,7/17/2015 12:00:00 AM,37,37,0
7/2/2015 12:00:00 AM,7/18/2015 12:00:00 AM,36,36,0
7/2/2015 12:00:00 AM,7/19/2015 12:00:00 AM,23,23,0
7/2/2015 12:00:00 AM,7/20/2015 12:00:00 AM,69,36,33
7/2/2015 12:00:00 AM,7/21/2015 12:00:00 AM,134,36,98
7/2/2015 12:00:00 AM,7/22/2015 12:00:00 AM,199,36,163
7/2/2015 12:00:00 AM,7/23/2015 12:00:00 AM,134,36,98
7/2/2015 12:00:00 AM,7/24/2015 12:00:00 AM,134,36,98
7/2/2015 12:00:00 AM,7/25/2015 12:00:00 AM,134,36,98
7/2/2015 12:00:00 AM,7/26/2015 12:00:00 AM,121,23,98
7/2/2015 12:00:00 AM,7/27/2015 12:00:00 AM,134,36,98
7/2/2015 12:00:00 AM,7/28/2015 12:00:00 AM,134,36,98
7/2/2015 12:00:00 AM,7/29/2015 12:00:00 AM,134,36,98
7/2/2015 12:00:00 AM,7/30/2015 12:00:00 AM,134,36,98
7/2/2015 12:00:00 AM,7/31/2015 12:00:00 AM,134,36,98
7/2/2015 12:00:00 AM,8/1/2015 12:00:00 AM,101,36,65
7/2/2015 12:00:00 AM,8/2/2015 12:00:00 AM,88,23,65
7/2/2015 12:00:00 AM,8/3/2015 12:00:00 AM,133,36,97
7/2/2015 12:00:00 AM,8/4/2015 12:00:00 AM,132,35,97
7/2/2015 12:00:00 AM,8/5/2015 12:00:00 AM,132,35,97
7/2/2015 12:00:00 AM,8/6/2015 12:00:00 AM,132,35,97
7/2/2015 12:00:00 AM,8/7/2015 12:00:00 AM,132,35,97
7/2/2015 12:00:00 AM,8/8/2015 12:00:00 AM,132,35,97
7/2/2015 12:00:00 AM,8/9/2015 12:00:00 AM,119,22,97
7/2/2015 12:00:00 AM,8/10/2015 12:00:00 AM,197,35,162
7/2/2015 12:00:00 AM,8/11/2015 12:00:00 AM,197,35,162
7/2/2015 12:00:00 AM,8/12/2015 12:00:00 AM,262,35,227
7/2/2015 12:00:00 AM,8/13/2015 12:00:00 AM,197,35,162
7/2/2015 12:00:00 AM,8/14/2015 12:00:00 AM,197,35,162
7/2/2015 12:00:00 AM,8/15/2015 12:00:00 AM,184,22,162
7/2/2015 12:00:00 AM,8/16/2015 12:00:00 AM,184,22,162
7/2/2015 12:00:00 AM,8/17/2015 12:00:00 AM,383,220,163
7/2/2015 12:00:00 AM,8/18/2015 12:00:00 AM,383,220,163
7/2/2015 12:00:00 AM,8/19/2015 12:00:00 AM,380,217,163
7/2/2015 12:00:00 AM,8/20/2015 12:00:00 AM,315,217,98
7/2/2015 12:00:00 AM,8/21/2015 12:00:00 AM,117,19,98
7/2/2015 12:00:00 AM,8/22/2015 12:00:00 AM,117,19,98
7/2/2015 12:00:00 AM,8/23/2015 12:00:00 AM,117,19,98
7/2/2015 12:00:00 AM,8/24/2015 12:00:00 AM,162,32,130
7/2/2015 12:00:00 AM,8/25/2015 12:00:00 AM,162,32,130
7/2/2015 12:00:00 AM,8/26/2015 12:00:00 AM,162,32,130
7/2/2015 12:00:00 AM,8/27/2015 12:00:00 AM,162,32,130
7/2/2015 12:00:00 AM,8/28/2015 12:00:00 AM,162,32,130
7/2/2015 12:00:00 AM,8/29/2015 12:00:00 AM,148,19,129
7/2/2015 12:00:00 AM,8/30/2015 12:00:00 AM,368,19,349
7/2/2015 12:00:00 AM,8/31/2015 12:00:00 AM,362,13,349
7/2/2015 12:00:00 AM,9/1/2015 12:00:00 AM,399,26,373
7/2/2015 12:00:00 AM,9/2/2015 12:00:00 AM,399,26,373
7/2/2015 12:00:00 AM,9/3/2015 12:00:00 AM,399,26,373
7/2/2015 12:00:00 AM,9/4/2015 12:00:00 AM,399,26,373
7/2/2015 12:00:00 AM,9/5/2015 12:00:00 AM,386,13,373
7/2/2015 12:00:00 AM,9/6/2015 12:00:00 AM,166,13,153
7/2/2015 12:00:00 AM,9/7/2015 12:00:00 AM,215,13,202
7/2/2015 12:00:00 AM,9/8/2015 12:00:00 AM,226,13,213
7/2/2015 12:00:00 AM,9/9/2015 12:00:00 AM,291,13,278
7/2/2015 12:00:00 AM,9/10/2015 12:00:00 AM,226,13,213
7/2/2015 12:00:00 AM,9/11/2015 12:00:00 AM,226,13,213
7/2/2015 12:00:00 AM,9/12/2015 12:00:00 AM,7673,4854,2819
7/2/2015 12:00:00 AM,9/13/2015 12:00:00 AM,8675,5354,3321
7/2/2015 12:00:00 AM,9/14/2015 12:00:00 AM,10471,6590,3881
7/2/2015 12:00:00 AM,9/15/2015 12:00:00 AM,10471,6590,3881
7/2/2015 12:00:00 AM,9/16/2015 12:00:00 AM,10936,6590,4346
7/2/2015 12:00:00 AM,9/17/2015 12:00:00 AM,10375,6029,4346
7/2/2015 12:00:00 AM,9/18/2015 12:00:00 AM,10843,6497,4346
7/2/2015 12:00:00 AM,9/19/2015 12:00:00 AM,11474,6826,4648
7/2/2015 12:00:00 AM,9/20/2015 12:00:00 AM,11670,7011,4659
7/2/2015 12:00:00 AM,9/21/2015 12:00:00 AM,12906,6976,5930
7/2/2015 12:00:00 AM,9/22/2015 12:00:00 AM,11661,5731,5930
7/2/2015 12:00:00 AM,9/23/2015 12:00:00 AM,12441,5731,6710
7/2/2015 12:00:00 AM,9/24/2015 12:00:00 AM,12849,6139,6710
7/2/2015 12:00:00 AM,9/25/2015 12:00:00 AM,12272,6064,6208
7/2/2015 12:00:00 AM,9/26/2015 12:00:00 AM,17134,10286,6848
7/2/2015 12:00:00 AM,9/27/2015 12:00:00 AM,16396,9987,6409
7/2/2015 12:00:00 AM,9/28/2015 12:00:00 AM,16410,9957,6453
7/2/2015 12:00:00 AM,9/29/2015 12:00:00 AM,16002,9549,6453
7/2/2015 12:00:00 AM,9/30/2015 12:00:00 AM,16822,10369,6453
7/2/2015 12:00:00 AM,10/1/2015 12:00:00 AM,18164,10660,7504
7/1/2015 12:00:00 AM,7/2/2015 12:00:00 AM,52,19,33
7/1/2015 12:00:00 AM,7/3/2015 12:00:00 AM,52,19,33
7/1/2015 12:00:00 AM,7/4/2015 12:00:00 AM,52,19,33
7/1/2015 12:00:00 AM,7/5/2015 12:00:00 AM,52,19,33
7/1/2015 12:00:00 AM,7/6/2015 12:00:00 AM,52,19,33
7/1/2015 12:00:00 AM,7/7/2015 12:00:00 AM,52,19,33
7/1/2015 12:00:00 AM,7/8/2015 12:00:00 AM,52,19,33
7/1/2015 12:00:00 AM,7/9/2015 12:00:00 AM,52,19,33
7/1/2015 12:00:00 AM,7/10/2015 12:00:00 AM,52,19,33
7/1/2015 12:00:00 AM,7/11/2015 12:00:00 AM,22,22,0
7/1/2015 12:00:00 AM,7/12/2015 12:00:00 AM,22,22,0
7/1/2015 12:00:00 AM,7/13/2015 12:00:00 AM,36,36,0
7/1/2015 12:00:00 AM,7/14/2015 12:00:00 AM,36,36,0
7/1/2015 12:00:00 AM,7/15/2015 12:00:00 AM,58,37,21
7/1/2015 12:00:00 AM,7/16/2015 12:00:00 AM,37,37,0
7/1/2015 12:00:00 AM,7/17/2015 12:00:00 AM,37,37,0
7/1/2015 12:00:00 AM,7/18/2015 12:00:00 AM,36,36,0
7/1/2015 12:00:00 AM,7/19/2015 12:00:00 AM,23,23,0
7/1/2015 12:00:00 AM,7/20/2015 12:00:00 AM,69,36,33
7/1/2015 12:00:00 AM,7/21/2015 12:00:00 AM,134,36,98
7/1/2015 12:00:00 AM,7/22/2015 12:00:00 AM,199,36,163
7/1/2015 12:00:00 AM,7/23/2015 12:00:00 AM,134,36,98
7/1/2015 12:00:00 AM,7/24/2015 12:00:00 AM,134,36,98
7/1/2015 12:00:00 AM,7/25/2015 12:00:00 AM,134,36,98
7/1/2015 12:00:00 AM,7/26/2015 12:00:00 AM,121,23,98
7/1/2015 12:00:00 AM,7/27/2015 12:00:00 AM,134,36,98
7/1/2015 12:00:00 AM,7/28/2015 12:00:00 AM,134,36,98
7/1/2015 12:00:00 AM,7/29/2015 12:00:00 AM,134,36,98
7/1/2015 12:00:00 AM,7/30/2015 12:00:00 AM,134,36,98
7/1/2015 12:00:00 AM,7/31/2015 12:00:00 AM,134,36,98
7/1/2015 12:00:00 AM,8/1/2015 12:00:00 AM,101,36,65
7/1/2015 12:00:00 AM,8/2/2015 12:00:00 AM,88,23,65
7/1/2015 12:00:00 AM,8/3/2015 12:00:00 AM,133,36,97
7/1/2015 12:00:00 AM,8/4/2015 12:00:00 AM,132,35,97
7/1/2015 12:00:00 AM,8/5/2015 12:00:00 AM,132,35,97
7/1/2015 12:00:00 AM,8/6/2015 12:00:00 AM,132,35,97
7/1/2015 12:00:00 AM,8/7/2015 12:00:00 AM,132,35,97
7/1/2015 12:00:00 AM,8/8/2015 12:00:00 AM,132,35,97
7/1/2015 12:00:00 AM,8/9/2015 12:00:00 AM,119,22,97
7/1/2015 12:00:00 AM,8/10/2015 12:00:00 AM,197,35,162
7/1/2015 12:00:00 AM,8/11/2015 12:00:00 AM,197,35,162
7/1/2015 12:00:00 AM,8/12/2015 12:00:00 AM,262,35,227
7/1/2015 12:00:00 AM,8/13/2015 12:00:00 AM,197,35,162
7/1/2015 12:00:00 AM,8/14/2015 12:00:00 AM,197,35,162
7/1/2015 12:00:00 AM,8/15/2015 12:00:00 AM,184,22,162
7/1/2015 12:00:00 AM,8/16/2015 12:00:00 AM,184,22,162
7/1/2015 12:00:00 AM,8/17/2015 12:00:00 AM,383,220,163
7/1/2015 12:00:00 AM,8/18/2015 12:00:00 AM,383,220,163
7/1/2015 12:00:00 AM,8/19/2015 12:00:00 AM,380,217,163
7/1/2015 12:00:00 AM,8/20/2015 12:00:00 AM,315,217,98
7/1/2015 12:00:00 AM,8/21/2015 12:00:00 AM,117,19,98
7/1/2015 12:00:00 AM,8/22/2015 12:00:00 AM,117,19,98
7/1/2015 12:00:00 AM,8/23/2015 12:00:00 AM,117,19,98
7/1/2015 12:00:00 AM,8/24/2015 12:00:00 AM,162,32,130
7/1/2015 12:00:00 AM,8/25/2015 12:00:00 AM,162,32,130
7/1/2015 12:00:00 AM,8/26/2015 12:00:00 AM,162,32,130
7/1/2015 12:00:00 AM,8/27/2015 12:00:00 AM,162,32,130
7/1/2015 12:00:00 AM,8/28/2015 12:00:00 AM,162,32,130
7/1/2015 12:00:00 AM,8/29/2015 12:00:00 AM,148,19,129
7/1/2015 12:00:00 AM,8/30/2015 12:00:00 AM,368,19,349
7/1/2015 12:00:00 AM,8/31/2015 12:00:00 AM,362,13,349
7/1/2015 12:00:00 AM,9/1/2015 12:00:00 AM,399,26,373
7/1/2015 12:00:00 AM,9/2/2015 12:00:00 AM,399,26,373
7/1/2015 12:00:00 AM,9/3/2015 12:00:00 AM,399,26,373
7/1/2015 12:00:00 AM,9/4/2015 12:00:00 AM,399,26,373
7/1/2015 12:00:00 AM,9/5/2015 12:00:00 AM,386,13,373
7/1/2015 12:00:00 AM,9/6/2015 12:00:00 AM,166,13,153
7/1/2015 12:00:00 AM,9/7/2015 12:00:00 AM,215,13,202
7/1/2015 12:00:00 AM,9/8/2015 12:00:00 AM,226,13,213
7/1/2015 12:00:00 AM,9/9/2015 12:00:00 AM,291,13,278
7/1/2015 12:00:00 AM,9/10/2015 12:00:00 AM,226,13,213
7/1/2015 12:00:00 AM,9/11/2015 12:00:00 AM,226,13,213
7/1/2015 12:00:00 AM,9/12/2015 12:00:00 AM,7673,4854,2819
7/1/2015 12:00:00 AM,9/13/2015 12:00:00 AM,8675,5354,3321
7/1/2015 12:00:00 AM,9/14/2015 12:00:00 AM,10471,6590,3881
7/1/2015 12:00:00 AM,9/15/2015 12:00:00 AM,10471,6590,3881
7/1/2015 12:00:00 AM,9/16/2015 12:00:00 AM,10936,6590,4346
7/1/2015 12:00:00 AM,9/17/2015 12:00:00 AM,10375,6029,4346
7/1/2015 12:00:00 AM,9/18/2015 12:00:00 AM,10843,6497,4346
7/1/2015 12:00:00 AM,9/19/2015 12:00:00 AM,11474,6826,4648
7/1/2015 12:00:00 AM,9/20/2015 12:00:00 AM,11670,7011,4659
7/1/2015 12:00:00 AM,9/21/2015 12:00:00 AM,12906,6976,5930
7/1/2015 12:00:00 AM,9/22/2015 12:00:00 AM,11661,5731,5930
7/1/2015 12:00:00 AM,9/23/2015 12:00:00 AM,12441,5731,6710
7/1/2015 12:00:00 AM,9/24/2015 12:00:00 AM,12849,6139,6710
7/1/2015 12:00:00 AM,9/25/2015 12:00:00 AM,12272,6064,6208
7/1/2015 12:00:00 AM,9/26/2015 12:00:00 AM,17134,10286,6848
7/1/2015 12:00:00 AM,9/27/2015 12:00:00 AM,16396,9987,6409
7/1/2015 12:00:00 AM,9/28/2015 12:00:00 AM,16360,9907,6453
7/1/2015 12:00:00 AM,9/29/2015 12:00:00 AM,15952,9499,6453
7/1/2015 12:00:00 AM,9/30/2015 12:00:00 AM,16721,10268,6453
6/30/2015 12:00:00 AM,7/1/2015 12:00:00 AM,53,20,33
6/30/2015 12:00:00 AM,7/2/2015 12:00:00 AM,53,20,33
6/30/2015 12:00:00 AM,7/3/2015 12:00:00 AM,53,20,33
6/30/2015 12:00:00 AM,7/4/2015 12:00:00 AM,52,19,33
6/30/2015 12:00:00 AM,7/5/2015 12:00:00 AM,52,19,33
6/30/2015 12:00:00 AM,7/6/2015 12:00:00 AM,52,19,33
6/30/2015 12:00:00 AM,7/7/2015 12:00:00 AM,52,19,33
6/30/2015 12:00:00 AM,7/8/2015 12:00:00 AM,52,19,33
6/30/2015 12:00:00 AM,7/9/2015 12:00:00 AM,52,19,33
6/30/2015 12:00:00 AM,7/10/2015 12:00:00 AM,52,19,33
6/30/2015 12:00:00 AM,7/11/2015 12:00:00 AM,22,22,0
6/30/2015 12:00:00 AM,7/12/2015 12:00:00 AM,22,22,0
6/30/2015 12:00:00 AM,7/13/2015 12:00:00 AM,36,36,0
6/30/2015 12:00:00 AM,7/14/2015 12:00:00 AM,36,36,0
6/30/2015 12:00:00 AM,7/15/2015 12:00:00 AM,58,37,21
6/30/2015 12:00:00 AM,7/16/2015 12:00:00 AM,37,37,0
6/30/2015 12:00:00 AM,7/17/2015 12:00:00 AM,37,37,0
6/30/2015 12:00:00 AM,7/18/2015 12:00:00 AM,36,36,0
6/30/2015 12:00:00 AM,7/19/2015 12:00:00 AM,23,23,0
6/30/2015 12:00:00 AM,7/20/2015 12:00:00 AM,69,36,33
6/30/2015 12:00:00 AM,7/21/2015 12:00:00 AM,134,36,98
6/30/2015 12:00:00 AM,7/22/2015 12:00:00 AM,199,36,163
6/30/2015 12:00:00 AM,7/23/2015 12:00:00 AM,134,36,98
6/30/2015 12:00:00 AM,7/24/2015 12:00:00 AM,134,36,98
6/30/2015 12:00:00 AM,7/25/2015 12:00:00 AM,134,36,98
6/30/2015 12:00:00 AM,7/26/2015 12:00:00 AM,121,23,98
6/30/2015 12:00:00 AM,7/27/2015 12:00:00 AM,134,36,98
6/30/2015 12:00:00 AM,7/28/2015 12:00:00 AM,134,36,98
6/30/2015 12:00:00 AM,7/29/2015 12:00:00 AM,134,36,98
6/30/2015 12:00:00 AM,7/30/2015 12:00:00 AM,134,36,98
6/30/2015 12:00:00 AM,7/31/2015 12:00:00 AM,134,36,98
6/30/2015 12:00:00 AM,8/1/2015 12:00:00 AM,101,36,65
6/30/2015 12:00:00 AM,8/2/2015 12:00:00 AM,88,23,65
6/30/2015 12:00:00 AM,8/3/2015 12:00:00 AM,133,36,97
6/30/2015 12:00:00 AM,8/4/2015 12:00:00 AM,132,35,97
6/30/2015 12:00:00 AM,8/5/2015 12:00:00 AM,132,35,97
6/30/2015 12:00:00 AM,8/6/2015 12:00:00 AM,132,35,97
6/30/2015 12:00:00 AM,8/7/2015 12:00:00 AM,132,35,97
6/30/2015 12:00:00 AM,8/8/2015 12:00:00 AM,132,35,97
6/30/2015 12:00:00 AM,8/9/2015 12:00:00 AM,119,22,97
6/30/2015 12:00:00 AM,8/10/2015 12:00:00 AM,197,35,162
6/30/2015 12:00:00 AM,8/11/2015 12:00:00 AM,197,35,162
6/30/2015 12:00:00 AM,8/12/2015 12:00:00 AM,262,35,227
6/30/2015 12:00:00 AM,8/13/2015 12:00:00 AM,197,35,162
6/30/2015 12:00:00 AM,8/14/2015 12:00:00 AM,197,35,162
6/30/2015 12:00:00 AM,8/15/2015 12:00:00 AM,184,22,162
6/30/2015 12:00:00 AM,8/16/2015 12:00:00 AM,184,22,162
6/30/2015 12:00:00 AM,8/17/2015 12:00:00 AM,383,220,163
6/30/2015 12:00:00 AM,8/18/2015 12:00:00 AM,383,220,163
6/30/2015 12:00:00 AM,8/19/2015 12:00:00 AM,380,217,163
6/30/2015 12:00:00 AM,8/20/2015 12:00:00 AM,315,217,98
6/30/2015 12:00:00 AM,8/21/2015 12:00:00 AM,117,19,98
6/30/2015 12:00:00 AM,8/22/2015 12:00:00 AM,117,19,98
6/30/2015 12:00:00 AM,8/23/2015 12:00:00 AM,117,19,98
6/30/2015 12:00:00 AM,8/24/2015 12:00:00 AM,162,32,130
6/30/2015 12:00:00 AM,8/25/2015 12:00:00 AM,162,32,130
6/30/2015 12:00:00 AM,8/26/2015 12:00:00 AM,162,32,130
6/30/2015 12:00:00 AM,8/27/2015 12:00:00 AM,162,32,130
6/30/2015 12:00:00 AM,8/28/2015 12:00:00 AM,162,32,130
6/30/2015 12:00:00 AM,8/29/2015 12:00:00 AM,148,19,129
6/30/2015 12:00:00 AM,8/30/2015 12:00:00 AM,368,19,349
6/30/2015 12:00:00 AM,8/31/2015 12:00:00 AM,362,13,349
6/30/2015 12:00:00 AM,9/1/2015 12:00:00 AM,399,26,373
6/30/2015 12:00:00 AM,9/2/2015 12:00:00 AM,399,26,373
6/30/2015 12:00:00 AM,9/3/2015 12:00:00 AM,399,26,373
6/30/2015 12:00:00 AM,9/4/2015 12:00:00 AM,399,26,373
6/30/2015 12:00:00 AM,9/5/2015 12:00:00 AM,386,13,373
6/30/2015 12:00:00 AM,9/6/2015 12:00:00 AM,166,13,153
6/30/2015 12:00:00 AM,9/7/2015 12:00:00 AM,215,13,202
6/30/2015 12:00:00 AM,9/8/2015 12:00:00 AM,226,13,213
6/30/2015 12:00:00 AM,9/9/2015 12:00:00 AM,291,13,278
6/30/2015 12:00:00 AM,9/10/2015 12:00:00 AM,226,13,213
6/30/2015 12:00:00 AM,9/11/2015 12:00:00 AM,226,13,213
6/30/2015 12:00:00 AM,9/12/2015 12:00:00 AM,7673,4854,2819
6/30/2015 12:00:00 AM,9/13/2015 12:00:00 AM,8675,5354,3321
6/30/2015 12:00:00 AM,9/14/2015 12:00:00 AM,10471,6590,3881
6/30/2015 12:00:00 AM,9/15/2015 12:00:00 AM,10471,6590,3881
6/30/2015 12:00:00 AM,9/16/2015 12:00:00 AM,10936,6590,4346
6/30/2015 12:00:00 AM,9/17/2015 12:00:00 AM,10375,6029,4346
6/30/2015 12:00:00 AM,9/18/2015 12:00:00 AM,10843,6497,4346
6/30/2015 12:00:00 AM,9/19/2015 12:00:00 AM,11474,6826,4648
6/30/2015 12:00:00 AM,9/20/2015 12:00:00 AM,11670,7011,4659
6/30/2015 12:00:00 AM,9/21/2015 12:00:00 AM,12906,6976,5930
6/30/2015 12:00:00 AM,9/22/2015 12:00:00 AM,11661,5731,5930
6/30/2015 12:00:00 AM,9/23/2015 12:00:00 AM,12441,5731,6710
6/30/2015 12:00:00 AM,9/24/2015 12:00:00 AM,12849,6139,6710
6/30/2015 12:00:00 AM,9/25/2015 12:00:00 AM,12272,6064,6208
6/30/2015 12:00:00 AM,9/26/2015 12:00:00 AM,17134,10286,6848
6/30/2015 12:00:00 AM,9/27/2015 12:00:00 AM,16396,9987,6409
6/30/2015 12:00:00 AM,9/28/2015 12:00:00 AM,16360,9907,6453
6/30/2015 12:00:00 AM,9/29/2015 12:00:00 AM,15952,9499,6453
6/29/2015 12:00:00 AM,6/30/2015 12:00:00 AM,53,20,33
6/29/2015 12:00:00 AM,7/1/2015 12:00:00 AM,53,20,33
6/29/2015 12:00:00 AM,7/2/2015 12:00:00 AM,53,20,33
6/29/2015 12:00:00 AM,7/3/2015 12:00:00 AM,53,20,33
6/29/2015 12:00:00 AM,7/4/2015 12:00:00 AM,52,19,33
6/29/2015 12:00:00 AM,7/5/2015 12:00:00 AM,52,19,33
6/29/2015 12:00:00 AM,7/6/2015 12:00:00 AM,52,19,33
6/29/2015 12:00:00 AM,7/7/2015 12:00:00 AM,52,19,33
6/29/2015 12:00:00 AM,7/8/2015 12:00:00 AM,52,19,33
6/29/2015 12:00:00 AM,7/9/2015 12:00:00 AM,52,19,33
6/29/2015 12:00:00 AM,7/10/2015 12:00:00 AM,52,19,33
6/29/2015 12:00:00 AM,7/11/2015 12:00:00 AM,22,22,0
6/29/2015 12:00:00 AM,7/12/2015 12:00:00 AM,22,22,0
6/29/2015 12:00:00 AM,7/13/2015 12:00:00 AM,36,36,0
6/29/2015 12:00:00 AM,7/14/2015 12:00:00 AM,36,36,0
6/29/2015 12:00:00 AM,7/15/2015 12:00:00 AM,58,37,21
6/29/2015 12:00:00 AM,7/16/2015 12:00:00 AM,37,37,0
6/29/2015 12:00:00 AM,7/17/2015 12:00:00 AM,37,37,0
6/29/2015 12:00:00 AM,7/18/2015 12:00:00 AM,36,36,0
6/29/2015 12:00:00 AM,7/19/2015 12:00:00 AM,23,23,0
6/29/2015 12:00:00 AM,7/20/2015 12:00:00 AM,69,36,33
6/29/2015 12:00:00 AM,7/21/2015 12:00:00 AM,134,36,98
6/29/2015 12:00:00 AM,7/22/2015 12:00:00 AM,199,36,163
6/29/2015 12:00:00 AM,7/23/2015 12:00:00 AM,134,36,98
6/29/2015 12:00:00 AM,7/24/2015 12:00:00 AM,134,36,98
6/29/2015 12:00:00 AM,7/25/2015 12:00:00 AM,134,36,98
6/29/2015 12:00:00 AM,7/26/2015 12:00:00 AM,121,23,98
6/29/2015 12:00:00 AM,7/27/2015 12:00:00 AM,134,36,98
6/29/2015 12:00:00 AM,7/28/2015 12:00:00 AM,134,36,98
6/29/2015 12:00:00 AM,7/29/2015 12:00:00 AM,134,36,98
6/29/2015 12:00:00 AM,7/30/2015 12:00:00 AM,134,36,98
6/29/2015 12:00:00 AM,7/31/2015 12:00:00 AM,134,36,98
6/29/2015 12:00:00 AM,8/1/2015 12:00:00 AM,101,36,65
6/29/2015 12:00:00 AM,8/2/2015 12:00:00 AM,88,23,65
6/29/2015 12:00:00 AM,8/3/2015 12:00:00 AM,133,36,97
6/29/2015 12:00:00 AM,8/4/2015 12:00:00 AM,132,35,97
6/29/2015 12:00:00 AM,8/5/2015 12:00:00 AM,132,35,97
6/29/2015 12:00:00 AM,8/6/2015 12:00:00 AM,132,35,97
6/29/2015 12:00:00 AM,8/7/2015 12:00:00 AM,132,35,97
6/29/2015 12:00:00 AM,8/8/2015 12:00:00 AM,132,35,97
6/29/2015 12:00:00 AM,8/9/2015 12:00:00 AM,119,22,97
6/29/2015 12:00:00 AM,8/10/2015 12:00:00 AM,197,35,162
6/29/2015 12:00:00 AM,8/11/2015 12:00:00 AM,197,35,162
6/29/2015 12:00:00 AM,8/12/2015 12:00:00 AM,262,35,227
6/29/2015 12:00:00 AM,8/13/2015 12:00:00 AM,197,35,162
6/29/2015 12:00:00 AM,8/14/2015 12:00:00 AM,197,35,162
6/29/2015 12:00:00 AM,8/15/2015 12:00:00 AM,184,22,162
6/29/2015 12:00:00 AM,8/16/2015 12:00:00 AM,184,22,162
6/29/2015 12:00:00 AM,8/17/2015 12:00:00 AM,383,220,163
6/29/2015 12:00:00 AM,8/18/2015 12:00:00 AM,383,220,163
6/29/2015 12:00:00 AM,8/19/2015 12:00:00 AM,380,217,163
6/29/2015 12:00:00 AM,8/20/2015 12:00:00 AM,315,217,98
6/29/2015 12:00:00 AM,8/21/2015 12:00:00 AM,117,19,98
6/29/2015 12:00:00 AM,8/22/2015 12:00:00 AM,117,19,98
6/29/2015 12:00:00 AM,8/23/2015 12:00:00 AM,117,19,98
6/29/2015 12:00:00 AM,8/24/2015 12:00:00 AM,162,32,130
6/29/2015 12:00:00 AM,8/25/2015 12:00:00 AM,162,32,130
6/29/2015 12:00:00 AM,8/26/2015 12:00:00 AM,162,32,130
6/29/2015 12:00:00 AM,8/27/2015 12:00:00 AM,162,32,130
6/29/2015 12:00:00 AM,8/28/2015 12:00:00 AM,162,32,130
6/29/2015 12:00:00 AM,8/29/2015 12:00:00 AM,148,19,129
6/29/2015 12:00:00 AM,8/30/2015 12:00:00 AM,368,19,349
6/29/2015 12:00:00 AM,8/31/2015 12:00:00 AM,362,13,349
6/29/2015 12:00:00 AM,9/1/2015 12:00:00 AM,399,26,373
6/29/2015 12:00:00 AM,9/2/2015 12:00:00 AM,399,26,373
6/29/2015 12:00:00 AM,9/3/2015 12:00:00 AM,399,26,373
6/29/2015 12:00:00 AM,9/4/2015 12:00:00 AM,399,26,373
6/29/2015 12:00:00 AM,9/5/2015 12:00:00 AM,386,13,373
6/29/2015 12:00:00 AM,9/6/2015 12:00:00 AM,166,13,153
6/29/2015 12:00:00 AM,9/7/2015 12:00:00 AM,215,13,202
6/29/2015 12:00:00 AM,9/8/2015 12:00:00 AM,226,13,213
6/29/2015 12:00:00 AM,9/9/2015 12:00:00 AM,291,13,278
6/29/2015 12:00:00 AM,9/10/2015 12:00:00 AM,226,13,213
6/29/2015 12:00:00 AM,9/11/2015 12:00:00 AM,226,13,213
6/29/2015 12:00:00 AM,9/12/2015 12:00:00 AM,7673,4854,2819
6/29/2015 12:00:00 AM,9/13/2015 12:00:00 AM,8675,5354,3321
6/29/2015 12:00:00 AM,9/14/2015 12:00:00 AM,10471,6590,3881
6/29/2015 12:00:00 AM,9/15/2015 12:00:00 AM,10471,6590,3881
6/29/2015 12:00:00 AM,9/16/2015 12:00:00 AM,10936,6590,4346
6/29/2015 12:00:00 AM,9/17/2015 12:00:00 AM,10375,6029,4346
6/29/2015 12:00:00 AM,9/18/2015 12:00:00 AM,10843,6497,4346
6/29/2015 12:00:00 AM,9/19/2015 12:00:00 AM,11474,6826,4648
6/29/2015 12:00:00 AM,9/20/2015 12:00:00 AM,11670,7011,4659
6/29/2015 12:00:00 AM,9/21/2015 12:00:00 AM,12906,6976,5930
6/29/2015 12:00:00 AM,9/22/2015 12:00:00 AM,11661,5731,5930
6/29/2015 12:00:00 AM,9/23/2015 12:00:00 AM,12441,5731,6710
6/29/2015 12:00:00 AM,9/24/2015 12:00:00 AM,12849,6139,6710
6/29/2015 12:00:00 AM,9/25/2015 12:00:00 AM,12272,6064,6208
6/29/2015 12:00:00 AM,9/26/2015 12:00:00 AM,17134,10286,6848
6/29/2015 12:00:00 AM,9/27/2015 12:00:00 AM,16396,9987,6409
6/29/2015 12:00:00 AM,9/28/2015 12:00:00 AM,16360,9907,6453
6/28/2015 12:00:00 AM,6/29/2015 12:00:00 AM,53,20,33
6/28/2015 12:00:00 AM,6/30/2015 12:00:00 AM,53,20,33
6/28/2015 12:00:00 AM,7/1/2015 12:00:00 AM,53,20,33
6/28/2015 12:00:00 AM,7/2/2015 12:00:00 AM,53,20,33
6/28/2015 12:00:00 AM,7/3/2015 12:00:00 AM,53,20,33
6/28/2015 12:00:00 AM,7/4/2015 12:00:00 AM,52,19,33
6/28/2015 12:00:00 AM,7/5/2015 12:00:00 AM,52,19,33
6/28/2015 12:00:00 AM,7/6/2015 12:00:00 AM,52,19,33
6/28/2015 12:00:00 AM,7/7/2015 12:00:00 AM,52,19,33
6/28/2015 12:00:00 AM,7/8/2015 12:00:00 AM,52,19,33
6/28/2015 12:00:00 AM,7/9/2015 12:00:00 AM,52,19,33
6/28/2015 12:00:00 AM,7/10/2015 12:00:00 AM,52,19,33
6/28/2015 12:00:00 AM,7/11/2015 12:00:00 AM,22,22,0
6/28/2015 12:00:00 AM,7/12/2015 12:00:00 AM,22,22,0
6/28/2015 12:00:00 AM,7/13/2015 12:00:00 AM,36,36,0
6/28/2015 12:00:00 AM,7/14/2015 12:00:00 AM,36,36,0
6/28/2015 12:00:00 AM,7/15/2015 12:00:00 AM,58,37,21
6/28/2015 12:00:00 AM,7/16/2015 12:00:00 AM,37,37,0
6/28/2015 12:00:00 AM,7/17/2015 12:00:00 AM,37,37,0
6/28/2015 12:00:00 AM,7/18/2015 12:00:00 AM,36,36,0
6/28/2015 12:00:00 AM,7/19/2015 12:00:00 AM,23,23,0
6/28/2015 12:00:00 AM,7/20/2015 12:00:00 AM,69,36,33
6/28/2015 12:00:00 AM,7/21/2015 12:00:00 AM,134,36,98
6/28/2015 12:00:00 AM,7/22/2015 12:00:00 AM,199,36,163
6/28/2015 12:00:00 AM,7/23/2015 12:00:00 AM,134,36,98
6/28/2015 12:00:00 AM,7/24/2015 12:00:00 AM,134,36,98
6/28/2015 12:00:00 AM,7/25/2015 12:00:00 AM,134,36,98
6/28/2015 12:00:00 AM,7/26/2015 12:00:00 AM,121,23,98
6/28/2015 12:00:00 AM,7/27/2015 12:00:00 AM,134,36,98
6/28/2015 12:00:00 AM,7/28/2015 12:00:00 AM,134,36,98
6/28/2015 12:00:00 AM,7/29/2015 12:00:00 AM,134,36,98
6/28/2015 12:00:00 AM,7/30/2015 12:00:00 AM,134,36,98
6/28/2015 12:00:00 AM,7/31/2015 12:00:00 AM,134,36,98
6/28/2015 12:00:00 AM,8/1/2015 12:00:00 AM,101,36,65
6/28/2015 12:00:00 AM,8/2/2015 12:00:00 AM,88,23,65
6/28/2015 12:00:00 AM,8/3/2015 12:00:00 AM,133,36,97
6/28/2015 12:00:00 AM,8/4/2015 12:00:00 AM,132,35,97
6/28/2015 12:00:00 AM,8/5/2015 12:00:00 AM,132,35,97
6/28/2015 12:00:00 AM,8/6/2015 12:00:00 AM,132,35,97
6/28/2015 12:00:00 AM,8/7/2015 12:00:00 AM,132,35,97
6/28/2015 12:00:00 AM,8/8/2015 12:00:00 AM,132,35,97
6/28/2015 12:00:00 AM,8/9/2015 12:00:00 AM,119,22,97
6/28/2015 12:00:00 AM,8/10/2015 12:00:00 AM,197,35,162
6/28/2015 12:00:00 AM,8/11/2015 12:00:00 AM,197,35,162
6/28/2015 12:00:00 AM,8/12/2015 12:00:00 AM,262,35,227
6/28/2015 12:00:00 AM,8/13/2015 12:00:00 AM,197,35,162
6/28/2015 12:00:00 AM,8/14/2015 12:00:00 AM,197,35,162
6/28/2015 12:00:00 AM,8/15/2015 12:00:00 AM,184,22,162
6/28/2015 12:00:00 AM,8/16/2015 12:00:00 AM,184,22,162
6/28/2015 12:00:00 AM,8/17/2015 12:00:00 AM,383,220,163
6/28/2015 12:00:00 AM,8/18/2015 12:00:00 AM,383,220,163
6/28/2015 12:00:00 AM,8/19/2015 12:00:00 AM,380,217,163
6/28/2015 12:00:00 AM,8/20/2015 12:00:00 AM,315,217,98
6/28/2015 12:00:00 AM,8/21/2015 12:00:00 AM,117,19,98
6/28/2015 12:00:00 AM,8/22/2015 12:00:00 AM,117,19,98
6/28/2015 12:00:00 AM,8/23/2015 12:00:00 AM,117,19,98
6/28/2015 12:00:00 AM,8/24/2015 12:00:00 AM,162,32,130
6/28/2015 12:00:00 AM,8/25/2015 12:00:00 AM,162,32,130
6/28/2015 12:00:00 AM,8/26/2015 12:00:00 AM,162,32,130
6/28/2015 12:00:00 AM,8/27/2015 12:00:00 AM,162,32,130
6/28/2015 12:00:00 AM,8/28/2015 12:00:00 AM,162,32,130
6/28/2015 12:00:00 AM,8/29/2015 12:00:00 AM,148,19,129
6/28/2015 12:00:00 AM,8/30/2015 12:00:00 AM,368,19,349
6/28/2015 12:00:00 AM,8/31/2015 12:00:00 AM,362,13,349
6/28/2015 12:00:00 AM,9/1/2015 12:00:00 AM,399,26,373
6/28/2015 12:00:00 AM,9/2/2015 12:00:00 AM,399,26,373
6/28/2015 12:00:00 AM,9/3/2015 12:00:00 AM,399,26,373
6/28/2015 12:00:00 AM,9/4/2015 12:00:00 AM,399,26,373
6/28/2015 12:00:00 AM,9/5/2015 12:00:00 AM,386,13,373
6/28/2015 12:00:00 AM,9/6/2015 12:00:00 AM,166,13,153
6/28/2015 12:00:00 AM,9/7/2015 12:00:00 AM,215,13,202
6/28/2015 12:00:00 AM,9/8/2015 12:00:00 AM,226,13,213
6/28/2015 12:00:00 AM,9/9/2015 12:00:00 AM,291,13,278
6/28/2015 12:00:00 AM,9/10/2015 12:00:00 AM,226,13,213
6/28/2015 12:00:00 AM,9/11/2015 12:00:00 AM,226,13,213
6/28/2015 12:00:00 AM,9/12/2015 12:00:00 AM,7673,4854,2819
6/28/2015 12:00:00 AM,9/13/2015 12:00:00 AM,8675,5354,3321
6/28/2015 12:00:00 AM,9/14/2015 12:00:00 AM,10471,6590,3881
6/28/2015 12:00:00 AM,9/15/2015 12:00:00 AM,10471,6590,3881
6/28/2015 12:00:00 AM,9/16/2015 12:00:00 AM,10936,6590,4346
6/28/2015 12:00:00 AM,9/17/2015 12:00:00 AM,10375,6029,4346
6/28/2015 12:00:00 AM,9/18/2015 12:00:00 AM,10843,6497,4346
6/28/2015 12:00:00 AM,9/19/2015 12:00:00 AM,11474,6826,4648
6/28/2015 12:00:00 AM,9/20/2015 12:00:00 AM,11670,7011,4659
6/28/2015 12:00:00 AM,9/21/2015 12:00:00 AM,12906,6976,5930
6/28/2015 12:00:00 AM,9/22/2015 12:00:00 AM,11661,5731,5930
6/28/2015 12:00:00 AM,9/23/2015 12:00:00 AM,12441,5731,6710
6/28/2015 12:00:00 AM,9/24/2015 12:00:00 AM,12849,6139,6710
6/28/2015 12:00:00 AM,9/25/2015 12:00:00 AM,12272,6064,6208
6/28/2015 12:00:00 AM,9/26/2015 12:00:00 AM,17134,10286,6848
6/28/2015 12:00:00 AM,9/27/2015 12:00:00 AM,16396,9987,6409
6/27/2015 12:00:00 AM,6/28/2015 12:00:00 AM,100,19,81
6/27/2015 12:00:00 AM,6/29/2015 12:00:00 AM,101,20,81
6/27/2015 12:00:00 AM,6/30/2015 12:00:00 AM,53,20,33
6/27/2015 12:00:00 AM,7/1/2015 12:00:00 AM,53,20,33
6/27/2015 12:00:00 AM,7/2/2015 12:00:00 AM,53,20,33
6/27/2015 12:00:00 AM,7/3/2015 12:00:00 AM,53,20,33
6/27/2015 12:00:00 AM,7/4/2015 12:00:00 AM,52,19,33
6/27/2015 12:00:00 AM,7/5/2015 12:00:00 AM,52,19,33
6/27/2015 12:00:00 AM,7/6/2015 12:00:00 AM,52,19,33
6/27/2015 12:00:00 AM,7/7/2015 12:00:00 AM,52,19,33
6/27/2015 12:00:00 AM,7/8/2015 12:00:00 AM,52,19,33
6/27/2015 12:00:00 AM,7/9/2015 12:00:00 AM,52,19,33
6/27/2015 12:00:00 AM,7/10/2015 12:00:00 AM,52,19,33
6/27/2015 12:00:00 AM,7/11/2015 12:00:00 AM,22,22,0
6/27/2015 12:00:00 AM,7/12/2015 12:00:00 AM,22,22,0
6/27/2015 12:00:00 AM,7/13/2015 12:00:00 AM,36,36,0
6/27/2015 12:00:00 AM,7/14/2015 12:00:00 AM,36,36,0
6/27/2015 12:00:00 AM,7/15/2015 12:00:00 AM,58,37,21
6/27/2015 12:00:00 AM,7/16/2015 12:00:00 AM,37,37,0
6/27/2015 12:00:00 AM,7/17/2015 12:00:00 AM,37,37,0
6/27/2015 12:00:00 AM,7/18/2015 12:00:00 AM,36,36,0
6/27/2015 12:00:00 AM,7/19/2015 12:00:00 AM,23,23,0
6/27/2015 12:00:00 AM,7/20/2015 12:00:00 AM,69,36,33
6/27/2015 12:00:00 AM,7/21/2015 12:00:00 AM,134,36,98
6/27/2015 12:00:00 AM,7/22/2015 12:00:00 AM,199,36,163
6/27/2015 12:00:00 AM,7/23/2015 12:00:00 AM,134,36,98
6/27/2015 12:00:00 AM,7/24/2015 12:00:00 AM,134,36,98
6/27/2015 12:00:00 AM,7/25/2015 12:00:00 AM,134,36,98
6/27/2015 12:00:00 AM,7/26/2015 12:00:00 AM,121,23,98
6/27/2015 12:00:00 AM,7/27/2015 12:00:00 AM,134,36,98
6/27/2015 12:00:00 AM,7/28/2015 12:00:00 AM,134,36,98
6/27/2015 12:00:00 AM,7/29/2015 12:00:00 AM,134,36,98
6/27/2015 12:00:00 AM,7/30/2015 12:00:00 AM,134,36,98
6/27/2015 12:00:00 AM,7/31/2015 12:00:00 AM,134,36,98
6/27/2015 12:00:00 AM,8/1/2015 12:00:00 AM,101,36,65
6/27/2015 12:00:00 AM,8/2/2015 12:00:00 AM,88,23,65
6/27/2015 12:00:00 AM,8/3/2015 12:00:00 AM,133,36,97
6/27/2015 12:00:00 AM,8/4/2015 12:00:00 AM,132,35,97
6/27/2015 12:00:00 AM,8/5/2015 12:00:00 AM,132,35,97
6/27/2015 12:00:00 AM,8/6/2015 12:00:00 AM,132,35,97
6/27/2015 12:00:00 AM,8/7/2015 12:00:00 AM,132,35,97
6/27/2015 12:00:00 AM,8/8/2015 12:00:00 AM,132,35,97
6/27/2015 12:00:00 AM,8/9/2015 12:00:00 AM,119,22,97
6/27/2015 12:00:00 AM,8/10/2015 12:00:00 AM,197,35,162
6/27/2015 12:00:00 AM,8/11/2015 12:00:00 AM,197,35,162
6/27/2015 12:00:00 AM,8/12/2015 12:00:00 AM,262,35,227
6/27/2015 12:00:00 AM,8/13/2015 12:00:00 AM,197,35,162
6/27/2015 12:00:00 AM,8/14/2015 12:00:00 AM,197,35,162
6/27/2015 12:00:00 AM,8/15/2015 12:00:00 AM,184,22,162
6/27/2015 12:00:00 AM,8/16/2015 12:00:00 AM,184,22,162
6/27/2015 12:00:00 AM,8/17/2015 12:00:00 AM,383,220,163
6/27/2015 12:00:00 AM,8/18/2015 12:00:00 AM,383,220,163
6/27/2015 12:00:00 AM,8/19/2015 12:00:00 AM,380,217,163
6/27/2015 12:00:00 AM,8/20/2015 12:00:00 AM,315,217,98
6/27/2015 12:00:00 AM,8/21/2015 12:00:00 AM,117,19,98
6/27/2015 12:00:00 AM,8/22/2015 12:00:00 AM,117,19,98
6/27/2015 12:00:00 AM,8/23/2015 12:00:00 AM,117,19,98
6/27/2015 12:00:00 AM,8/24/2015 12:00:00 AM,162,32,130
6/27/2015 12:00:00 AM,8/25/2015 12:00:00 AM,162,32,130
6/27/2015 12:00:00 AM,8/26/2015 12:00:00 AM,162,32,130
6/27/2015 12:00:00 AM,8/27/2015 12:00:00 AM,162,32,130
6/27/2015 12:00:00 AM,8/28/2015 12:00:00 AM,162,32,130
6/27/2015 12:00:00 AM,8/29/2015 12:00:00 AM,148,19,129
6/27/2015 12:00:00 AM,8/30/2015 12:00:00 AM,368,19,349
6/27/2015 12:00:00 AM,8/31/2015 12:00:00 AM,362,13,349
6/27/2015 12:00:00 AM,9/1/2015 12:00:00 AM,399,26,373
6/27/2015 12:00:00 AM,9/2/2015 12:00:00 AM,399,26,373
6/27/2015 12:00:00 AM,9/3/2015 12:00:00 AM,399,26,373
6/27/2015 12:00:00 AM,9/4/2015 12:00:00 AM,399,26,373
6/27/2015 12:00:00 AM,9/5/2015 12:00:00 AM,386,13,373
6/27/2015 12:00:00 AM,9/6/2015 12:00:00 AM,166,13,153
6/27/2015 12:00:00 AM,9/7/2015 12:00:00 AM,215,13,202
6/27/2015 12:00:00 AM,9/8/2015 12:00:00 AM,226,13,213
6/27/2015 12:00:00 AM,9/9/2015 12:00:00 AM,291,13,278
6/27/2015 12:00:00 AM,9/10/2015 12:00:00 AM,226,13,213
6/27/2015 12:00:00 AM,9/11/2015 12:00:00 AM,226,13,213
6/27/2015 12:00:00 AM,9/12/2015 12:00:00 AM,7673,4854,2819
6/27/2015 12:00:00 AM,9/13/2015 12:00:00 AM,8675,5354,3321
6/27/2015 12:00:00 AM,9/14/2015 12:00:00 AM,10471,6590,3881
6/27/2015 12:00:00 AM,9/15/2015 12:00:00 AM,10471,6590,3881
6/27/2015 12:00:00 AM,9/16/2015 12:00:00 AM,10936,6590,4346
6/27/2015 12:00:00 AM,9/17/2015 12:00:00 AM,10375,6029,4346
6/27/2015 12:00:00 AM,9/18/2015 12:00:00 AM,10843,6497,4346
6/27/2015 12:00:00 AM,9/19/2015 12:00:00 AM,11474,6826,4648
6/27/2015 12:00:00 AM,9/20/2015 12:00:00 AM,11670,7011,4659
6/27/2015 12:00:00 AM,9/21/2015 12:00:00 AM,12906,6976,5930
6/27/2015 12:00:00 AM,9/22/2015 12:00:00 AM,11661,5731,5930
6/27/2015 12:00:00 AM,9/23/2015 12:00:00 AM,12441,5731,6710
6/27/2015 12:00:00 AM,9/24/2015 12:00:00 AM,12849,6139,6710
6/27/2015 12:00:00 AM,9/25/2015 12:00:00 AM,12272,6064,6208
6/27/2015 12:00:00 AM,9/26/2015 12:00:00 AM,17134,10286,6848
6/26/2015 12:00:00 AM,6/27/2015 12:00:00 AM,52,19,33
6/26/2015 12:00:00 AM,6/28/2015 12:00:00 AM,52,19,33
6/26/2015 12:00:00 AM,6/29/2015 12:00:00 AM,53,20,33
6/26/2015 12:00:00 AM,6/30/2015 12:00:00 AM,53,20,33
6/26/2015 12:00:00 AM,7/1/2015 12:00:00 AM,53,20,33
6/26/2015 12:00:00 AM,7/2/2015 12:00:00 AM,53,20,33
6/26/2015 12:00:00 AM,7/3/2015 12:00:00 AM,53,20,33
6/26/2015 12:00:00 AM,7/4/2015 12:00:00 AM,52,19,33
6/26/2015 12:00:00 AM,7/5/2015 12:00:00 AM,52,19,33
6/26/2015 12:00:00 AM,7/6/2015 12:00:00 AM,52,19,33
6/26/2015 12:00:00 AM,7/7/2015 12:00:00 AM,52,19,33
6/26/2015 12:00:00 AM,7/8/2015 12:00:00 AM,52,19,33
6/26/2015 12:00:00 AM,7/9/2015 12:00:00 AM,52,19,33
6/26/2015 12:00:00 AM,7/10/2015 12:00:00 AM,52,19,33
6/26/2015 12:00:00 AM,7/11/2015 12:00:00 AM,22,22,0
6/26/2015 12:00:00 AM,7/12/2015 12:00:00 AM,22,22,0
6/26/2015 12:00:00 AM,7/13/2015 12:00:00 AM,36,36,0
6/26/2015 12:00:00 AM,7/14/2015 12:00:00 AM,36,36,0
6/26/2015 12:00:00 AM,7/15/2015 12:00:00 AM,58,37,21
6/26/2015 12:00:00 AM,7/16/2015 12:00:00 AM,37,37,0
6/26/2015 12:00:00 AM,7/17/2015 12:00:00 AM,37,37,0
6/26/2015 12:00:00 AM,7/18/2015 12:00:00 AM,36,36,0
6/26/2015 12:00:00 AM,7/19/2015 12:00:00 AM,23,23,0
6/26/2015 12:00:00 AM,7/20/2015 12:00:00 AM,69,36,33
6/26/2015 12:00:00 AM,7/21/2015 12:00:00 AM,134,36,98
6/26/2015 12:00:00 AM,7/22/2015 12:00:00 AM,199,36,163
6/26/2015 12:00:00 AM,7/23/2015 12:00:00 AM,134,36,98
6/26/2015 12:00:00 AM,7/24/2015 12:00:00 AM,134,36,98
6/26/2015 12:00:00 AM,7/25/2015 12:00:00 AM,134,36,98
6/26/2015 12:00:00 AM,7/26/2015 12:00:00 AM,121,23,98
6/26/2015 12:00:00 AM,7/27/2015 12:00:00 AM,134,36,98
6/26/2015 12:00:00 AM,7/28/2015 12:00:00 AM,134,36,98
6/26/2015 12:00:00 AM,7/29/2015 12:00:00 AM,134,36,98
6/26/2015 12:00:00 AM,7/30/2015 12:00:00 AM,134,36,98
6/26/2015 12:00:00 AM,7/31/2015 12:00:00 AM,134,36,98
6/26/2015 12:00:00 AM,8/1/2015 12:00:00 AM,101,36,65
6/26/2015 12:00:00 AM,8/2/2015 12:00:00 AM,88,23,65
6/26/2015 12:00:00 AM,8/3/2015 12:00:00 AM,133,36,97
6/26/2015 12:00:00 AM,8/4/2015 12:00:00 AM,132,35,97
6/26/2015 12:00:00 AM,8/5/2015 12:00:00 AM,132,35,97
6/26/2015 12:00:00 AM,8/6/2015 12:00:00 AM,132,35,97
6/26/2015 12:00:00 AM,8/7/2015 12:00:00 AM,132,35,97
6/26/2015 12:00:00 AM,8/8/2015 12:00:00 AM,132,35,97
6/26/2015 12:00:00 AM,8/9/2015 12:00:00 AM,119,22,97
6/26/2015 12:00:00 AM,8/10/2015 12:00:00 AM,197,35,162
6/26/2015 12:00:00 AM,8/11/2015 12:00:00 AM,197,35,162
6/26/2015 12:00:00 AM,8/12/2015 12:00:00 AM,262,35,227
6/26/2015 12:00:00 AM,8/13/2015 12:00:00 AM,197,35,162
6/26/2015 12:00:00 AM,8/14/2015 12:00:00 AM,197,35,162
6/26/2015 12:00:00 AM,8/15/2015 12:00:00 AM,184,22,162
6/26/2015 12:00:00 AM,8/16/2015 12:00:00 AM,184,22,162
6/26/2015 12:00:00 AM,8/17/2015 12:00:00 AM,383,220,163
6/26/2015 12:00:00 AM,8/18/2015 12:00:00 AM,383,220,163
6/26/2015 12:00:00 AM,8/19/2015 12:00:00 AM,380,217,163
6/26/2015 12:00:00 AM,8/20/2015 12:00:00 AM,315,217,98
6/26/2015 12:00:00 AM,8/21/2015 12:00:00 AM,117,19,98
6/26/2015 12:00:00 AM,8/22/2015 12:00:00 AM,117,19,98
6/26/2015 12:00:00 AM,8/23/2015 12:00:00 AM,117,19,98
6/26/2015 12:00:00 AM,8/24/2015 12:00:00 AM,162,32,130
6/26/2015 12:00:00 AM,8/25/2015 12:00:00 AM,162,32,130
6/26/2015 12:00:00 AM,8/26/2015 12:00:00 AM,162,32,130
6/26/2015 12:00:00 AM,8/27/2015 12:00:00 AM,162,32,130
6/26/2015 12:00:00 AM,8/28/2015 12:00:00 AM,162,32,130
6/26/2015 12:00:00 AM,8/29/2015 12:00:00 AM,148,19,129
6/26/2015 12:00:00 AM,8/30/2015 12:00:00 AM,368,19,349
6/26/2015 12:00:00 AM,8/31/2015 12:00:00 AM,362,13,349
6/26/2015 12:00:00 AM,9/1/2015 12:00:00 AM,399,26,373
6/26/2015 12:00:00 AM,9/2/2015 12:00:00 AM,399,26,373
6/26/2015 12:00:00 AM,9/3/2015 12:00:00 AM,399,26,373
6/26/2015 12:00:00 AM,9/4/2015 12:00:00 AM,399,26,373
6/26/2015 12:00:00 AM,9/5/2015 12:00:00 AM,386,13,373
6/26/2015 12:00:00 AM,9/6/2015 12:00:00 AM,166,13,153
6/26/2015 12:00:00 AM,9/7/2015 12:00:00 AM,215,13,202
6/26/2015 12:00:00 AM,9/8/2015 12:00:00 AM,226,13,213
6/26/2015 12:00:00 AM,9/9/2015 12:00:00 AM,291,13,278
6/26/2015 12:00:00 AM,9/10/2015 12:00:00 AM,226,13,213
6/26/2015 12:00:00 AM,9/11/2015 12:00:00 AM,226,13,213
6/26/2015 12:00:00 AM,9/12/2015 12:00:00 AM,7673,4854,2819
6/26/2015 12:00:00 AM,9/13/2015 12:00:00 AM,8675,5354,3321
6/26/2015 12:00:00 AM,9/14/2015 12:00:00 AM,10449,6568,3881
6/26/2015 12:00:00 AM,9/15/2015 12:00:00 AM,10449,6568,3881
6/26/2015 12:00:00 AM,9/16/2015 12:00:00 AM,10914,6568,4346
6/26/2015 12:00:00 AM,9/17/2015 12:00:00 AM,10353,6007,4346
6/26/2015 12:00:00 AM,9/18/2015 12:00:00 AM,10821,6475,4346
6/26/2015 12:00:00 AM,9/19/2015 12:00:00 AM,11452,6804,4648
6/26/2015 12:00:00 AM,9/20/2015 12:00:00 AM,11648,6989,4659
6/26/2015 12:00:00 AM,9/21/2015 12:00:00 AM,12884,6954,5930
6/26/2015 12:00:00 AM,9/22/2015 12:00:00 AM,11639,5709,5930
6/26/2015 12:00:00 AM,9/23/2015 12:00:00 AM,12419,5709,6710
6/26/2015 12:00:00 AM,9/24/2015 12:00:00 AM,12827,6117,6710
6/26/2015 12:00:00 AM,9/25/2015 12:00:00 AM,12250,6042,6208
6/25/2015 12:00:00 AM,6/26/2015 12:00:00 AM,100,19,81
6/25/2015 12:00:00 AM,6/27/2015 12:00:00 AM,52,19,33
6/25/2015 12:00:00 AM,6/28/2015 12:00:00 AM,52,19,33
6/25/2015 12:00:00 AM,6/29/2015 12:00:00 AM,53,20,33
6/25/2015 12:00:00 AM,6/30/2015 12:00:00 AM,53,20,33
6/25/2015 12:00:00 AM,7/1/2015 12:00:00 AM,53,20,33
6/25/2015 12:00:00 AM,7/2/2015 12:00:00 AM,53,20,33
6/25/2015 12:00:00 AM,7/3/2015 12:00:00 AM,53,20,33
6/25/2015 12:00:00 AM,7/4/2015 12:00:00 AM,52,19,33
6/25/2015 12:00:00 AM,7/5/2015 12:00:00 AM,52,19,33
6/25/2015 12:00:00 AM,7/6/2015 12:00:00 AM,52,19,33
6/25/2015 12:00:00 AM,7/7/2015 12:00:00 AM,52,19,33
6/25/2015 12:00:00 AM,7/8/2015 12:00:00 AM,52,19,33
6/25/2015 12:00:00 AM,7/9/2015 12:00:00 AM,52,19,33
6/25/2015 12:00:00 AM,7/10/2015 12:00:00 AM,52,19,33
6/25/2015 12:00:00 AM,7/11/2015 12:00:00 AM,22,22,0
6/25/2015 12:00:00 AM,7/12/2015 12:00:00 AM,22,22,0
6/25/2015 12:00:00 AM,7/13/2015 12:00:00 AM,36,36,0
6/25/2015 12:00:00 AM,7/14/2015 12:00:00 AM,36,36,0
6/25/2015 12:00:00 AM,7/15/2015 12:00:00 AM,58,37,21
6/25/2015 12:00:00 AM,7/16/2015 12:00:00 AM,37,37,0
6/25/2015 12:00:00 AM,7/17/2015 12:00:00 AM,37,37,0
6/25/2015 12:00:00 AM,7/18/2015 12:00:00 AM,36,36,0
6/25/2015 12:00:00 AM,7/19/2015 12:00:00 AM,23,23,0
6/25/2015 12:00:00 AM,7/20/2015 12:00:00 AM,69,36,33
6/25/2015 12:00:00 AM,7/21/2015 12:00:00 AM,134,36,98
6/25/2015 12:00:00 AM,7/22/2015 12:00:00 AM,199,36,163
6/25/2015 12:00:00 AM,7/23/2015 12:00:00 AM,134,36,98
6/25/2015 12:00:00 AM,7/24/2015 12:00:00 AM,134,36,98
6/25/2015 12:00:00 AM,7/25/2015 12:00:00 AM,134,36,98
6/25/2015 12:00:00 AM,7/26/2015 12:00:00 AM,121,23,98
6/25/2015 12:00:00 AM,7/27/2015 12:00:00 AM,134,36,98
6/25/2015 12:00:00 AM,7/28/2015 12:00:00 AM,134,36,98
6/25/2015 12:00:00 AM,7/29/2015 12:00:00 AM,134,36,98
6/25/2015 12:00:00 AM,7/30/2015 12:00:00 AM,134,36,98
6/25/2015 12:00:00 AM,7/31/2015 12:00:00 AM,134,36,98
6/25/2015 12:00:00 AM,8/1/2015 12:00:00 AM,101,36,65
6/25/2015 12:00:00 AM,8/2/2015 12:00:00 AM,88,23,65
6/25/2015 12:00:00 AM,8/3/2015 12:00:00 AM,133,36,97
6/25/2015 12:00:00 AM,8/4/2015 12:00:00 AM,132,35,97
6/25/2015 12:00:00 AM,8/5/2015 12:00:00 AM,132,35,97
6/25/2015 12:00:00 AM,8/6/2015 12:00:00 AM,132,35,97
6/25/2015 12:00:00 AM,8/7/2015 12:00:00 AM,132,35,97
6/25/2015 12:00:00 AM,8/8/2015 12:00:00 AM,132,35,97
6/25/2015 12:00:00 AM,8/9/2015 12:00:00 AM,119,22,97
6/25/2015 12:00:00 AM,8/10/2015 12:00:00 AM,197,35,162
6/25/2015 12:00:00 AM,8/11/2015 12:00:00 AM,197,35,162
6/25/2015 12:00:00 AM,8/12/2015 12:00:00 AM,262,35,227
6/25/2015 12:00:00 AM,8/13/2015 12:00:00 AM,197,35,162
6/25/2015 12:00:00 AM,8/14/2015 12:00:00 AM,197,35,162
6/25/2015 12:00:00 AM,8/15/2015 12:00:00 AM,184,22,162
6/25/2015 12:00:00 AM,8/16/2015 12:00:00 AM,184,22,162
6/25/2015 12:00:00 AM,8/17/2015 12:00:00 AM,383,220,163
6/25/2015 12:00:00 AM,8/18/2015 12:00:00 AM,383,220,163
6/25/2015 12:00:00 AM,8/19/2015 12:00:00 AM,380,217,163
6/25/2015 12:00:00 AM,8/20/2015 12:00:00 AM,315,217,98
6/25/2015 12:00:00 AM,8/21/2015 12:00:00 AM,117,19,98
6/25/2015 12:00:00 AM,8/22/2015 12:00:00 AM,117,19,98
6/25/2015 12:00:00 AM,8/23/2015 12:00:00 AM,117,19,98
6/25/2015 12:00:00 AM,8/24/2015 12:00:00 AM,162,32,130
6/25/2015 12:00:00 AM,8/25/2015 12:00:00 AM,162,32,130
6/25/2015 12:00:00 AM,8/26/2015 12:00:00 AM,162,32,130
6/25/2015 12:00:00 AM,8/27/2015 12:00:00 AM,162,32,130
6/25/2015 12:00:00 AM,8/28/2015 12:00:00 AM,162,32,130
6/25/2015 12:00:00 AM,8/29/2015 12:00:00 AM,148,19,129
6/25/2015 12:00:00 AM,8/30/2015 12:00:00 AM,368,19,349
6/25/2015 12:00:00 AM,8/31/2015 12:00:00 AM,362,13,349
6/25/2015 12:00:00 AM,9/1/2015 12:00:00 AM,399,26,373
6/25/2015 12:00:00 AM,9/2/2015 12:00:00 AM,399,26,373
6/25/2015 12:00:00 AM,9/3/2015 12:00:00 AM,399,26,373
6/25/2015 12:00:00 AM,9/4/2015 12:00:00 AM,399,26,373
6/25/2015 12:00:00 AM,9/5/2015 12:00:00 AM,386,13,373
6/25/2015 12:00:00 AM,9/6/2015 12:00:00 AM,166,13,153
6/25/2015 12:00:00 AM,9/7/2015 12:00:00 AM,215,13,202
6/25/2015 12:00:00 AM,9/8/2015 12:00:00 AM,226,13,213
6/25/2015 12:00:00 AM,9/9/2015 12:00:00 AM,291,13,278
6/25/2015 12:00:00 AM,9/10/2015 12:00:00 AM,226,13,213
6/25/2015 12:00:00 AM,9/11/2015 12:00:00 AM,226,13,213
6/25/2015 12:00:00 AM,9/12/2015 12:00:00 AM,7673,4854,2819
6/25/2015 12:00:00 AM,9/13/2015 12:00:00 AM,8675,5354,3321
6/25/2015 12:00:00 AM,9/14/2015 12:00:00 AM,10449,6568,3881
6/25/2015 12:00:00 AM,9/15/2015 12:00:00 AM,10449,6568,3881
6/25/2015 12:00:00 AM,9/16/2015 12:00:00 AM,10914,6568,4346
6/25/2015 12:00:00 AM,9/17/2015 12:00:00 AM,10353,6007,4346
6/25/2015 12:00:00 AM,9/18/2015 12:00:00 AM,10821,6475,4346
6/25/2015 12:00:00 AM,9/19/2015 12:00:00 AM,11452,6804,4648
6/25/2015 12:00:00 AM,9/20/2015 12:00:00 AM,11648,6989,4659
6/25/2015 12:00:00 AM,9/21/2015 12:00:00 AM,12884,6954,5930
6/25/2015 12:00:00 AM,9/22/2015 12:00:00 AM,11639,5709,5930
6/25/2015 12:00:00 AM,9/23/2015 12:00:00 AM,12419,5709,6710
6/25/2015 12:00:00 AM,9/24/2015 12:00:00 AM,12827,6117,6710
6/24/2015 12:00:00 AM,6/25/2015 12:00:00 AM,166,20,146
6/24/2015 12:00:00 AM,6/26/2015 12:00:00 AM,101,20,81
6/24/2015 12:00:00 AM,6/27/2015 12:00:00 AM,52,19,33
6/24/2015 12:00:00 AM,6/28/2015 12:00:00 AM,52,19,33
6/24/2015 12:00:00 AM,6/29/2015 12:00:00 AM,53,20,33
6/24/2015 12:00:00 AM,6/30/2015 12:00:00 AM,53,20,33
6/24/2015 12:00:00 AM,7/1/2015 12:00:00 AM,53,20,33
6/24/2015 12:00:00 AM,7/2/2015 12:00:00 AM,53,20,33
6/24/2015 12:00:00 AM,7/3/2015 12:00:00 AM,53,20,33
6/24/2015 12:00:00 AM,7/4/2015 12:00:00 AM,52,19,33
6/24/2015 12:00:00 AM,7/5/2015 12:00:00 AM,52,19,33
6/24/2015 12:00:00 AM,7/6/2015 12:00:00 AM,52,19,33
6/24/2015 12:00:00 AM,7/7/2015 12:00:00 AM,52,19,33
6/24/2015 12:00:00 AM,7/8/2015 12:00:00 AM,52,19,33
6/24/2015 12:00:00 AM,7/9/2015 12:00:00 AM,52,19,33
6/24/2015 12:00:00 AM,7/10/2015 12:00:00 AM,52,19,33
6/24/2015 12:00:00 AM,7/11/2015 12:00:00 AM,22,22,0
6/24/2015 12:00:00 AM,7/12/2015 12:00:00 AM,22,22,0
6/24/2015 12:00:00 AM,7/13/2015 12:00:00 AM,36,36,0
6/24/2015 12:00:00 AM,7/14/2015 12:00:00 AM,36,36,0
6/24/2015 12:00:00 AM,7/15/2015 12:00:00 AM,58,37,21
6/24/2015 12:00:00 AM,7/16/2015 12:00:00 AM,37,37,0
6/24/2015 12:00:00 AM,7/17/2015 12:00:00 AM,37,37,0
6/24/2015 12:00:00 AM,7/18/2015 12:00:00 AM,36,36,0
6/24/2015 12:00:00 AM,7/19/2015 12:00:00 AM,23,23,0
6/24/2015 12:00:00 AM,7/20/2015 12:00:00 AM,69,36,33
6/24/2015 12:00:00 AM,7/21/2015 12:00:00 AM,134,36,98
6/24/2015 12:00:00 AM,7/22/2015 12:00:00 AM,199,36,163
6/24/2015 12:00:00 AM,7/23/2015 12:00:00 AM,134,36,98
6/24/2015 12:00:00 AM,7/24/2015 12:00:00 AM,134,36,98
6/24/2015 12:00:00 AM,7/25/2015 12:00:00 AM,134,36,98
6/24/2015 12:00:00 AM,7/26/2015 12:00:00 AM,121,23,98
6/24/2015 12:00:00 AM,7/27/2015 12:00:00 AM,134,36,98
6/24/2015 12:00:00 AM,7/28/2015 12:00:00 AM,134,36,98
6/24/2015 12:00:00 AM,7/29/2015 12:00:00 AM,134,36,98
6/24/2015 12:00:00 AM,7/30/2015 12:00:00 AM,134,36,98
6/24/2015 12:00:00 AM,7/31/2015 12:00:00 AM,134,36,98
6/24/2015 12:00:00 AM,8/1/2015 12:00:00 AM,101,36,65
6/24/2015 12:00:00 AM,8/2/2015 12:00:00 AM,88,23,65
6/24/2015 12:00:00 AM,8/3/2015 12:00:00 AM,133,36,97
6/24/2015 12:00:00 AM,8/4/2015 12:00:00 AM,132,35,97
6/24/2015 12:00:00 AM,8/5/2015 12:00:00 AM,132,35,97
6/24/2015 12:00:00 AM,8/6/2015 12:00:00 AM,132,35,97
6/24/2015 12:00:00 AM,8/7/2015 12:00:00 AM,132,35,97
6/24/2015 12:00:00 AM,8/8/2015 12:00:00 AM,132,35,97
6/24/2015 12:00:00 AM,8/9/2015 12:00:00 AM,119,22,97
6/24/2015 12:00:00 AM,8/10/2015 12:00:00 AM,197,35,162
6/24/2015 12:00:00 AM,8/11/2015 12:00:00 AM,197,35,162
6/24/2015 12:00:00 AM,8/12/2015 12:00:00 AM,262,35,227
6/24/2015 12:00:00 AM,8/13/2015 12:00:00 AM,197,35,162
6/24/2015 12:00:00 AM,8/14/2015 12:00:00 AM,197,35,162
6/24/2015 12:00:00 AM,8/15/2015 12:00:00 AM,184,22,162
6/24/2015 12:00:00 AM,8/16/2015 12:00:00 AM,184,22,162
6/24/2015 12:00:00 AM,8/17/2015 12:00:00 AM,383,220,163
6/24/2015 12:00:00 AM,8/18/2015 12:00:00 AM,383,220,163
6/24/2015 12:00:00 AM,8/19/2015 12:00:00 AM,380,217,163
6/24/2015 12:00:00 AM,8/20/2015 12:00:00 AM,315,217,98
6/24/2015 12:00:00 AM,8/21/2015 12:00:00 AM,117,19,98
6/24/2015 12:00:00 AM,8/22/2015 12:00:00 AM,117,19,98
6/24/2015 12:00:00 AM,8/23/2015 12:00:00 AM,117,19,98
6/24/2015 12:00:00 AM,8/24/2015 12:00:00 AM,162,32,130
6/24/2015 12:00:00 AM,8/25/2015 12:00:00 AM,162,32,130
6/24/2015 12:00:00 AM,8/26/2015 12:00:00 AM,162,32,130
6/24/2015 12:00:00 AM,8/27/2015 12:00:00 AM,162,32,130
6/24/2015 12:00:00 AM,8/28/2015 12:00:00 AM,162,32,130
6/24/2015 12:00:00 AM,8/29/2015 12:00:00 AM,148,19,129
6/24/2015 12:00:00 AM,8/30/2015 12:00:00 AM,368,19,349
6/24/2015 12:00:00 AM,8/31/2015 12:00:00 AM,362,13,349
6/24/2015 12:00:00 AM,9/1/2015 12:00:00 AM,399,26,373
6/24/2015 12:00:00 AM,9/2/2015 12:00:00 AM,399,26,373
6/24/2015 12:00:00 AM,9/3/2015 12:00:00 AM,399,26,373
6/24/2015 12:00:00 AM,9/4/2015 12:00:00 AM,399,26,373
6/24/2015 12:00:00 AM,9/5/2015 12:00:00 AM,386,13,373
6/24/2015 12:00:00 AM,9/6/2015 12:00:00 AM,166,13,153
6/24/2015 12:00:00 AM,9/7/2015 12:00:00 AM,215,13,202
6/24/2015 12:00:00 AM,9/8/2015 12:00:00 AM,226,13,213
6/24/2015 12:00:00 AM,9/9/2015 12:00:00 AM,291,13,278
6/24/2015 12:00:00 AM,9/10/2015 12:00:00 AM,226,13,213
6/24/2015 12:00:00 AM,9/11/2015 12:00:00 AM,226,13,213
6/24/2015 12:00:00 AM,9/12/2015 12:00:00 AM,7673,4854,2819
6/24/2015 12:00:00 AM,9/13/2015 12:00:00 AM,8675,5354,3321
6/24/2015 12:00:00 AM,9/14/2015 12:00:00 AM,10449,6568,3881
6/24/2015 12:00:00 AM,9/15/2015 12:00:00 AM,10449,6568,3881
6/24/2015 12:00:00 AM,9/16/2015 12:00:00 AM,10914,6568,4346
6/24/2015 12:00:00 AM,9/17/2015 12:00:00 AM,10353,6007,4346
6/24/2015 12:00:00 AM,9/18/2015 12:00:00 AM,10821,6475,4346
6/24/2015 12:00:00 AM,9/19/2015 12:00:00 AM,11452,6804,4648
6/24/2015 12:00:00 AM,9/20/2015 12:00:00 AM,11648,6989,4659
6/24/2015 12:00:00 AM,9/21/2015 12:00:00 AM,12884,6954,5930
6/24/2015 12:00:00 AM,9/22/2015 12:00:00 AM,11639,5709,5930
6/24/2015 12:00:00 AM,9/23/2015 12:00:00 AM,12419,5709,6710
6/23/2015 12:00:00 AM,6/24/2015 12:00:00 AM,101,20,81
6/23/2015 12:00:00 AM,6/25/2015 12:00:00 AM,166,20,146
6/23/2015 12:00:00 AM,6/26/2015 12:00:00 AM,101,20,81
6/23/2015 12:00:00 AM,6/27/2015 12:00:00 AM,52,19,33
6/23/2015 12:00:00 AM,6/28/2015 12:00:00 AM,52,19,33
6/23/2015 12:00:00 AM,6/29/2015 12:00:00 AM,53,20,33
6/23/2015 12:00:00 AM,6/30/2015 12:00:00 AM,53,20,33
6/23/2015 12:00:00 AM,7/1/2015 12:00:00 AM,53,20,33
6/23/2015 12:00:00 AM,7/2/2015 12:00:00 AM,53,20,33
6/23/2015 12:00:00 AM,7/3/2015 12:00:00 AM,53,20,33
6/23/2015 12:00:00 AM,7/4/2015 12:00:00 AM,52,19,33
6/23/2015 12:00:00 AM,7/5/2015 12:00:00 AM,52,19,33
6/23/2015 12:00:00 AM,7/6/2015 12:00:00 AM,52,19,33
6/23/2015 12:00:00 AM,7/7/2015 12:00:00 AM,52,19,33
6/23/2015 12:00:00 AM,7/8/2015 12:00:00 AM,52,19,33
6/23/2015 12:00:00 AM,7/9/2015 12:00:00 AM,52,19,33
6/23/2015 12:00:00 AM,7/10/2015 12:00:00 AM,52,19,33
6/23/2015 12:00:00 AM,7/11/2015 12:00:00 AM,22,22,0
6/23/2015 12:00:00 AM,7/12/2015 12:00:00 AM,22,22,0
6/23/2015 12:00:00 AM,7/13/2015 12:00:00 AM,36,36,0
6/23/2015 12:00:00 AM,7/14/2015 12:00:00 AM,36,36,0
6/23/2015 12:00:00 AM,7/15/2015 12:00:00 AM,58,37,21
6/23/2015 12:00:00 AM,7/16/2015 12:00:00 AM,37,37,0
6/23/2015 12:00:00 AM,7/17/2015 12:00:00 AM,37,37,0
6/23/2015 12:00:00 AM,7/18/2015 12:00:00 AM,36,36,0
6/23/2015 12:00:00 AM,7/19/2015 12:00:00 AM,23,23,0
6/23/2015 12:00:00 AM,7/20/2015 12:00:00 AM,69,36,33
6/23/2015 12:00:00 AM,7/21/2015 12:00:00 AM,134,36,98
6/23/2015 12:00:00 AM,7/22/2015 12:00:00 AM,199,36,163
6/23/2015 12:00:00 AM,7/23/2015 12:00:00 AM,134,36,98
6/23/2015 12:00:00 AM,7/24/2015 12:00:00 AM,134,36,98
6/23/2015 12:00:00 AM,7/25/2015 12:00:00 AM,134,36,98
6/23/2015 12:00:00 AM,7/26/2015 12:00:00 AM,121,23,98
6/23/2015 12:00:00 AM,7/27/2015 12:00:00 AM,134,36,98
6/23/2015 12:00:00 AM,7/28/2015 12:00:00 AM,134,36,98
6/23/2015 12:00:00 AM,7/29/2015 12:00:00 AM,134,36,98
6/23/2015 12:00:00 AM,7/30/2015 12:00:00 AM,134,36,98
6/23/2015 12:00:00 AM,7/31/2015 12:00:00 AM,134,36,98
6/23/2015 12:00:00 AM,8/1/2015 12:00:00 AM,101,36,65
6/23/2015 12:00:00 AM,8/2/2015 12:00:00 AM,88,23,65
6/23/2015 12:00:00 AM,8/3/2015 12:00:00 AM,133,36,97
6/23/2015 12:00:00 AM,8/4/2015 12:00:00 AM,132,35,97
6/23/2015 12:00:00 AM,8/5/2015 12:00:00 AM,132,35,97
6/23/2015 12:00:00 AM,8/6/2015 12:00:00 AM,132,35,97
6/23/2015 12:00:00 AM,8/7/2015 12:00:00 AM,132,35,97
6/23/2015 12:00:00 AM,8/8/2015 12:00:00 AM,132,35,97
6/23/2015 12:00:00 AM,8/9/2015 12:00:00 AM,119,22,97
6/23/2015 12:00:00 AM,8/10/2015 12:00:00 AM,197,35,162
6/23/2015 12:00:00 AM,8/11/2015 12:00:00 AM,197,35,162
6/23/2015 12:00:00 AM,8/12/2015 12:00:00 AM,262,35,227
6/23/2015 12:00:00 AM,8/13/2015 12:00:00 AM,197,35,162
6/23/2015 12:00:00 AM,8/14/2015 12:00:00 AM,197,35,162
6/23/2015 12:00:00 AM,8/15/2015 12:00:00 AM,184,22,162
6/23/2015 12:00:00 AM,8/16/2015 12:00:00 AM,184,22,162
6/23/2015 12:00:00 AM,8/17/2015 12:00:00 AM,383,220,163
6/23/2015 12:00:00 AM,8/18/2015 12:00:00 AM,383,220,163
6/23/2015 12:00:00 AM,8/19/2015 12:00:00 AM,380,217,163
6/23/2015 12:00:00 AM,8/20/2015 12:00:00 AM,315,217,98
6/23/2015 12:00:00 AM,8/21/2015 12:00:00 AM,117,19,98
6/23/2015 12:00:00 AM,8/22/2015 12:00:00 AM,117,19,98
6/23/2015 12:00:00 AM,8/23/2015 12:00:00 AM,117,19,98
6/23/2015 12:00:00 AM,8/24/2015 12:00:00 AM,162,32,130
6/23/2015 12:00:00 AM,8/25/2015 12:00:00 AM,162,32,130
6/23/2015 12:00:00 AM,8/26/2015 12:00:00 AM,162,32,130
6/23/2015 12:00:00 AM,8/27/2015 12:00:00 AM,162,32,130
6/23/2015 12:00:00 AM,8/28/2015 12:00:00 AM,162,32,130
6/23/2015 12:00:00 AM,8/29/2015 12:00:00 AM,148,19,129
6/23/2015 12:00:00 AM,8/30/2015 12:00:00 AM,368,19,349
6/23/2015 12:00:00 AM,8/31/2015 12:00:00 AM,362,13,349
6/23/2015 12:00:00 AM,9/1/2015 12:00:00 AM,399,26,373
6/23/2015 12:00:00 AM,9/2/2015 12:00:00 AM,399,26,373
6/23/2015 12:00:00 AM,9/3/2015 12:00:00 AM,399,26,373
6/23/2015 12:00:00 AM,9/4/2015 12:00:00 AM,399,26,373
6/23/2015 12:00:00 AM,9/5/2015 12:00:00 AM,386,13,373
6/23/2015 12:00:00 AM,9/6/2015 12:00:00 AM,166,13,153
6/23/2015 12:00:00 AM,9/7/2015 12:00:00 AM,215,13,202
6/23/2015 12:00:00 AM,9/8/2015 12:00:00 AM,226,13,213
6/23/2015 12:00:00 AM,9/9/2015 12:00:00 AM,291,13,278
6/23/2015 12:00:00 AM,9/10/2015 12:00:00 AM,226,13,213
6/23/2015 12:00:00 AM,9/11/2015 12:00:00 AM,226,13,213
6/23/2015 12:00:00 AM,9/12/2015 12:00:00 AM,7673,4854,2819
6/23/2015 12:00:00 AM,9/13/2015 12:00:00 AM,8675,5354,3321
6/23/2015 12:00:00 AM,9/14/2015 12:00:00 AM,10449,6568,3881
6/23/2015 12:00:00 AM,9/15/2015 12:00:00 AM,10449,6568,3881
6/23/2015 12:00:00 AM,9/16/2015 12:00:00 AM,10914,6568,4346
6/23/2015 12:00:00 AM,9/17/2015 12:00:00 AM,10353,6007,4346
6/23/2015 12:00:00 AM,9/18/2015 12:00:00 AM,10821,6475,4346
6/23/2015 12:00:00 AM,9/19/2015 12:00:00 AM,11452,6804,4648
6/23/2015 12:00:00 AM,9/20/2015 12:00:00 AM,11648,6989,4659
6/23/2015 12:00:00 AM,9/21/2015 12:00:00 AM,12884,6954,5930
6/23/2015 12:00:00 AM,9/22/2015 12:00:00 AM,11639,5709,5930
6/22/2015 12:00:00 AM,6/23/2015 12:00:00 AM,101,20,81
6/22/2015 12:00:00 AM,6/24/2015 12:00:00 AM,101,20,81
6/22/2015 12:00:00 AM,6/25/2015 12:00:00 AM,166,20,146
6/22/2015 12:00:00 AM,6/26/2015 12:00:00 AM,101,20,81
6/22/2015 12:00:00 AM,6/27/2015 12:00:00 AM,52,19,33
6/22/2015 12:00:00 AM,6/28/2015 12:00:00 AM,52,19,33
6/22/2015 12:00:00 AM,6/29/2015 12:00:00 AM,53,20,33
6/22/2015 12:00:00 AM,6/30/2015 12:00:00 AM,53,20,33
6/22/2015 12:00:00 AM,7/1/2015 12:00:00 AM,53,20,33
6/22/2015 12:00:00 AM,7/2/2015 12:00:00 AM,53,20,33
6/22/2015 12:00:00 AM,7/3/2015 12:00:00 AM,53,20,33
6/22/2015 12:00:00 AM,7/4/2015 12:00:00 AM,52,19,33
6/22/2015 12:00:00 AM,7/5/2015 12:00:00 AM,52,19,33
6/22/2015 12:00:00 AM,7/6/2015 12:00:00 AM,52,19,33
6/22/2015 12:00:00 AM,7/7/2015 12:00:00 AM,52,19,33
6/22/2015 12:00:00 AM,7/8/2015 12:00:00 AM,117,19,98
6/22/2015 12:00:00 AM,7/9/2015 12:00:00 AM,52,19,33
6/22/2015 12:00:00 AM,7/10/2015 12:00:00 AM,52,19,33
6/22/2015 12:00:00 AM,7/11/2015 12:00:00 AM,22,22,0
6/22/2015 12:00:00 AM,7/12/2015 12:00:00 AM,22,22,0
6/22/2015 12:00:00 AM,7/13/2015 12:00:00 AM,36,36,0
6/22/2015 12:00:00 AM,7/14/2015 12:00:00 AM,36,36,0
6/22/2015 12:00:00 AM,7/15/2015 12:00:00 AM,58,37,21
6/22/2015 12:00:00 AM,7/16/2015 12:00:00 AM,37,37,0
6/22/2015 12:00:00 AM,7/17/2015 12:00:00 AM,37,37,0
6/22/2015 12:00:00 AM,7/18/2015 12:00:00 AM,36,36,0
6/22/2015 12:00:00 AM,7/19/2015 12:00:00 AM,23,23,0
6/22/2015 12:00:00 AM,7/20/2015 12:00:00 AM,69,36,33
6/22/2015 12:00:00 AM,7/21/2015 12:00:00 AM,134,36,98
6/22/2015 12:00:00 AM,7/22/2015 12:00:00 AM,134,36,98
6/22/2015 12:00:00 AM,7/23/2015 12:00:00 AM,134,36,98
6/22/2015 12:00:00 AM,7/24/2015 12:00:00 AM,134,36,98
6/22/2015 12:00:00 AM,7/25/2015 12:00:00 AM,134,36,98
6/22/2015 12:00:00 AM,7/26/2015 12:00:00 AM,121,23,98
6/22/2015 12:00:00 AM,7/27/2015 12:00:00 AM,134,36,98
6/22/2015 12:00:00 AM,7/28/2015 12:00:00 AM,134,36,98
6/22/2015 12:00:00 AM,7/29/2015 12:00:00 AM,134,36,98
6/22/2015 12:00:00 AM,7/30/2015 12:00:00 AM,134,36,98
6/22/2015 12:00:00 AM,7/31/2015 12:00:00 AM,134,36,98
6/22/2015 12:00:00 AM,8/1/2015 12:00:00 AM,101,36,65
6/22/2015 12:00:00 AM,8/2/2015 12:00:00 AM,88,23,65
6/22/2015 12:00:00 AM,8/3/2015 12:00:00 AM,133,36,97
6/22/2015 12:00:00 AM,8/4/2015 12:00:00 AM,132,35,97
6/22/2015 12:00:00 AM,8/5/2015 12:00:00 AM,132,35,97
6/22/2015 12:00:00 AM,8/6/2015 12:00:00 AM,132,35,97
6/22/2015 12:00:00 AM,8/7/2015 12:00:00 AM,132,35,97
6/22/2015 12:00:00 AM,8/8/2015 12:00:00 AM,132,35,97
6/22/2015 12:00:00 AM,8/9/2015 12:00:00 AM,119,22,97
6/22/2015 12:00:00 AM,8/10/2015 12:00:00 AM,197,35,162
6/22/2015 12:00:00 AM,8/11/2015 12:00:00 AM,197,35,162
6/22/2015 12:00:00 AM,8/12/2015 12:00:00 AM,262,35,227
6/22/2015 12:00:00 AM,8/13/2015 12:00:00 AM,197,35,162
6/22/2015 12:00:00 AM,8/14/2015 12:00:00 AM,197,35,162
6/22/2015 12:00:00 AM,8/15/2015 12:00:00 AM,184,22,162
6/22/2015 12:00:00 AM,8/16/2015 12:00:00 AM,184,22,162
6/22/2015 12:00:00 AM,8/17/2015 12:00:00 AM,383,220,163
6/22/2015 12:00:00 AM,8/18/2015 12:00:00 AM,383,220,163
6/22/2015 12:00:00 AM,8/19/2015 12:00:00 AM,380,217,163
6/22/2015 12:00:00 AM,8/20/2015 12:00:00 AM,315,217,98
6/22/2015 12:00:00 AM,8/21/2015 12:00:00 AM,117,19,98
6/22/2015 12:00:00 AM,8/22/2015 12:00:00 AM,117,19,98
6/22/2015 12:00:00 AM,8/23/2015 12:00:00 AM,117,19,98
6/22/2015 12:00:00 AM,8/24/2015 12:00:00 AM,162,32,130
6/22/2015 12:00:00 AM,8/25/2015 12:00:00 AM,162,32,130
6/22/2015 12:00:00 AM,8/26/2015 12:00:00 AM,162,32,130
6/22/2015 12:00:00 AM,8/27/2015 12:00:00 AM,162,32,130
6/22/2015 12:00:00 AM,8/28/2015 12:00:00 AM,162,32,130
6/22/2015 12:00:00 AM,8/29/2015 12:00:00 AM,148,19,129
6/22/2015 12:00:00 AM,8/30/2015 12:00:00 AM,368,19,349
6/22/2015 12:00:00 AM,8/31/2015 12:00:00 AM,362,13,349
6/22/2015 12:00:00 AM,9/1/2015 12:00:00 AM,399,26,373
6/22/2015 12:00:00 AM,9/2/2015 12:00:00 AM,399,26,373
6/22/2015 12:00:00 AM,9/3/2015 12:00:00 AM,399,26,373
6/22/2015 12:00:00 AM,9/4/2015 12:00:00 AM,399,26,373
6/22/2015 12:00:00 AM,9/5/2015 12:00:00 AM,386,13,373
6/22/2015 12:00:00 AM,9/6/2015 12:00:00 AM,166,13,153
6/22/2015 12:00:00 AM,9/7/2015 12:00:00 AM,215,13,202
6/22/2015 12:00:00 AM,9/8/2015 12:00:00 AM,226,13,213
6/22/2015 12:00:00 AM,9/9/2015 12:00:00 AM,291,13,278
6/22/2015 12:00:00 AM,9/10/2015 12:00:00 AM,226,13,213
6/22/2015 12:00:00 AM,9/11/2015 12:00:00 AM,226,13,213
6/22/2015 12:00:00 AM,9/12/2015 12:00:00 AM,7673,4854,2819
6/22/2015 12:00:00 AM,9/13/2015 12:00:00 AM,8675,5354,3321
6/22/2015 12:00:00 AM,9/14/2015 12:00:00 AM,10449,6568,3881
6/22/2015 12:00:00 AM,9/15/2015 12:00:00 AM,10449,6568,3881
6/22/2015 12:00:00 AM,9/16/2015 12:00:00 AM,10914,6568,4346
6/22/2015 12:00:00 AM,9/17/2015 12:00:00 AM,10353,6007,4346
6/22/2015 12:00:00 AM,9/18/2015 12:00:00 AM,10821,6475,4346
6/22/2015 12:00:00 AM,9/19/2015 12:00:00 AM,11452,6804,4648
6/22/2015 12:00:00 AM,9/20/2015 12:00:00 AM,11648,6989,4659
6/22/2015 12:00:00 AM,9/21/2015 12:00:00 AM,12884,6954,5930
6/21/2015 12:00:00 AM,6/22/2015 12:00:00 AM,101,20,81
6/21/2015 12:00:00 AM,6/23/2015 12:00:00 AM,101,20,81
6/21/2015 12:00:00 AM,6/24/2015 12:00:00 AM,101,20,81
6/21/2015 12:00:00 AM,6/25/2015 12:00:00 AM,166,20,146
6/21/2015 12:00:00 AM,6/26/2015 12:00:00 AM,101,20,81
6/21/2015 12:00:00 AM,6/27/2015 12:00:00 AM,52,19,33
6/21/2015 12:00:00 AM,6/28/2015 12:00:00 AM,52,19,33
6/21/2015 12:00:00 AM,6/29/2015 12:00:00 AM,53,20,33
6/21/2015 12:00:00 AM,6/30/2015 12:00:00 AM,53,20,33
6/21/2015 12:00:00 AM,7/1/2015 12:00:00 AM,53,20,33
6/21/2015 12:00:00 AM,7/2/2015 12:00:00 AM,53,20,33
6/21/2015 12:00:00 AM,7/3/2015 12:00:00 AM,53,20,33
6/21/2015 12:00:00 AM,7/4/2015 12:00:00 AM,52,19,33
6/21/2015 12:00:00 AM,7/5/2015 12:00:00 AM,52,19,33
6/21/2015 12:00:00 AM,7/6/2015 12:00:00 AM,52,19,33
6/21/2015 12:00:00 AM,7/7/2015 12:00:00 AM,52,19,33
6/21/2015 12:00:00 AM,7/8/2015 12:00:00 AM,117,19,98
6/21/2015 12:00:00 AM,7/9/2015 12:00:00 AM,52,19,33
6/21/2015 12:00:00 AM,7/10/2015 12:00:00 AM,52,19,33
6/21/2015 12:00:00 AM,7/11/2015 12:00:00 AM,22,22,0
6/21/2015 12:00:00 AM,7/12/2015 12:00:00 AM,22,22,0
6/21/2015 12:00:00 AM,7/13/2015 12:00:00 AM,36,36,0
6/21/2015 12:00:00 AM,7/14/2015 12:00:00 AM,36,36,0
6/21/2015 12:00:00 AM,7/15/2015 12:00:00 AM,58,37,21
6/21/2015 12:00:00 AM,7/16/2015 12:00:00 AM,37,37,0
6/21/2015 12:00:00 AM,7/17/2015 12:00:00 AM,37,37,0
6/21/2015 12:00:00 AM,7/18/2015 12:00:00 AM,36,36,0
6/21/2015 12:00:00 AM,7/19/2015 12:00:00 AM,23,23,0
6/21/2015 12:00:00 AM,7/20/2015 12:00:00 AM,69,36,33
6/21/2015 12:00:00 AM,7/21/2015 12:00:00 AM,134,36,98
6/21/2015 12:00:00 AM,7/22/2015 12:00:00 AM,134,36,98
6/21/2015 12:00:00 AM,7/23/2015 12:00:00 AM,134,36,98
6/21/2015 12:00:00 AM,7/24/2015 12:00:00 AM,134,36,98
6/21/2015 12:00:00 AM,7/25/2015 12:00:00 AM,134,36,98
6/21/2015 12:00:00 AM,7/26/2015 12:00:00 AM,121,23,98
6/21/2015 12:00:00 AM,7/27/2015 12:00:00 AM,134,36,98
6/21/2015 12:00:00 AM,7/28/2015 12:00:00 AM,134,36,98
6/21/2015 12:00:00 AM,7/29/2015 12:00:00 AM,134,36,98
6/21/2015 12:00:00 AM,7/30/2015 12:00:00 AM,134,36,98
6/21/2015 12:00:00 AM,7/31/2015 12:00:00 AM,134,36,98
6/21/2015 12:00:00 AM,8/1/2015 12:00:00 AM,101,36,65
6/21/2015 12:00:00 AM,8/2/2015 12:00:00 AM,88,23,65
6/21/2015 12:00:00 AM,8/3/2015 12:00:00 AM,133,36,97
6/21/2015 12:00:00 AM,8/4/2015 12:00:00 AM,132,35,97
6/21/2015 12:00:00 AM,8/5/2015 12:00:00 AM,132,35,97
6/21/2015 12:00:00 AM,8/6/2015 12:00:00 AM,132,35,97
6/21/2015 12:00:00 AM,8/7/2015 12:00:00 AM,132,35,97
6/21/2015 12:00:00 AM,8/8/2015 12:00:00 AM,132,35,97
6/21/2015 12:00:00 AM,8/9/2015 12:00:00 AM,119,22,97
6/21/2015 12:00:00 AM,8/10/2015 12:00:00 AM,197,35,162
6/21/2015 12:00:00 AM,8/11/2015 12:00:00 AM,197,35,162
6/21/2015 12:00:00 AM,8/12/2015 12:00:00 AM,262,35,227
6/21/2015 12:00:00 AM,8/13/2015 12:00:00 AM,197,35,162
6/21/2015 12:00:00 AM,8/14/2015 12:00:00 AM,197,35,162
6/21/2015 12:00:00 AM,8/15/2015 12:00:00 AM,184,22,162
6/21/2015 12:00:00 AM,8/16/2015 12:00:00 AM,184,22,162
6/21/2015 12:00:00 AM,8/17/2015 12:00:00 AM,383,220,163
6/21/2015 12:00:00 AM,8/18/2015 12:00:00 AM,383,220,163
6/21/2015 12:00:00 AM,8/19/2015 12:00:00 AM,380,217,163
6/21/2015 12:00:00 AM,8/20/2015 12:00:00 AM,315,217,98
6/21/2015 12:00:00 AM,8/21/2015 12:00:00 AM,117,19,98
6/21/2015 12:00:00 AM,8/22/2015 12:00:00 AM,117,19,98
6/21/2015 12:00:00 AM,8/23/2015 12:00:00 AM,117,19,98
6/21/2015 12:00:00 AM,8/24/2015 12:00:00 AM,162,32,130
6/21/2015 12:00:00 AM,8/25/2015 12:00:00 AM,162,32,130
6/21/2015 12:00:00 AM,8/26/2015 12:00:00 AM,162,32,130
6/21/2015 12:00:00 AM,8/27/2015 12:00:00 AM,162,32,130
6/21/2015 12:00:00 AM,8/28/2015 12:00:00 AM,162,32,130
6/21/2015 12:00:00 AM,8/29/2015 12:00:00 AM,148,19,129
6/21/2015 12:00:00 AM,8/30/2015 12:00:00 AM,368,19,349
6/21/2015 12:00:00 AM,8/31/2015 12:00:00 AM,362,13,349
6/21/2015 12:00:00 AM,9/1/2015 12:00:00 AM,399,26,373
6/21/2015 12:00:00 AM,9/2/2015 12:00:00 AM,399,26,373
6/21/2015 12:00:00 AM,9/3/2015 12:00:00 AM,399,26,373
6/21/2015 12:00:00 AM,9/4/2015 12:00:00 AM,399,26,373
6/21/2015 12:00:00 AM,9/5/2015 12:00:00 AM,386,13,373
6/21/2015 12:00:00 AM,9/6/2015 12:00:00 AM,166,13,153
6/21/2015 12:00:00 AM,9/7/2015 12:00:00 AM,215,13,202
6/21/2015 12:00:00 AM,9/8/2015 12:00:00 AM,226,13,213
6/21/2015 12:00:00 AM,9/9/2015 12:00:00 AM,291,13,278
6/21/2015 12:00:00 AM,9/10/2015 12:00:00 AM,226,13,213
6/21/2015 12:00:00 AM,9/11/2015 12:00:00 AM,226,13,213
6/21/2015 12:00:00 AM,9/12/2015 12:00:00 AM,7673,4854,2819
6/21/2015 12:00:00 AM,9/13/2015 12:00:00 AM,8675,5354,3321
6/21/2015 12:00:00 AM,9/14/2015 12:00:00 AM,10449,6568,3881
6/21/2015 12:00:00 AM,9/15/2015 12:00:00 AM,10449,6568,3881
6/21/2015 12:00:00 AM,9/16/2015 12:00:00 AM,10914,6568,4346
6/21/2015 12:00:00 AM,9/17/2015 12:00:00 AM,10353,6007,4346
6/21/2015 12:00:00 AM,9/18/2015 12:00:00 AM,10821,6475,4346
6/21/2015 12:00:00 AM,9/19/2015 12:00:00 AM,11452,6804,4648
6/21/2015 12:00:00 AM,9/20/2015 12:00:00 AM,11648,6989,4659
6/20/2015 12:00:00 AM,6/21/2015 12:00:00 AM,100,19,81
6/20/2015 12:00:00 AM,6/22/2015 12:00:00 AM,101,20,81
6/20/2015 12:00:00 AM,6/23/2015 12:00:00 AM,101,20,81
6/20/2015 12:00:00 AM,6/24/2015 12:00:00 AM,101,20,81
6/20/2015 12:00:00 AM,6/25/2015 12:00:00 AM,166,20,146
6/20/2015 12:00:00 AM,6/26/2015 12:00:00 AM,101,20,81
6/20/2015 12:00:00 AM,6/27/2015 12:00:00 AM,52,19,33
6/20/2015 12:00:00 AM,6/28/2015 12:00:00 AM,52,19,33
6/20/2015 12:00:00 AM,6/29/2015 12:00:00 AM,53,20,33
6/20/2015 12:00:00 AM,6/30/2015 12:00:00 AM,53,20,33
6/20/2015 12:00:00 AM,7/1/2015 12:00:00 AM,53,20,33
6/20/2015 12:00:00 AM,7/2/2015 12:00:00 AM,53,20,33
6/20/2015 12:00:00 AM,7/3/2015 12:00:00 AM,53,20,33
6/20/2015 12:00:00 AM,7/4/2015 12:00:00 AM,52,19,33
6/20/2015 12:00:00 AM,7/5/2015 12:00:00 AM,52,19,33
6/20/2015 12:00:00 AM,7/6/2015 12:00:00 AM,52,19,33
6/20/2015 12:00:00 AM,7/7/2015 12:00:00 AM,52,19,33
6/20/2015 12:00:00 AM,7/8/2015 12:00:00 AM,117,19,98
6/20/2015 12:00:00 AM,7/9/2015 12:00:00 AM,52,19,33
6/20/2015 12:00:00 AM,7/10/2015 12:00:00 AM,52,19,33
6/20/2015 12:00:00 AM,7/11/2015 12:00:00 AM,22,22,0
6/20/2015 12:00:00 AM,7/12/2015 12:00:00 AM,22,22,0
6/20/2015 12:00:00 AM,7/13/2015 12:00:00 AM,36,36,0
6/20/2015 12:00:00 AM,7/14/2015 12:00:00 AM,36,36,0
6/20/2015 12:00:00 AM,7/15/2015 12:00:00 AM,58,37,21
6/20/2015 12:00:00 AM,7/16/2015 12:00:00 AM,37,37,0
6/20/2015 12:00:00 AM,7/17/2015 12:00:00 AM,37,37,0
6/20/2015 12:00:00 AM,7/18/2015 12:00:00 AM,36,36,0
6/20/2015 12:00:00 AM,7/19/2015 12:00:00 AM,23,23,0
6/20/2015 12:00:00 AM,7/20/2015 12:00:00 AM,69,36,33
6/20/2015 12:00:00 AM,7/21/2015 12:00:00 AM,134,36,98
6/20/2015 12:00:00 AM,7/22/2015 12:00:00 AM,134,36,98
6/20/2015 12:00:00 AM,7/23/2015 12:00:00 AM,134,36,98
6/20/2015 12:00:00 AM,7/24/2015 12:00:00 AM,134,36,98
6/20/2015 12:00:00 AM,7/25/2015 12:00:00 AM,134,36,98
6/20/2015 12:00:00 AM,7/26/2015 12:00:00 AM,121,23,98
6/20/2015 12:00:00 AM,7/27/2015 12:00:00 AM,134,36,98
6/20/2015 12:00:00 AM,7/28/2015 12:00:00 AM,134,36,98
6/20/2015 12:00:00 AM,7/29/2015 12:00:00 AM,134,36,98
6/20/2015 12:00:00 AM,7/30/2015 12:00:00 AM,134,36,98
6/20/2015 12:00:00 AM,7/31/2015 12:00:00 AM,134,36,98
6/20/2015 12:00:00 AM,8/1/2015 12:00:00 AM,101,36,65
6/20/2015 12:00:00 AM,8/2/2015 12:00:00 AM,88,23,65
6/20/2015 12:00:00 AM,8/3/2015 12:00:00 AM,133,36,97
6/20/2015 12:00:00 AM,8/4/2015 12:00:00 AM,132,35,97
6/20/2015 12:00:00 AM,8/5/2015 12:00:00 AM,132,35,97
6/20/2015 12:00:00 AM,8/6/2015 12:00:00 AM,132,35,97
6/20/2015 12:00:00 AM,8/7/2015 12:00:00 AM,132,35,97
6/20/2015 12:00:00 AM,8/8/2015 12:00:00 AM,132,35,97
6/20/2015 12:00:00 AM,8/9/2015 12:00:00 AM,119,22,97
6/20/2015 12:00:00 AM,8/10/2015 12:00:00 AM,197,35,162
6/20/2015 12:00:00 AM,8/11/2015 12:00:00 AM,197,35,162
6/20/2015 12:00:00 AM,8/12/2015 12:00:00 AM,262,35,227
6/20/2015 12:00:00 AM,8/13/2015 12:00:00 AM,197,35,162
6/20/2015 12:00:00 AM,8/14/2015 12:00:00 AM,197,35,162
6/20/2015 12:00:00 AM,8/15/2015 12:00:00 AM,184,22,162
6/20/2015 12:00:00 AM,8/16/2015 12:00:00 AM,184,22,162
6/20/2015 12:00:00 AM,8/17/2015 12:00:00 AM,383,220,163
6/20/2015 12:00:00 AM,8/18/2015 12:00:00 AM,383,220,163
6/20/2015 12:00:00 AM,8/19/2015 12:00:00 AM,380,217,163
6/20/2015 12:00:00 AM,8/20/2015 12:00:00 AM,315,217,98
6/20/2015 12:00:00 AM,8/21/2015 12:00:00 AM,117,19,98
6/20/2015 12:00:00 AM,8/22/2015 12:00:00 AM,117,19,98
6/20/2015 12:00:00 AM,8/23/2015 12:00:00 AM,117,19,98
6/20/2015 12:00:00 AM,8/24/2015 12:00:00 AM,162,32,130
6/20/2015 12:00:00 AM,8/25/2015 12:00:00 AM,162,32,130
6/20/2015 12:00:00 AM,8/26/2015 12:00:00 AM,162,32,130
6/20/2015 12:00:00 AM,8/27/2015 12:00:00 AM,162,32,130
6/20/2015 12:00:00 AM,8/28/2015 12:00:00 AM,162,32,130
6/20/2015 12:00:00 AM,8/29/2015 12:00:00 AM,148,19,129
6/20/2015 12:00:00 AM,8/30/2015 12:00:00 AM,368,19,349
6/20/2015 12:00:00 AM,8/31/2015 12:00:00 AM,362,13,349
6/20/2015 12:00:00 AM,9/1/2015 12:00:00 AM,399,26,373
6/20/2015 12:00:00 AM,9/2/2015 12:00:00 AM,399,26,373
6/20/2015 12:00:00 AM,9/3/2015 12:00:00 AM,399,26,373
6/20/2015 12:00:00 AM,9/4/2015 12:00:00 AM,399,26,373
6/20/2015 12:00:00 AM,9/5/2015 12:00:00 AM,386,13,373
6/20/2015 12:00:00 AM,9/6/2015 12:00:00 AM,166,13,153
6/20/2015 12:00:00 AM,9/7/2015 12:00:00 AM,215,13,202
6/20/2015 12:00:00 AM,9/8/2015 12:00:00 AM,226,13,213
6/20/2015 12:00:00 AM,9/9/2015 12:00:00 AM,291,13,278
6/20/2015 12:00:00 AM,9/10/2015 12:00:00 AM,226,13,213
6/20/2015 12:00:00 AM,9/11/2015 12:00:00 AM,226,13,213
6/20/2015 12:00:00 AM,9/12/2015 12:00:00 AM,7673,4854,2819
6/20/2015 12:00:00 AM,9/13/2015 12:00:00 AM,8675,5354,3321
6/20/2015 12:00:00 AM,9/14/2015 12:00:00 AM,10449,6568,3881
6/20/2015 12:00:00 AM,9/15/2015 12:00:00 AM,10449,6568,3881
6/20/2015 12:00:00 AM,9/16/2015 12:00:00 AM,10914,6568,4346
6/20/2015 12:00:00 AM,9/17/2015 12:00:00 AM,10353,6007,4346
6/20/2015 12:00:00 AM,9/18/2015 12:00:00 AM,10821,6475,4346
6/20/2015 12:00:00 AM,9/19/2015 12:00:00 AM,11452,6804,4648
6/19/2015 12:00:00 AM,6/20/2015 12:00:00 AM,100,19,81
6/19/2015 12:00:00 AM,6/21/2015 12:00:00 AM,100,19,81
6/19/2015 12:00:00 AM,6/22/2015 12:00:00 AM,101,20,81
6/19/2015 12:00:00 AM,6/23/2015 12:00:00 AM,101,20,81
6/19/2015 12:00:00 AM,6/24/2015 12:00:00 AM,101,20,81
6/19/2015 12:00:00 AM,6/25/2015 12:00:00 AM,166,20,146
6/19/2015 12:00:00 AM,6/26/2015 12:00:00 AM,101,20,81
6/19/2015 12:00:00 AM,6/27/2015 12:00:00 AM,52,19,33
6/19/2015 12:00:00 AM,6/28/2015 12:00:00 AM,52,19,33
6/19/2015 12:00:00 AM,6/29/2015 12:00:00 AM,53,20,33
6/19/2015 12:00:00 AM,6/30/2015 12:00:00 AM,53,20,33
6/19/2015 12:00:00 AM,7/1/2015 12:00:00 AM,53,20,33
6/19/2015 12:00:00 AM,7/2/2015 12:00:00 AM,53,20,33
6/19/2015 12:00:00 AM,7/3/2015 12:00:00 AM,53,20,33
6/19/2015 12:00:00 AM,7/4/2015 12:00:00 AM,52,19,33
6/19/2015 12:00:00 AM,7/5/2015 12:00:00 AM,52,19,33
6/19/2015 12:00:00 AM,7/6/2015 12:00:00 AM,52,19,33
6/19/2015 12:00:00 AM,7/7/2015 12:00:00 AM,52,19,33
6/19/2015 12:00:00 AM,7/8/2015 12:00:00 AM,117,19,98
6/19/2015 12:00:00 AM,7/9/2015 12:00:00 AM,52,19,33
6/19/2015 12:00:00 AM,7/10/2015 12:00:00 AM,52,19,33
6/19/2015 12:00:00 AM,7/11/2015 12:00:00 AM,22,22,0
6/19/2015 12:00:00 AM,7/12/2015 12:00:00 AM,22,22,0
6/19/2015 12:00:00 AM,7/13/2015 12:00:00 AM,36,36,0
6/19/2015 12:00:00 AM,7/14/2015 12:00:00 AM,36,36,0
6/19/2015 12:00:00 AM,7/15/2015 12:00:00 AM,58,37,21
6/19/2015 12:00:00 AM,7/16/2015 12:00:00 AM,37,37,0
6/19/2015 12:00:00 AM,7/17/2015 12:00:00 AM,37,37,0
6/19/2015 12:00:00 AM,7/18/2015 12:00:00 AM,36,36,0
6/19/2015 12:00:00 AM,7/19/2015 12:00:00 AM,23,23,0
6/19/2015 12:00:00 AM,7/20/2015 12:00:00 AM,69,36,33
6/19/2015 12:00:00 AM,7/21/2015 12:00:00 AM,134,36,98
6/19/2015 12:00:00 AM,7/22/2015 12:00:00 AM,134,36,98
6/19/2015 12:00:00 AM,7/23/2015 12:00:00 AM,134,36,98
6/19/2015 12:00:00 AM,7/24/2015 12:00:00 AM,134,36,98
6/19/2015 12:00:00 AM,7/25/2015 12:00:00 AM,134,36,98
6/19/2015 12:00:00 AM,7/26/2015 12:00:00 AM,121,23,98
6/19/2015 12:00:00 AM,7/27/2015 12:00:00 AM,134,36,98
6/19/2015 12:00:00 AM,7/28/2015 12:00:00 AM,134,36,98
6/19/2015 12:00:00 AM,7/29/2015 12:00:00 AM,134,36,98
6/19/2015 12:00:00 AM,7/30/2015 12:00:00 AM,134,36,98
6/19/2015 12:00:00 AM,7/31/2015 12:00:00 AM,134,36,98
6/19/2015 12:00:00 AM,8/1/2015 12:00:00 AM,101,36,65
6/19/2015 12:00:00 AM,8/2/2015 12:00:00 AM,88,23,65
6/19/2015 12:00:00 AM,8/3/2015 12:00:00 AM,133,36,97
6/19/2015 12:00:00 AM,8/4/2015 12:00:00 AM,132,35,97
6/19/2015 12:00:00 AM,8/5/2015 12:00:00 AM,132,35,97
6/19/2015 12:00:00 AM,8/6/2015 12:00:00 AM,132,35,97
6/19/2015 12:00:00 AM,8/7/2015 12:00:00 AM,132,35,97
6/19/2015 12:00:00 AM,8/8/2015 12:00:00 AM,132,35,97
6/19/2015 12:00:00 AM,8/9/2015 12:00:00 AM,119,22,97
6/19/2015 12:00:00 AM,8/10/2015 12:00:00 AM,197,35,162
6/19/2015 12:00:00 AM,8/11/2015 12:00:00 AM,197,35,162
6/19/2015 12:00:00 AM,8/12/2015 12:00:00 AM,262,35,227
6/19/2015 12:00:00 AM,8/13/2015 12:00:00 AM,197,35,162
6/19/2015 12:00:00 AM,8/14/2015 12:00:00 AM,197,35,162
6/19/2015 12:00:00 AM,8/15/2015 12:00:00 AM,184,22,162
6/19/2015 12:00:00 AM,8/16/2015 12:00:00 AM,184,22,162
6/19/2015 12:00:00 AM,8/17/2015 12:00:00 AM,383,220,163
6/19/2015 12:00:00 AM,8/18/2015 12:00:00 AM,383,220,163
6/19/2015 12:00:00 AM,8/19/2015 12:00:00 AM,380,217,163
6/19/2015 12:00:00 AM,8/20/2015 12:00:00 AM,315,217,98
6/19/2015 12:00:00 AM,8/21/2015 12:00:00 AM,117,19,98
6/19/2015 12:00:00 AM,8/22/2015 12:00:00 AM,117,19,98
6/19/2015 12:00:00 AM,8/23/2015 12:00:00 AM,117,19,98
6/19/2015 12:00:00 AM,8/24/2015 12:00:00 AM,162,32,130
6/19/2015 12:00:00 AM,8/25/2015 12:00:00 AM,162,32,130
6/19/2015 12:00:00 AM,8/26/2015 12:00:00 AM,162,32,130
6/19/2015 12:00:00 AM,8/27/2015 12:00:00 AM,162,32,130
6/19/2015 12:00:00 AM,8/28/2015 12:00:00 AM,162,32,130
6/19/2015 12:00:00 AM,8/29/2015 12:00:00 AM,148,19,129
6/19/2015 12:00:00 AM,8/30/2015 12:00:00 AM,368,19,349
6/19/2015 12:00:00 AM,8/31/2015 12:00:00 AM,362,13,349
6/19/2015 12:00:00 AM,9/1/2015 12:00:00 AM,399,26,373
6/19/2015 12:00:00 AM,9/2/2015 12:00:00 AM,399,26,373
6/19/2015 12:00:00 AM,9/3/2015 12:00:00 AM,399,26,373
6/19/2015 12:00:00 AM,9/4/2015 12:00:00 AM,399,26,373
6/19/2015 12:00:00 AM,9/5/2015 12:00:00 AM,386,13,373
6/19/2015 12:00:00 AM,9/6/2015 12:00:00 AM,166,13,153
6/19/2015 12:00:00 AM,9/7/2015 12:00:00 AM,215,13,202
6/19/2015 12:00:00 AM,9/8/2015 12:00:00 AM,226,13,213
6/19/2015 12:00:00 AM,9/9/2015 12:00:00 AM,291,13,278
6/19/2015 12:00:00 AM,9/10/2015 12:00:00 AM,226,13,213
6/19/2015 12:00:00 AM,9/11/2015 12:00:00 AM,226,13,213
6/19/2015 12:00:00 AM,9/12/2015 12:00:00 AM,7673,4854,2819
6/19/2015 12:00:00 AM,9/13/2015 12:00:00 AM,8675,5354,3321
6/19/2015 12:00:00 AM,9/14/2015 12:00:00 AM,10449,6568,3881
6/19/2015 12:00:00 AM,9/15/2015 12:00:00 AM,10449,6568,3881
6/19/2015 12:00:00 AM,9/16/2015 12:00:00 AM,10914,6568,4346
6/19/2015 12:00:00 AM,9/17/2015 12:00:00 AM,10353,6007,4346
6/19/2015 12:00:00 AM,9/18/2015 12:00:00 AM,10821,6475,4346
6/18/2015 12:00:00 AM,6/19/2015 12:00:00 AM,100,19,81
6/18/2015 12:00:00 AM,6/20/2015 12:00:00 AM,100,19,81
6/18/2015 12:00:00 AM,6/21/2015 12:00:00 AM,100,19,81
6/18/2015 12:00:00 AM,6/22/2015 12:00:00 AM,101,20,81
6/18/2015 12:00:00 AM,6/23/2015 12:00:00 AM,101,20,81
6/18/2015 12:00:00 AM,6/24/2015 12:00:00 AM,101,20,81
6/18/2015 12:00:00 AM,6/25/2015 12:00:00 AM,166,20,146
6/18/2015 12:00:00 AM,6/26/2015 12:00:00 AM,101,20,81
6/18/2015 12:00:00 AM,6/27/2015 12:00:00 AM,52,19,33
6/18/2015 12:00:00 AM,6/28/2015 12:00:00 AM,52,19,33
6/18/2015 12:00:00 AM,6/29/2015 12:00:00 AM,53,20,33
6/18/2015 12:00:00 AM,6/30/2015 12:00:00 AM,53,20,33
6/18/2015 12:00:00 AM,7/1/2015 12:00:00 AM,53,20,33
6/18/2015 12:00:00 AM,7/2/2015 12:00:00 AM,53,20,33
6/18/2015 12:00:00 AM,7/3/2015 12:00:00 AM,53,20,33
6/18/2015 12:00:00 AM,7/4/2015 12:00:00 AM,52,19,33
6/18/2015 12:00:00 AM,7/5/2015 12:00:00 AM,52,19,33
6/18/2015 12:00:00 AM,7/6/2015 12:00:00 AM,52,19,33
6/18/2015 12:00:00 AM,7/7/2015 12:00:00 AM,52,19,33
6/18/2015 12:00:00 AM,7/8/2015 12:00:00 AM,117,19,98
6/18/2015 12:00:00 AM,7/9/2015 12:00:00 AM,52,19,33
6/18/2015 12:00:00 AM,7/10/2015 12:00:00 AM,52,19,33
6/18/2015 12:00:00 AM,7/11/2015 12:00:00 AM,22,22,0
6/18/2015 12:00:00 AM,7/12/2015 12:00:00 AM,22,22,0
6/18/2015 12:00:00 AM,7/13/2015 12:00:00 AM,36,36,0
6/18/2015 12:00:00 AM,7/14/2015 12:00:00 AM,36,36,0
6/18/2015 12:00:00 AM,7/15/2015 12:00:00 AM,58,37,21
6/18/2015 12:00:00 AM,7/16/2015 12:00:00 AM,37,37,0
6/18/2015 12:00:00 AM,7/17/2015 12:00:00 AM,37,37,0
6/18/2015 12:00:00 AM,7/18/2015 12:00:00 AM,36,36,0
6/18/2015 12:00:00 AM,7/19/2015 12:00:00 AM,23,23,0
6/18/2015 12:00:00 AM,7/20/2015 12:00:00 AM,69,36,33
6/18/2015 12:00:00 AM,7/21/2015 12:00:00 AM,134,36,98
6/18/2015 12:00:00 AM,7/22/2015 12:00:00 AM,134,36,98
6/18/2015 12:00:00 AM,7/23/2015 12:00:00 AM,134,36,98
6/18/2015 12:00:00 AM,7/24/2015 12:00:00 AM,134,36,98
6/18/2015 12:00:00 AM,7/25/2015 12:00:00 AM,134,36,98
6/18/2015 12:00:00 AM,7/26/2015 12:00:00 AM,121,23,98
6/18/2015 12:00:00 AM,7/27/2015 12:00:00 AM,134,36,98
6/18/2015 12:00:00 AM,7/28/2015 12:00:00 AM,134,36,98
6/18/2015 12:00:00 AM,7/29/2015 12:00:00 AM,134,36,98
6/18/2015 12:00:00 AM,7/30/2015 12:00:00 AM,134,36,98
6/18/2015 12:00:00 AM,7/31/2015 12:00:00 AM,134,36,98
6/18/2015 12:00:00 AM,8/1/2015 12:00:00 AM,101,36,65
6/18/2015 12:00:00 AM,8/2/2015 12:00:00 AM,88,23,65
6/18/2015 12:00:00 AM,8/3/2015 12:00:00 AM,133,36,97
6/18/2015 12:00:00 AM,8/4/2015 12:00:00 AM,132,35,97
6/18/2015 12:00:00 AM,8/5/2015 12:00:00 AM,132,35,97
6/18/2015 12:00:00 AM,8/6/2015 12:00:00 AM,132,35,97
6/18/2015 12:00:00 AM,8/7/2015 12:00:00 AM,132,35,97
6/18/2015 12:00:00 AM,8/8/2015 12:00:00 AM,132,35,97
6/18/2015 12:00:00 AM,8/9/2015 12:00:00 AM,119,22,97
6/18/2015 12:00:00 AM,8/10/2015 12:00:00 AM,197,35,162
6/18/2015 12:00:00 AM,8/11/2015 12:00:00 AM,197,35,162
6/18/2015 12:00:00 AM,8/12/2015 12:00:00 AM,262,35,227
6/18/2015 12:00:00 AM,8/13/2015 12:00:00 AM,197,35,162
6/18/2015 12:00:00 AM,8/14/2015 12:00:00 AM,197,35,162
6/18/2015 12:00:00 AM,8/15/2015 12:00:00 AM,184,22,162
6/18/2015 12:00:00 AM,8/16/2015 12:00:00 AM,184,22,162
6/18/2015 12:00:00 AM,8/17/2015 12:00:00 AM,383,220,163
6/18/2015 12:00:00 AM,8/18/2015 12:00:00 AM,383,220,163
6/18/2015 12:00:00 AM,8/19/2015 12:00:00 AM,380,217,163
6/18/2015 12:00:00 AM,8/20/2015 12:00:00 AM,315,217,98
6/18/2015 12:00:00 AM,8/21/2015 12:00:00 AM,117,19,98
6/18/2015 12:00:00 AM,8/22/2015 12:00:00 AM,117,19,98
6/18/2015 12:00:00 AM,8/23/2015 12:00:00 AM,117,19,98
6/18/2015 12:00:00 AM,8/24/2015 12:00:00 AM,162,32,130
6/18/2015 12:00:00 AM,8/25/2015 12:00:00 AM,162,32,130
6/18/2015 12:00:00 AM,8/26/2015 12:00:00 AM,162,32,130
6/18/2015 12:00:00 AM,8/27/2015 12:00:00 AM,162,32,130
6/18/2015 12:00:00 AM,8/28/2015 12:00:00 AM,162,32,130
6/18/2015 12:00:00 AM,8/29/2015 12:00:00 AM,148,19,129
6/18/2015 12:00:00 AM,8/30/2015 12:00:00 AM,368,19,349
6/18/2015 12:00:00 AM,8/31/2015 12:00:00 AM,362,13,349
6/18/2015 12:00:00 AM,9/1/2015 12:00:00 AM,399,26,373
6/18/2015 12:00:00 AM,9/2/2015 12:00:00 AM,399,26,373
6/18/2015 12:00:00 AM,9/3/2015 12:00:00 AM,399,26,373
6/18/2015 12:00:00 AM,9/4/2015 12:00:00 AM,399,26,373
6/18/2015 12:00:00 AM,9/5/2015 12:00:00 AM,386,13,373
6/18/2015 12:00:00 AM,9/6/2015 12:00:00 AM,166,13,153
6/18/2015 12:00:00 AM,9/7/2015 12:00:00 AM,215,13,202
6/18/2015 12:00:00 AM,9/8/2015 12:00:00 AM,226,13,213
6/18/2015 12:00:00 AM,9/9/2015 12:00:00 AM,291,13,278
6/18/2015 12:00:00 AM,9/10/2015 12:00:00 AM,226,13,213
6/18/2015 12:00:00 AM,9/11/2015 12:00:00 AM,226,13,213
6/18/2015 12:00:00 AM,9/12/2015 12:00:00 AM,7673,4854,2819
6/18/2015 12:00:00 AM,9/13/2015 12:00:00 AM,8675,5354,3321
6/18/2015 12:00:00 AM,9/14/2015 12:00:00 AM,11572,6568,5004
6/18/2015 12:00:00 AM,9/15/2015 12:00:00 AM,11572,6568,5004
6/18/2015 12:00:00 AM,9/16/2015 12:00:00 AM,12037,6568,5469
6/18/2015 12:00:00 AM,9/17/2015 12:00:00 AM,11476,6007,5469
6/17/2015 12:00:00 AM,6/18/2015 12:00:00 AM,139,19,120
6/17/2015 12:00:00 AM,6/19/2015 12:00:00 AM,139,19,120
6/17/2015 12:00:00 AM,6/20/2015 12:00:00 AM,100,19,81
6/17/2015 12:00:00 AM,6/21/2015 12:00:00 AM,100,19,81
6/17/2015 12:00:00 AM,6/22/2015 12:00:00 AM,101,20,81
6/17/2015 12:00:00 AM,6/23/2015 12:00:00 AM,101,20,81
6/17/2015 12:00:00 AM,6/24/2015 12:00:00 AM,101,20,81
6/17/2015 12:00:00 AM,6/25/2015 12:00:00 AM,166,20,146
6/17/2015 12:00:00 AM,6/26/2015 12:00:00 AM,101,20,81
6/17/2015 12:00:00 AM,6/27/2015 12:00:00 AM,52,19,33
6/17/2015 12:00:00 AM,6/28/2015 12:00:00 AM,52,19,33
6/17/2015 12:00:00 AM,6/29/2015 12:00:00 AM,53,20,33
6/17/2015 12:00:00 AM,6/30/2015 12:00:00 AM,53,20,33
6/17/2015 12:00:00 AM,7/1/2015 12:00:00 AM,53,20,33
6/17/2015 12:00:00 AM,7/2/2015 12:00:00 AM,53,20,33
6/17/2015 12:00:00 AM,7/3/2015 12:00:00 AM,53,20,33
6/17/2015 12:00:00 AM,7/4/2015 12:00:00 AM,52,19,33
6/17/2015 12:00:00 AM,7/5/2015 12:00:00 AM,52,19,33
6/17/2015 12:00:00 AM,7/6/2015 12:00:00 AM,52,19,33
6/17/2015 12:00:00 AM,7/7/2015 12:00:00 AM,117,19,98
6/17/2015 12:00:00 AM,7/8/2015 12:00:00 AM,182,19,163
6/17/2015 12:00:00 AM,7/9/2015 12:00:00 AM,117,19,98
6/17/2015 12:00:00 AM,7/10/2015 12:00:00 AM,117,19,98
6/17/2015 12:00:00 AM,7/11/2015 12:00:00 AM,87,22,65
6/17/2015 12:00:00 AM,7/12/2015 12:00:00 AM,87,22,65
6/17/2015 12:00:00 AM,7/13/2015 12:00:00 AM,101,36,65
6/17/2015 12:00:00 AM,7/14/2015 12:00:00 AM,101,36,65
6/17/2015 12:00:00 AM,7/15/2015 12:00:00 AM,123,37,86
6/17/2015 12:00:00 AM,7/16/2015 12:00:00 AM,102,37,65
6/17/2015 12:00:00 AM,7/17/2015 12:00:00 AM,102,37,65
6/17/2015 12:00:00 AM,7/18/2015 12:00:00 AM,101,36,65
6/17/2015 12:00:00 AM,7/19/2015 12:00:00 AM,88,23,65
6/17/2015 12:00:00 AM,7/20/2015 12:00:00 AM,134,36,98
6/17/2015 12:00:00 AM,7/21/2015 12:00:00 AM,134,36,98
6/17/2015 12:00:00 AM,7/22/2015 12:00:00 AM,134,36,98
6/17/2015 12:00:00 AM,7/23/2015 12:00:00 AM,134,36,98
6/17/2015 12:00:00 AM,7/24/2015 12:00:00 AM,134,36,98
6/17/2015 12:00:00 AM,7/25/2015 12:00:00 AM,134,36,98
6/17/2015 12:00:00 AM,7/26/2015 12:00:00 AM,121,23,98
6/17/2015 12:00:00 AM,7/27/2015 12:00:00 AM,199,36,163
6/17/2015 12:00:00 AM,7/28/2015 12:00:00 AM,199,36,163
6/17/2015 12:00:00 AM,7/29/2015 12:00:00 AM,264,36,228
6/17/2015 12:00:00 AM,7/30/2015 12:00:00 AM,199,36,163
6/17/2015 12:00:00 AM,7/31/2015 12:00:00 AM,199,36,163
6/17/2015 12:00:00 AM,8/1/2015 12:00:00 AM,166,36,130
6/17/2015 12:00:00 AM,8/2/2015 12:00:00 AM,153,23,130
6/17/2015 12:00:00 AM,8/3/2015 12:00:00 AM,198,36,162
6/17/2015 12:00:00 AM,8/4/2015 12:00:00 AM,197,35,162
6/17/2015 12:00:00 AM,8/5/2015 12:00:00 AM,197,35,162
6/17/2015 12:00:00 AM,8/6/2015 12:00:00 AM,132,35,97
6/17/2015 12:00:00 AM,8/7/2015 12:00:00 AM,132,35,97
6/17/2015 12:00:00 AM,8/8/2015 12:00:00 AM,132,35,97
6/17/2015 12:00:00 AM,8/9/2015 12:00:00 AM,119,22,97
6/17/2015 12:00:00 AM,8/10/2015 12:00:00 AM,132,35,97
6/17/2015 12:00:00 AM,8/11/2015 12:00:00 AM,132,35,97
6/17/2015 12:00:00 AM,8/12/2015 12:00:00 AM,132,35,97
6/17/2015 12:00:00 AM,8/13/2015 12:00:00 AM,132,35,97
6/17/2015 12:00:00 AM,8/14/2015 12:00:00 AM,132,35,97
6/17/2015 12:00:00 AM,8/15/2015 12:00:00 AM,119,22,97
6/17/2015 12:00:00 AM,8/16/2015 12:00:00 AM,119,22,97
6/17/2015 12:00:00 AM,8/17/2015 12:00:00 AM,318,220,98
6/17/2015 12:00:00 AM,8/18/2015 12:00:00 AM,318,220,98
6/17/2015 12:00:00 AM,8/19/2015 12:00:00 AM,315,217,98
6/17/2015 12:00:00 AM,8/20/2015 12:00:00 AM,315,217,98
6/17/2015 12:00:00 AM,8/21/2015 12:00:00 AM,117,19,98
6/17/2015 12:00:00 AM,8/22/2015 12:00:00 AM,117,19,98
6/17/2015 12:00:00 AM,8/23/2015 12:00:00 AM,117,19,98
6/17/2015 12:00:00 AM,8/24/2015 12:00:00 AM,162,32,130
6/17/2015 12:00:00 AM,8/25/2015 12:00:00 AM,227,32,195
6/17/2015 12:00:00 AM,8/26/2015 12:00:00 AM,162,32,130
6/17/2015 12:00:00 AM,8/27/2015 12:00:00 AM,162,32,130
6/17/2015 12:00:00 AM,8/28/2015 12:00:00 AM,97,32,65
6/17/2015 12:00:00 AM,8/29/2015 12:00:00 AM,83,19,64
6/17/2015 12:00:00 AM,8/30/2015 12:00:00 AM,303,19,284
6/17/2015 12:00:00 AM,8/31/2015 12:00:00 AM,297,13,284
6/17/2015 12:00:00 AM,9/1/2015 12:00:00 AM,334,26,308
6/17/2015 12:00:00 AM,9/2/2015 12:00:00 AM,334,26,308
6/17/2015 12:00:00 AM,9/3/2015 12:00:00 AM,334,26,308
6/17/2015 12:00:00 AM,9/4/2015 12:00:00 AM,334,26,308
6/17/2015 12:00:00 AM,9/5/2015 12:00:00 AM,321,13,308
6/17/2015 12:00:00 AM,9/6/2015 12:00:00 AM,101,13,88
6/17/2015 12:00:00 AM,9/7/2015 12:00:00 AM,150,13,137
6/17/2015 12:00:00 AM,9/8/2015 12:00:00 AM,161,13,148
6/17/2015 12:00:00 AM,9/9/2015 12:00:00 AM,161,13,148
6/17/2015 12:00:00 AM,9/10/2015 12:00:00 AM,161,13,148
6/17/2015 12:00:00 AM,9/11/2015 12:00:00 AM,161,13,148
6/17/2015 12:00:00 AM,9/12/2015 12:00:00 AM,7673,4854,2819
6/17/2015 12:00:00 AM,9/13/2015 12:00:00 AM,8675,5354,3321
6/17/2015 12:00:00 AM,9/14/2015 12:00:00 AM,11572,6568,5004
6/17/2015 12:00:00 AM,9/15/2015 12:00:00 AM,11572,6568,5004
6/17/2015 12:00:00 AM,9/16/2015 12:00:00 AM,12037,6568,5469
6/16/2015 12:00:00 AM,6/17/2015 12:00:00 AM,164,44,120
6/16/2015 12:00:00 AM,6/18/2015 12:00:00 AM,164,44,120
6/16/2015 12:00:00 AM,6/19/2015 12:00:00 AM,164,44,120
6/16/2015 12:00:00 AM,6/20/2015 12:00:00 AM,100,19,81
6/16/2015 12:00:00 AM,6/21/2015 12:00:00 AM,100,19,81
6/16/2015 12:00:00 AM,6/22/2015 12:00:00 AM,101,20,81
6/16/2015 12:00:00 AM,6/23/2015 12:00:00 AM,101,20,81
6/16/2015 12:00:00 AM,6/24/2015 12:00:00 AM,101,20,81
6/16/2015 12:00:00 AM,6/25/2015 12:00:00 AM,166,20,146
6/16/2015 12:00:00 AM,6/26/2015 12:00:00 AM,101,20,81
6/16/2015 12:00:00 AM,6/27/2015 12:00:00 AM,52,19,33
6/16/2015 12:00:00 AM,6/28/2015 12:00:00 AM,52,19,33
6/16/2015 12:00:00 AM,6/29/2015 12:00:00 AM,53,20,33
6/16/2015 12:00:00 AM,6/30/2015 12:00:00 AM,53,20,33
6/16/2015 12:00:00 AM,7/1/2015 12:00:00 AM,53,20,33
6/16/2015 12:00:00 AM,7/2/2015 12:00:00 AM,53,20,33
6/16/2015 12:00:00 AM,7/3/2015 12:00:00 AM,53,20,33
6/16/2015 12:00:00 AM,7/4/2015 12:00:00 AM,52,19,33
6/16/2015 12:00:00 AM,7/5/2015 12:00:00 AM,52,19,33
6/16/2015 12:00:00 AM,7/6/2015 12:00:00 AM,52,19,33
6/16/2015 12:00:00 AM,7/7/2015 12:00:00 AM,117,19,98
6/16/2015 12:00:00 AM,7/8/2015 12:00:00 AM,182,19,163
6/16/2015 12:00:00 AM,7/9/2015 12:00:00 AM,117,19,98
6/16/2015 12:00:00 AM,7/10/2015 12:00:00 AM,117,19,98
6/16/2015 12:00:00 AM,7/11/2015 12:00:00 AM,87,22,65
6/16/2015 12:00:00 AM,7/12/2015 12:00:00 AM,87,22,65
6/16/2015 12:00:00 AM,7/13/2015 12:00:00 AM,101,36,65
6/16/2015 12:00:00 AM,7/14/2015 12:00:00 AM,101,36,65
6/16/2015 12:00:00 AM,7/15/2015 12:00:00 AM,123,37,86
6/16/2015 12:00:00 AM,7/16/2015 12:00:00 AM,102,37,65
6/16/2015 12:00:00 AM,7/17/2015 12:00:00 AM,102,37,65
6/16/2015 12:00:00 AM,7/18/2015 12:00:00 AM,101,36,65
6/16/2015 12:00:00 AM,7/19/2015 12:00:00 AM,88,23,65
6/16/2015 12:00:00 AM,7/20/2015 12:00:00 AM,134,36,98
6/16/2015 12:00:00 AM,7/21/2015 12:00:00 AM,134,36,98
6/16/2015 12:00:00 AM,7/22/2015 12:00:00 AM,134,36,98
6/16/2015 12:00:00 AM,7/23/2015 12:00:00 AM,134,36,98
6/16/2015 12:00:00 AM,7/24/2015 12:00:00 AM,134,36,98
6/16/2015 12:00:00 AM,7/25/2015 12:00:00 AM,134,36,98
6/16/2015 12:00:00 AM,7/26/2015 12:00:00 AM,121,23,98
6/16/2015 12:00:00 AM,7/27/2015 12:00:00 AM,199,36,163
6/16/2015 12:00:00 AM,7/28/2015 12:00:00 AM,199,36,163
6/16/2015 12:00:00 AM,7/29/2015 12:00:00 AM,264,36,228
6/16/2015 12:00:00 AM,7/30/2015 12:00:00 AM,199,36,163
6/16/2015 12:00:00 AM,7/31/2015 12:00:00 AM,199,36,163
6/16/2015 12:00:00 AM,8/1/2015 12:00:00 AM,166,36,130
6/16/2015 12:00:00 AM,8/2/2015 12:00:00 AM,153,23,130
6/16/2015 12:00:00 AM,8/3/2015 12:00:00 AM,198,36,162
6/16/2015 12:00:00 AM,8/4/2015 12:00:00 AM,197,35,162
6/16/2015 12:00:00 AM,8/5/2015 12:00:00 AM,197,35,162
6/16/2015 12:00:00 AM,8/6/2015 12:00:00 AM,132,35,97
6/16/2015 12:00:00 AM,8/7/2015 12:00:00 AM,132,35,97
6/16/2015 12:00:00 AM,8/8/2015 12:00:00 AM,132,35,97
6/16/2015 12:00:00 AM,8/9/2015 12:00:00 AM,119,22,97
6/16/2015 12:00:00 AM,8/10/2015 12:00:00 AM,132,35,97
6/16/2015 12:00:00 AM,8/11/2015 12:00:00 AM,132,35,97
6/16/2015 12:00:00 AM,8/12/2015 12:00:00 AM,132,35,97
6/16/2015 12:00:00 AM,8/13/2015 12:00:00 AM,132,35,97
6/16/2015 12:00:00 AM,8/14/2015 12:00:00 AM,132,35,97
6/16/2015 12:00:00 AM,8/15/2015 12:00:00 AM,119,22,97
6/16/2015 12:00:00 AM,8/16/2015 12:00:00 AM,119,22,97
6/16/2015 12:00:00 AM,8/17/2015 12:00:00 AM,331,233,98
6/16/2015 12:00:00 AM,8/18/2015 12:00:00 AM,331,233,98
6/16/2015 12:00:00 AM,8/19/2015 12:00:00 AM,328,230,98
6/16/2015 12:00:00 AM,8/20/2015 12:00:00 AM,328,230,98
6/16/2015 12:00:00 AM,8/21/2015 12:00:00 AM,130,32,98
6/16/2015 12:00:00 AM,8/22/2015 12:00:00 AM,117,19,98
6/16/2015 12:00:00 AM,8/23/2015 12:00:00 AM,117,19,98
6/16/2015 12:00:00 AM,8/24/2015 12:00:00 AM,162,32,130
6/16/2015 12:00:00 AM,8/25/2015 12:00:00 AM,227,32,195
6/16/2015 12:00:00 AM,8/26/2015 12:00:00 AM,162,32,130
6/16/2015 12:00:00 AM,8/27/2015 12:00:00 AM,162,32,130
6/16/2015 12:00:00 AM,8/28/2015 12:00:00 AM,97,32,65
6/16/2015 12:00:00 AM,8/29/2015 12:00:00 AM,83,19,64
6/16/2015 12:00:00 AM,8/30/2015 12:00:00 AM,303,19,284
6/16/2015 12:00:00 AM,8/31/2015 12:00:00 AM,297,13,284
6/16/2015 12:00:00 AM,9/1/2015 12:00:00 AM,334,26,308
6/16/2015 12:00:00 AM,9/2/2015 12:00:00 AM,334,26,308
6/16/2015 12:00:00 AM,9/3/2015 12:00:00 AM,334,26,308
6/16/2015 12:00:00 AM,9/4/2015 12:00:00 AM,334,26,308
6/16/2015 12:00:00 AM,9/5/2015 12:00:00 AM,321,13,308
6/16/2015 12:00:00 AM,9/6/2015 12:00:00 AM,101,13,88
6/16/2015 12:00:00 AM,9/7/2015 12:00:00 AM,150,13,137
6/16/2015 12:00:00 AM,9/8/2015 12:00:00 AM,161,13,148
6/16/2015 12:00:00 AM,9/9/2015 12:00:00 AM,161,13,148
6/16/2015 12:00:00 AM,9/10/2015 12:00:00 AM,161,13,148
6/16/2015 12:00:00 AM,9/11/2015 12:00:00 AM,161,13,148
6/16/2015 12:00:00 AM,9/12/2015 12:00:00 AM,7673,4854,2819
6/16/2015 12:00:00 AM,9/13/2015 12:00:00 AM,8675,5354,3321
6/16/2015 12:00:00 AM,9/14/2015 12:00:00 AM,11559,6555,5004
6/16/2015 12:00:00 AM,9/15/2015 12:00:00 AM,11559,6555,5004
6/15/2015 12:00:00 AM,6/16/2015 12:00:00 AM,954,834,120
6/15/2015 12:00:00 AM,6/17/2015 12:00:00 AM,1105,985,120
6/15/2015 12:00:00 AM,6/18/2015 12:00:00 AM,954,834,120
6/15/2015 12:00:00 AM,6/19/2015 12:00:00 AM,954,834,120
6/15/2015 12:00:00 AM,6/20/2015 12:00:00 AM,890,809,81
6/15/2015 12:00:00 AM,6/21/2015 12:00:00 AM,100,19,81
6/15/2015 12:00:00 AM,6/22/2015 12:00:00 AM,101,20,81
6/15/2015 12:00:00 AM,6/23/2015 12:00:00 AM,101,20,81
6/15/2015 12:00:00 AM,6/24/2015 12:00:00 AM,101,20,81
6/15/2015 12:00:00 AM,6/25/2015 12:00:00 AM,166,20,146
6/15/2015 12:00:00 AM,6/26/2015 12:00:00 AM,101,20,81
6/15/2015 12:00:00 AM,6/27/2015 12:00:00 AM,52,19,33
6/15/2015 12:00:00 AM,6/28/2015 12:00:00 AM,52,19,33
6/15/2015 12:00:00 AM,6/29/2015 12:00:00 AM,53,20,33
6/15/2015 12:00:00 AM,6/30/2015 12:00:00 AM,53,20,33
6/15/2015 12:00:00 AM,7/1/2015 12:00:00 AM,53,20,33
6/15/2015 12:00:00 AM,7/2/2015 12:00:00 AM,53,20,33
6/15/2015 12:00:00 AM,7/3/2015 12:00:00 AM,53,20,33
6/15/2015 12:00:00 AM,7/4/2015 12:00:00 AM,52,19,33
6/15/2015 12:00:00 AM,7/5/2015 12:00:00 AM,52,19,33
6/15/2015 12:00:00 AM,7/6/2015 12:00:00 AM,52,19,33
6/15/2015 12:00:00 AM,7/7/2015 12:00:00 AM,117,19,98
6/15/2015 12:00:00 AM,7/8/2015 12:00:00 AM,182,19,163
6/15/2015 12:00:00 AM,7/9/2015 12:00:00 AM,117,19,98
6/15/2015 12:00:00 AM,7/10/2015 12:00:00 AM,117,19,98
6/15/2015 12:00:00 AM,7/11/2015 12:00:00 AM,87,22,65
6/15/2015 12:00:00 AM,7/12/2015 12:00:00 AM,87,22,65
6/15/2015 12:00:00 AM,7/13/2015 12:00:00 AM,101,36,65
6/15/2015 12:00:00 AM,7/14/2015 12:00:00 AM,101,36,65
6/15/2015 12:00:00 AM,7/15/2015 12:00:00 AM,123,37,86
6/15/2015 12:00:00 AM,7/16/2015 12:00:00 AM,102,37,65
6/15/2015 12:00:00 AM,7/17/2015 12:00:00 AM,102,37,65
6/15/2015 12:00:00 AM,7/18/2015 12:00:00 AM,101,36,65
6/15/2015 12:00:00 AM,7/19/2015 12:00:00 AM,88,23,65
6/15/2015 12:00:00 AM,7/20/2015 12:00:00 AM,134,36,98
6/15/2015 12:00:00 AM,7/21/2015 12:00:00 AM,134,36,98
6/15/2015 12:00:00 AM,7/22/2015 12:00:00 AM,134,36,98
6/15/2015 12:00:00 AM,7/23/2015 12:00:00 AM,134,36,98
6/15/2015 12:00:00 AM,7/24/2015 12:00:00 AM,134,36,98
6/15/2015 12:00:00 AM,7/25/2015 12:00:00 AM,134,36,98
6/15/2015 12:00:00 AM,7/26/2015 12:00:00 AM,121,23,98
6/15/2015 12:00:00 AM,7/27/2015 12:00:00 AM,199,36,163
6/15/2015 12:00:00 AM,7/28/2015 12:00:00 AM,199,36,163
6/15/2015 12:00:00 AM,7/29/2015 12:00:00 AM,264,36,228
6/15/2015 12:00:00 AM,7/30/2015 12:00:00 AM,199,36,163
6/15/2015 12:00:00 AM,7/31/2015 12:00:00 AM,199,36,163
6/15/2015 12:00:00 AM,8/1/2015 12:00:00 AM,166,36,130
6/15/2015 12:00:00 AM,8/2/2015 12:00:00 AM,153,23,130
6/15/2015 12:00:00 AM,8/3/2015 12:00:00 AM,198,36,162
6/15/2015 12:00:00 AM,8/4/2015 12:00:00 AM,197,35,162
6/15/2015 12:00:00 AM,8/5/2015 12:00:00 AM,197,35,162
6/15/2015 12:00:00 AM,8/6/2015 12:00:00 AM,132,35,97
6/15/2015 12:00:00 AM,8/7/2015 12:00:00 AM,132,35,97
6/15/2015 12:00:00 AM,8/8/2015 12:00:00 AM,132,35,97
6/15/2015 12:00:00 AM,8/9/2015 12:00:00 AM,119,22,97
6/15/2015 12:00:00 AM,8/10/2015 12:00:00 AM,132,35,97
6/15/2015 12:00:00 AM,8/11/2015 12:00:00 AM,132,35,97
6/15/2015 12:00:00 AM,8/12/2015 12:00:00 AM,132,35,97
6/15/2015 12:00:00 AM,8/13/2015 12:00:00 AM,132,35,97
6/15/2015 12:00:00 AM,8/14/2015 12:00:00 AM,132,35,97
6/15/2015 12:00:00 AM,8/15/2015 12:00:00 AM,119,22,97
6/15/2015 12:00:00 AM,8/16/2015 12:00:00 AM,119,22,97
6/15/2015 12:00:00 AM,8/17/2015 12:00:00 AM,331,233,98
6/15/2015 12:00:00 AM,8/18/2015 12:00:00 AM,331,233,98
6/15/2015 12:00:00 AM,8/19/2015 12:00:00 AM,328,230,98
6/15/2015 12:00:00 AM,8/20/2015 12:00:00 AM,328,230,98
6/15/2015 12:00:00 AM,8/21/2015 12:00:00 AM,130,32,98
6/15/2015 12:00:00 AM,8/22/2015 12:00:00 AM,117,19,98
6/15/2015 12:00:00 AM,8/23/2015 12:00:00 AM,117,19,98
6/15/2015 12:00:00 AM,8/24/2015 12:00:00 AM,162,32,130
6/15/2015 12:00:00 AM,8/25/2015 12:00:00 AM,227,32,195
6/15/2015 12:00:00 AM,8/26/2015 12:00:00 AM,162,32,130
6/15/2015 12:00:00 AM,8/27/2015 12:00:00 AM,162,32,130
6/15/2015 12:00:00 AM,8/28/2015 12:00:00 AM,97,32,65
6/15/2015 12:00:00 AM,8/29/2015 12:00:00 AM,83,19,64
6/15/2015 12:00:00 AM,8/30/2015 12:00:00 AM,303,19,284
6/15/2015 12:00:00 AM,8/31/2015 12:00:00 AM,297,13,284
6/15/2015 12:00:00 AM,9/1/2015 12:00:00 AM,334,26,308
6/15/2015 12:00:00 AM,9/2/2015 12:00:00 AM,334,26,308
6/15/2015 12:00:00 AM,9/3/2015 12:00:00 AM,334,26,308
6/15/2015 12:00:00 AM,9/4/2015 12:00:00 AM,334,26,308
6/15/2015 12:00:00 AM,9/5/2015 12:00:00 AM,321,13,308
6/15/2015 12:00:00 AM,9/6/2015 12:00:00 AM,101,13,88
6/15/2015 12:00:00 AM,9/7/2015 12:00:00 AM,150,13,137
6/15/2015 12:00:00 AM,9/8/2015 12:00:00 AM,161,13,148
6/15/2015 12:00:00 AM,9/9/2015 12:00:00 AM,161,13,148
6/15/2015 12:00:00 AM,9/10/2015 12:00:00 AM,161,13,148
6/15/2015 12:00:00 AM,9/11/2015 12:00:00 AM,161,13,148
6/15/2015 12:00:00 AM,9/12/2015 12:00:00 AM,7673,4854,2819
6/15/2015 12:00:00 AM,9/13/2015 12:00:00 AM,8675,5354,3321
6/15/2015 12:00:00 AM,9/14/2015 12:00:00 AM,11559,6555,5004
6/14/2015 12:00:00 AM,6/15/2015 12:00:00 AM,1105,985,120
6/14/2015 12:00:00 AM,6/16/2015 12:00:00 AM,954,834,120
6/14/2015 12:00:00 AM,6/17/2015 12:00:00 AM,1105,985,120
6/14/2015 12:00:00 AM,6/18/2015 12:00:00 AM,954,834,120
6/14/2015 12:00:00 AM,6/19/2015 12:00:00 AM,954,834,120
6/14/2015 12:00:00 AM,6/20/2015 12:00:00 AM,890,809,81
6/14/2015 12:00:00 AM,6/21/2015 12:00:00 AM,100,19,81
6/14/2015 12:00:00 AM,6/22/2015 12:00:00 AM,101,20,81
6/14/2015 12:00:00 AM,6/23/2015 12:00:00 AM,101,20,81
6/14/2015 12:00:00 AM,6/24/2015 12:00:00 AM,101,20,81
6/14/2015 12:00:00 AM,6/25/2015 12:00:00 AM,166,20,146
6/14/2015 12:00:00 AM,6/26/2015 12:00:00 AM,101,20,81
6/14/2015 12:00:00 AM,6/27/2015 12:00:00 AM,52,19,33
6/14/2015 12:00:00 AM,6/28/2015 12:00:00 AM,52,19,33
6/14/2015 12:00:00 AM,6/29/2015 12:00:00 AM,53,20,33
6/14/2015 12:00:00 AM,6/30/2015 12:00:00 AM,53,20,33
6/14/2015 12:00:00 AM,7/1/2015 12:00:00 AM,53,20,33
6/14/2015 12:00:00 AM,7/2/2015 12:00:00 AM,53,20,33
6/14/2015 12:00:00 AM,7/3/2015 12:00:00 AM,53,20,33
6/14/2015 12:00:00 AM,7/4/2015 12:00:00 AM,52,19,33
6/14/2015 12:00:00 AM,7/5/2015 12:00:00 AM,52,19,33
6/14/2015 12:00:00 AM,7/6/2015 12:00:00 AM,52,19,33
6/14/2015 12:00:00 AM,7/7/2015 12:00:00 AM,117,19,98
6/14/2015 12:00:00 AM,7/8/2015 12:00:00 AM,182,19,163
6/14/2015 12:00:00 AM,7/9/2015 12:00:00 AM,117,19,98
6/14/2015 12:00:00 AM,7/10/2015 12:00:00 AM,117,19,98
6/14/2015 12:00:00 AM,7/11/2015 12:00:00 AM,87,22,65
6/14/2015 12:00:00 AM,7/12/2015 12:00:00 AM,87,22,65
6/14/2015 12:00:00 AM,7/13/2015 12:00:00 AM,101,36,65
6/14/2015 12:00:00 AM,7/14/2015 12:00:00 AM,101,36,65
6/14/2015 12:00:00 AM,7/15/2015 12:00:00 AM,123,37,86
6/14/2015 12:00:00 AM,7/16/2015 12:00:00 AM,102,37,65
6/14/2015 12:00:00 AM,7/17/2015 12:00:00 AM,102,37,65
6/14/2015 12:00:00 AM,7/18/2015 12:00:00 AM,101,36,65
6/14/2015 12:00:00 AM,7/19/2015 12:00:00 AM,88,23,65
6/14/2015 12:00:00 AM,7/20/2015 12:00:00 AM,134,36,98
6/14/2015 12:00:00 AM,7/21/2015 12:00:00 AM,134,36,98
6/14/2015 12:00:00 AM,7/22/2015 12:00:00 AM,134,36,98
6/14/2015 12:00:00 AM,7/23/2015 12:00:00 AM,134,36,98
6/14/2015 12:00:00 AM,7/24/2015 12:00:00 AM,134,36,98
6/14/2015 12:00:00 AM,7/25/2015 12:00:00 AM,134,36,98
6/14/2015 12:00:00 AM,7/26/2015 12:00:00 AM,121,23,98
6/14/2015 12:00:00 AM,7/27/2015 12:00:00 AM,199,36,163
6/14/2015 12:00:00 AM,7/28/2015 12:00:00 AM,199,36,163
6/14/2015 12:00:00 AM,7/29/2015 12:00:00 AM,264,36,228
6/14/2015 12:00:00 AM,7/30/2015 12:00:00 AM,199,36,163
6/14/2015 12:00:00 AM,7/31/2015 12:00:00 AM,199,36,163
6/14/2015 12:00:00 AM,8/1/2015 12:00:00 AM,166,36,130
6/14/2015 12:00:00 AM,8/2/2015 12:00:00 AM,153,23,130
6/14/2015 12:00:00 AM,8/3/2015 12:00:00 AM,198,36,162
6/14/2015 12:00:00 AM,8/4/2015 12:00:00 AM,197,35,162
6/14/2015 12:00:00 AM,8/5/2015 12:00:00 AM,197,35,162
6/14/2015 12:00:00 AM,8/6/2015 12:00:00 AM,132,35,97
6/14/2015 12:00:00 AM,8/7/2015 12:00:00 AM,132,35,97
6/14/2015 12:00:00 AM,8/8/2015 12:00:00 AM,132,35,97
6/14/2015 12:00:00 AM,8/9/2015 12:00:00 AM,119,22,97
6/14/2015 12:00:00 AM,8/10/2015 12:00:00 AM,132,35,97
6/14/2015 12:00:00 AM,8/11/2015 12:00:00 AM,132,35,97
6/14/2015 12:00:00 AM,8/12/2015 12:00:00 AM,132,35,97
6/14/2015 12:00:00 AM,8/13/2015 12:00:00 AM,132,35,97
6/14/2015 12:00:00 AM,8/14/2015 12:00:00 AM,132,35,97
6/14/2015 12:00:00 AM,8/15/2015 12:00:00 AM,119,22,97
6/14/2015 12:00:00 AM,8/16/2015 12:00:00 AM,119,22,97
6/14/2015 12:00:00 AM,8/17/2015 12:00:00 AM,331,233,98
6/14/2015 12:00:00 AM,8/18/2015 12:00:00 AM,331,233,98
6/14/2015 12:00:00 AM,8/19/2015 12:00:00 AM,328,230,98
6/14/2015 12:00:00 AM,8/20/2015 12:00:00 AM,328,230,98
6/14/2015 12:00:00 AM,8/21/2015 12:00:00 AM,130,32,98
6/14/2015 12:00:00 AM,8/22/2015 12:00:00 AM,117,19,98
6/14/2015 12:00:00 AM,8/23/2015 12:00:00 AM,117,19,98
6/14/2015 12:00:00 AM,8/24/2015 12:00:00 AM,162,32,130
6/14/2015 12:00:00 AM,8/25/2015 12:00:00 AM,227,32,195
6/14/2015 12:00:00 AM,8/26/2015 12:00:00 AM,162,32,130
6/14/2015 12:00:00 AM,8/27/2015 12:00:00 AM,162,32,130
6/14/2015 12:00:00 AM,8/28/2015 12:00:00 AM,97,32,65
6/14/2015 12:00:00 AM,8/29/2015 12:00:00 AM,83,19,64
6/14/2015 12:00:00 AM,8/30/2015 12:00:00 AM,303,19,284
6/14/2015 12:00:00 AM,8/31/2015 12:00:00 AM,297,13,284
6/14/2015 12:00:00 AM,9/1/2015 12:00:00 AM,334,26,308
6/14/2015 12:00:00 AM,9/2/2015 12:00:00 AM,334,26,308
6/14/2015 12:00:00 AM,9/3/2015 12:00:00 AM,334,26,308
6/14/2015 12:00:00 AM,9/4/2015 12:00:00 AM,334,26,308
6/14/2015 12:00:00 AM,9/5/2015 12:00:00 AM,321,13,308
6/14/2015 12:00:00 AM,9/6/2015 12:00:00 AM,101,13,88
6/14/2015 12:00:00 AM,9/7/2015 12:00:00 AM,150,13,137
6/14/2015 12:00:00 AM,9/8/2015 12:00:00 AM,161,13,148
6/14/2015 12:00:00 AM,9/9/2015 12:00:00 AM,161,13,148
6/14/2015 12:00:00 AM,9/10/2015 12:00:00 AM,161,13,148
6/14/2015 12:00:00 AM,9/11/2015 12:00:00 AM,161,13,148
6/14/2015 12:00:00 AM,9/12/2015 12:00:00 AM,7673,4854,2819
6/14/2015 12:00:00 AM,9/13/2015 12:00:00 AM,8675,5354,3321
6/13/2015 12:00:00 AM,6/14/2015 12:00:00 AM,6355,2552,3803
6/13/2015 12:00:00 AM,6/15/2015 12:00:00 AM,1105,985,120
6/13/2015 12:00:00 AM,6/16/2015 12:00:00 AM,954,834,120
6/13/2015 12:00:00 AM,6/17/2015 12:00:00 AM,1105,985,120
6/13/2015 12:00:00 AM,6/18/2015 12:00:00 AM,954,834,120
6/13/2015 12:00:00 AM,6/19/2015 12:00:00 AM,954,834,120
6/13/2015 12:00:00 AM,6/20/2015 12:00:00 AM,890,809,81
6/13/2015 12:00:00 AM,6/21/2015 12:00:00 AM,100,19,81
6/13/2015 12:00:00 AM,6/22/2015 12:00:00 AM,101,20,81
6/13/2015 12:00:00 AM,6/23/2015 12:00:00 AM,101,20,81
6/13/2015 12:00:00 AM,6/24/2015 12:00:00 AM,101,20,81
6/13/2015 12:00:00 AM,6/25/2015 12:00:00 AM,166,20,146
6/13/2015 12:00:00 AM,6/26/2015 12:00:00 AM,101,20,81
6/13/2015 12:00:00 AM,6/27/2015 12:00:00 AM,52,19,33
6/13/2015 12:00:00 AM,6/28/2015 12:00:00 AM,52,19,33
6/13/2015 12:00:00 AM,6/29/2015 12:00:00 AM,53,20,33
6/13/2015 12:00:00 AM,6/30/2015 12:00:00 AM,53,20,33
6/13/2015 12:00:00 AM,7/1/2015 12:00:00 AM,53,20,33
6/13/2015 12:00:00 AM,7/2/2015 12:00:00 AM,53,20,33
6/13/2015 12:00:00 AM,7/3/2015 12:00:00 AM,53,20,33
6/13/2015 12:00:00 AM,7/4/2015 12:00:00 AM,52,19,33
6/13/2015 12:00:00 AM,7/5/2015 12:00:00 AM,52,19,33
6/13/2015 12:00:00 AM,7/6/2015 12:00:00 AM,52,19,33
6/13/2015 12:00:00 AM,7/7/2015 12:00:00 AM,117,19,98
6/13/2015 12:00:00 AM,7/8/2015 12:00:00 AM,182,19,163
6/13/2015 12:00:00 AM,7/9/2015 12:00:00 AM,117,19,98
6/13/2015 12:00:00 AM,7/10/2015 12:00:00 AM,117,19,98
6/13/2015 12:00:00 AM,7/11/2015 12:00:00 AM,87,22,65
6/13/2015 12:00:00 AM,7/12/2015 12:00:00 AM,87,22,65
6/13/2015 12:00:00 AM,7/13/2015 12:00:00 AM,101,36,65
6/13/2015 12:00:00 AM,7/14/2015 12:00:00 AM,101,36,65
6/13/2015 12:00:00 AM,7/15/2015 12:00:00 AM,123,37,86
6/13/2015 12:00:00 AM,7/16/2015 12:00:00 AM,102,37,65
6/13/2015 12:00:00 AM,7/17/2015 12:00:00 AM,102,37,65
6/13/2015 12:00:00 AM,7/18/2015 12:00:00 AM,101,36,65
6/13/2015 12:00:00 AM,7/19/2015 12:00:00 AM,88,23,65
6/13/2015 12:00:00 AM,7/20/2015 12:00:00 AM,134,36,98
6/13/2015 12:00:00 AM,7/21/2015 12:00:00 AM,134,36,98
6/13/2015 12:00:00 AM,7/22/2015 12:00:00 AM,134,36,98
6/13/2015 12:00:00 AM,7/23/2015 12:00:00 AM,134,36,98
6/13/2015 12:00:00 AM,7/24/2015 12:00:00 AM,134,36,98
6/13/2015 12:00:00 AM,7/25/2015 12:00:00 AM,134,36,98
6/13/2015 12:00:00 AM,7/26/2015 12:00:00 AM,121,23,98
6/13/2015 12:00:00 AM,7/27/2015 12:00:00 AM,199,36,163
6/13/2015 12:00:00 AM,7/28/2015 12:00:00 AM,199,36,163
6/13/2015 12:00:00 AM,7/29/2015 12:00:00 AM,264,36,228
6/13/2015 12:00:00 AM,7/30/2015 12:00:00 AM,199,36,163
6/13/2015 12:00:00 AM,7/31/2015 12:00:00 AM,199,36,163
6/13/2015 12:00:00 AM,8/1/2015 12:00:00 AM,166,36,130
6/13/2015 12:00:00 AM,8/2/2015 12:00:00 AM,153,23,130
6/13/2015 12:00:00 AM,8/3/2015 12:00:00 AM,198,36,162
6/13/2015 12:00:00 AM,8/4/2015 12:00:00 AM,197,35,162
6/13/2015 12:00:00 AM,8/5/2015 12:00:00 AM,197,35,162
6/13/2015 12:00:00 AM,8/6/2015 12:00:00 AM,132,35,97
6/13/2015 12:00:00 AM,8/7/2015 12:00:00 AM,132,35,97
6/13/2015 12:00:00 AM,8/8/2015 12:00:00 AM,132,35,97
6/13/2015 12:00:00 AM,8/9/2015 12:00:00 AM,119,22,97
6/13/2015 12:00:00 AM,8/10/2015 12:00:00 AM,132,35,97
6/13/2015 12:00:00 AM,8/11/2015 12:00:00 AM,132,35,97
6/13/2015 12:00:00 AM,8/12/2015 12:00:00 AM,132,35,97
6/13/2015 12:00:00 AM,8/13/2015 12:00:00 AM,132,35,97
6/13/2015 12:00:00 AM,8/14/2015 12:00:00 AM,132,35,97
6/13/2015 12:00:00 AM,8/15/2015 12:00:00 AM,119,22,97
6/13/2015 12:00:00 AM,8/16/2015 12:00:00 AM,119,22,97
6/13/2015 12:00:00 AM,8/17/2015 12:00:00 AM,331,233,98
6/13/2015 12:00:00 AM,8/18/2015 12:00:00 AM,331,233,98
6/13/2015 12:00:00 AM,8/19/2015 12:00:00 AM,328,230,98
6/13/2015 12:00:00 AM,8/20/2015 12:00:00 AM,328,230,98
6/13/2015 12:00:00 AM,8/21/2015 12:00:00 AM,130,32,98
6/13/2015 12:00:00 AM,8/22/2015 12:00:00 AM,117,19,98
6/13/2015 12:00:00 AM,8/23/2015 12:00:00 AM,117,19,98
6/13/2015 12:00:00 AM,8/24/2015 12:00:00 AM,162,32,130
6/13/2015 12:00:00 AM,8/25/2015 12:00:00 AM,227,32,195
6/13/2015 12:00:00 AM,8/26/2015 12:00:00 AM,162,32,130
6/13/2015 12:00:00 AM,8/27/2015 12:00:00 AM,162,32,130
6/13/2015 12:00:00 AM,8/28/2015 12:00:00 AM,97,32,65
6/13/2015 12:00:00 AM,8/29/2015 12:00:00 AM,83,19,64
6/13/2015 12:00:00 AM,8/30/2015 12:00:00 AM,303,19,284
6/13/2015 12:00:00 AM,8/31/2015 12:00:00 AM,297,13,284
6/13/2015 12:00:00 AM,9/1/2015 12:00:00 AM,334,26,308
6/13/2015 12:00:00 AM,9/2/2015 12:00:00 AM,334,26,308
6/13/2015 12:00:00 AM,9/3/2015 12:00:00 AM,334,26,308
6/13/2015 12:00:00 AM,9/4/2015 12:00:00 AM,334,26,308
6/13/2015 12:00:00 AM,9/5/2015 12:00:00 AM,321,13,308
6/13/2015 12:00:00 AM,9/6/2015 12:00:00 AM,101,13,88
6/13/2015 12:00:00 AM,9/7/2015 12:00:00 AM,150,13,137
6/13/2015 12:00:00 AM,9/8/2015 12:00:00 AM,161,13,148
6/13/2015 12:00:00 AM,9/9/2015 12:00:00 AM,161,13,148
6/13/2015 12:00:00 AM,9/10/2015 12:00:00 AM,161,13,148
6/13/2015 12:00:00 AM,9/11/2015 12:00:00 AM,161,13,148
6/13/2015 12:00:00 AM,9/12/2015 12:00:00 AM,7673,4854,2819
6/12/2015 12:00:00 AM,6/13/2015 12:00:00 AM,6312,2437,3875
6/12/2015 12:00:00 AM,6/14/2015 12:00:00 AM,4822,947,3875
6/12/2015 12:00:00 AM,6/15/2015 12:00:00 AM,290,170,120
6/12/2015 12:00:00 AM,6/16/2015 12:00:00 AM,139,19,120
6/12/2015 12:00:00 AM,6/17/2015 12:00:00 AM,290,170,120
6/12/2015 12:00:00 AM,6/18/2015 12:00:00 AM,139,19,120
6/12/2015 12:00:00 AM,6/19/2015 12:00:00 AM,139,19,120
6/12/2015 12:00:00 AM,6/20/2015 12:00:00 AM,100,19,81
6/12/2015 12:00:00 AM,6/21/2015 12:00:00 AM,100,19,81
6/12/2015 12:00:00 AM,6/22/2015 12:00:00 AM,101,20,81
6/12/2015 12:00:00 AM,6/23/2015 12:00:00 AM,101,20,81
6/12/2015 12:00:00 AM,6/24/2015 12:00:00 AM,101,20,81
6/12/2015 12:00:00 AM,6/25/2015 12:00:00 AM,166,20,146
6/12/2015 12:00:00 AM,6/26/2015 12:00:00 AM,101,20,81
6/12/2015 12:00:00 AM,6/27/2015 12:00:00 AM,52,19,33
6/12/2015 12:00:00 AM,6/28/2015 12:00:00 AM,52,19,33
6/12/2015 12:00:00 AM,6/29/2015 12:00:00 AM,53,20,33
6/12/2015 12:00:00 AM,6/30/2015 12:00:00 AM,53,20,33
6/12/2015 12:00:00 AM,7/1/2015 12:00:00 AM,53,20,33
6/12/2015 12:00:00 AM,7/2/2015 12:00:00 AM,53,20,33
6/12/2015 12:00:00 AM,7/3/2015 12:00:00 AM,53,20,33
6/12/2015 12:00:00 AM,7/4/2015 12:00:00 AM,52,19,33
6/12/2015 12:00:00 AM,7/5/2015 12:00:00 AM,52,19,33
6/12/2015 12:00:00 AM,7/6/2015 12:00:00 AM,52,19,33
6/12/2015 12:00:00 AM,7/7/2015 12:00:00 AM,117,19,98
6/12/2015 12:00:00 AM,7/8/2015 12:00:00 AM,182,19,163
6/12/2015 12:00:00 AM,7/9/2015 12:00:00 AM,117,19,98
6/12/2015 12:00:00 AM,7/10/2015 12:00:00 AM,117,19,98
6/12/2015 12:00:00 AM,7/11/2015 12:00:00 AM,87,22,65
6/12/2015 12:00:00 AM,7/12/2015 12:00:00 AM,87,22,65
6/12/2015 12:00:00 AM,7/13/2015 12:00:00 AM,101,36,65
6/12/2015 12:00:00 AM,7/14/2015 12:00:00 AM,101,36,65
6/12/2015 12:00:00 AM,7/15/2015 12:00:00 AM,122,36,86
6/12/2015 12:00:00 AM,7/16/2015 12:00:00 AM,101,36,65
6/12/2015 12:00:00 AM,7/17/2015 12:00:00 AM,101,36,65
6/12/2015 12:00:00 AM,7/18/2015 12:00:00 AM,100,35,65
6/12/2015 12:00:00 AM,7/19/2015 12:00:00 AM,87,22,65
6/12/2015 12:00:00 AM,7/20/2015 12:00:00 AM,133,35,98
6/12/2015 12:00:00 AM,7/21/2015 12:00:00 AM,133,35,98
6/12/2015 12:00:00 AM,7/22/2015 12:00:00 AM,133,35,98
6/12/2015 12:00:00 AM,7/23/2015 12:00:00 AM,133,35,98
6/12/2015 12:00:00 AM,7/24/2015 12:00:00 AM,133,35,98
6/12/2015 12:00:00 AM,7/25/2015 12:00:00 AM,133,35,98
6/12/2015 12:00:00 AM,7/26/2015 12:00:00 AM,120,22,98
6/12/2015 12:00:00 AM,7/27/2015 12:00:00 AM,198,35,163
6/12/2015 12:00:00 AM,7/28/2015 12:00:00 AM,198,35,163
6/12/2015 12:00:00 AM,7/29/2015 12:00:00 AM,263,35,228
6/12/2015 12:00:00 AM,7/30/2015 12:00:00 AM,198,35,163
6/12/2015 12:00:00 AM,7/31/2015 12:00:00 AM,198,35,163
6/12/2015 12:00:00 AM,8/1/2015 12:00:00 AM,165,35,130
6/12/2015 12:00:00 AM,8/2/2015 12:00:00 AM,152,22,130
6/12/2015 12:00:00 AM,8/3/2015 12:00:00 AM,197,35,162
6/12/2015 12:00:00 AM,8/4/2015 12:00:00 AM,197,35,162
6/12/2015 12:00:00 AM,8/5/2015 12:00:00 AM,197,35,162
6/12/2015 12:00:00 AM,8/6/2015 12:00:00 AM,132,35,97
6/12/2015 12:00:00 AM,8/7/2015 12:00:00 AM,132,35,97
6/12/2015 12:00:00 AM,8/8/2015 12:00:00 AM,132,35,97
6/12/2015 12:00:00 AM,8/9/2015 12:00:00 AM,119,22,97
6/12/2015 12:00:00 AM,8/10/2015 12:00:00 AM,132,35,97
6/12/2015 12:00:00 AM,8/11/2015 12:00:00 AM,132,35,97
6/12/2015 12:00:00 AM,8/12/2015 12:00:00 AM,132,35,97
6/12/2015 12:00:00 AM,8/13/2015 12:00:00 AM,132,35,97
6/12/2015 12:00:00 AM,8/14/2015 12:00:00 AM,132,35,97
6/12/2015 12:00:00 AM,8/15/2015 12:00:00 AM,119,22,97
6/12/2015 12:00:00 AM,8/16/2015 12:00:00 AM,119,22,97
6/12/2015 12:00:00 AM,8/17/2015 12:00:00 AM,331,233,98
6/12/2015 12:00:00 AM,8/18/2015 12:00:00 AM,331,233,98
6/12/2015 12:00:00 AM,8/19/2015 12:00:00 AM,328,230,98
6/12/2015 12:00:00 AM,8/20/2015 12:00:00 AM,328,230,98
6/12/2015 12:00:00 AM,8/21/2015 12:00:00 AM,130,32,98
6/12/2015 12:00:00 AM,8/22/2015 12:00:00 AM,117,19,98
6/12/2015 12:00:00 AM,8/23/2015 12:00:00 AM,117,19,98
6/12/2015 12:00:00 AM,8/24/2015 12:00:00 AM,162,32,130
6/12/2015 12:00:00 AM,8/25/2015 12:00:00 AM,227,32,195
6/12/2015 12:00:00 AM,8/26/2015 12:00:00 AM,162,32,130
6/12/2015 12:00:00 AM,8/27/2015 12:00:00 AM,162,32,130
6/12/2015 12:00:00 AM,8/28/2015 12:00:00 AM,97,32,65
6/12/2015 12:00:00 AM,8/29/2015 12:00:00 AM,83,19,64
6/12/2015 12:00:00 AM,8/30/2015 12:00:00 AM,303,19,284
6/12/2015 12:00:00 AM,8/31/2015 12:00:00 AM,297,13,284
6/12/2015 12:00:00 AM,9/1/2015 12:00:00 AM,334,26,308
6/12/2015 12:00:00 AM,9/2/2015 12:00:00 AM,334,26,308
6/12/2015 12:00:00 AM,9/3/2015 12:00:00 AM,334,26,308
6/12/2015 12:00:00 AM,9/4/2015 12:00:00 AM,334,26,308
6/12/2015 12:00:00 AM,9/5/2015 12:00:00 AM,321,13,308
6/12/2015 12:00:00 AM,9/6/2015 12:00:00 AM,101,13,88
6/12/2015 12:00:00 AM,9/7/2015 12:00:00 AM,150,13,137
6/12/2015 12:00:00 AM,9/8/2015 12:00:00 AM,161,13,148
6/12/2015 12:00:00 AM,9/9/2015 12:00:00 AM,161,13,148
6/12/2015 12:00:00 AM,9/10/2015 12:00:00 AM,161,13,148
6/12/2015 12:00:00 AM,9/11/2015 12:00:00 AM,161,13,148
6/11/2015 12:00:00 AM,6/12/2015 12:00:00 AM,7333,3412,3921
6/11/2015 12:00:00 AM,6/13/2015 12:00:00 AM,6074,2247,3827
6/11/2015 12:00:00 AM,6/14/2015 12:00:00 AM,5284,1457,3827
6/11/2015 12:00:00 AM,6/15/2015 12:00:00 AM,290,170,120
6/11/2015 12:00:00 AM,6/16/2015 12:00:00 AM,139,19,120
6/11/2015 12:00:00 AM,6/17/2015 12:00:00 AM,139,19,120
6/11/2015 12:00:00 AM,6/18/2015 12:00:00 AM,139,19,120
6/11/2015 12:00:00 AM,6/19/2015 12:00:00 AM,139,19,120
6/11/2015 12:00:00 AM,6/20/2015 12:00:00 AM,100,19,81
6/11/2015 12:00:00 AM,6/21/2015 12:00:00 AM,100,19,81
6/11/2015 12:00:00 AM,6/22/2015 12:00:00 AM,101,20,81
6/11/2015 12:00:00 AM,6/23/2015 12:00:00 AM,101,20,81
6/11/2015 12:00:00 AM,6/24/2015 12:00:00 AM,101,20,81
6/11/2015 12:00:00 AM,6/25/2015 12:00:00 AM,166,20,146
6/11/2015 12:00:00 AM,6/26/2015 12:00:00 AM,101,20,81
6/11/2015 12:00:00 AM,6/27/2015 12:00:00 AM,52,19,33
6/11/2015 12:00:00 AM,6/28/2015 12:00:00 AM,52,19,33
6/11/2015 12:00:00 AM,6/29/2015 12:00:00 AM,53,20,33
6/11/2015 12:00:00 AM,6/30/2015 12:00:00 AM,53,20,33
6/11/2015 12:00:00 AM,7/1/2015 12:00:00 AM,53,20,33
6/11/2015 12:00:00 AM,7/2/2015 12:00:00 AM,53,20,33
6/11/2015 12:00:00 AM,7/3/2015 12:00:00 AM,53,20,33
6/11/2015 12:00:00 AM,7/4/2015 12:00:00 AM,52,19,33
6/11/2015 12:00:00 AM,7/5/2015 12:00:00 AM,52,19,33
6/11/2015 12:00:00 AM,7/6/2015 12:00:00 AM,52,19,33
6/11/2015 12:00:00 AM,7/7/2015 12:00:00 AM,117,19,98
6/11/2015 12:00:00 AM,7/8/2015 12:00:00 AM,182,19,163
6/11/2015 12:00:00 AM,7/9/2015 12:00:00 AM,117,19,98
6/11/2015 12:00:00 AM,7/10/2015 12:00:00 AM,117,19,98
6/11/2015 12:00:00 AM,7/11/2015 12:00:00 AM,87,22,65
6/11/2015 12:00:00 AM,7/12/2015 12:00:00 AM,87,22,65
6/11/2015 12:00:00 AM,7/13/2015 12:00:00 AM,101,36,65
6/11/2015 12:00:00 AM,7/14/2015 12:00:00 AM,101,36,65
6/11/2015 12:00:00 AM,7/15/2015 12:00:00 AM,101,36,65
6/11/2015 12:00:00 AM,7/16/2015 12:00:00 AM,101,36,65
6/11/2015 12:00:00 AM,7/17/2015 12:00:00 AM,101,36,65
6/11/2015 12:00:00 AM,7/18/2015 12:00:00 AM,100,35,65
6/11/2015 12:00:00 AM,7/19/2015 12:00:00 AM,87,22,65
6/11/2015 12:00:00 AM,7/20/2015 12:00:00 AM,133,35,98
6/11/2015 12:00:00 AM,7/21/2015 12:00:00 AM,133,35,98
6/11/2015 12:00:00 AM,7/22/2015 12:00:00 AM,133,35,98
6/11/2015 12:00:00 AM,7/23/2015 12:00:00 AM,133,35,98
6/11/2015 12:00:00 AM,7/24/2015 12:00:00 AM,133,35,98
6/11/2015 12:00:00 AM,7/25/2015 12:00:00 AM,133,35,98
6/11/2015 12:00:00 AM,7/26/2015 12:00:00 AM,120,22,98
6/11/2015 12:00:00 AM,7/27/2015 12:00:00 AM,198,35,163
6/11/2015 12:00:00 AM,7/28/2015 12:00:00 AM,198,35,163
6/11/2015 12:00:00 AM,7/29/2015 12:00:00 AM,263,35,228
6/11/2015 12:00:00 AM,7/30/2015 12:00:00 AM,198,35,163
6/11/2015 12:00:00 AM,7/31/2015 12:00:00 AM,198,35,163
6/11/2015 12:00:00 AM,8/1/2015 12:00:00 AM,165,35,130
6/11/2015 12:00:00 AM,8/2/2015 12:00:00 AM,152,22,130
6/11/2015 12:00:00 AM,8/3/2015 12:00:00 AM,197,35,162
6/11/2015 12:00:00 AM,8/4/2015 12:00:00 AM,197,35,162
6/11/2015 12:00:00 AM,8/5/2015 12:00:00 AM,197,35,162
6/11/2015 12:00:00 AM,8/6/2015 12:00:00 AM,132,35,97
6/11/2015 12:00:00 AM,8/7/2015 12:00:00 AM,132,35,97
6/11/2015 12:00:00 AM,8/8/2015 12:00:00 AM,132,35,97
6/11/2015 12:00:00 AM,8/9/2015 12:00:00 AM,119,22,97
6/11/2015 12:00:00 AM,8/10/2015 12:00:00 AM,132,35,97
6/11/2015 12:00:00 AM,8/11/2015 12:00:00 AM,132,35,97
6/11/2015 12:00:00 AM,8/12/2015 12:00:00 AM,132,35,97
6/11/2015 12:00:00 AM,8/13/2015 12:00:00 AM,132,35,97
6/11/2015 12:00:00 AM,8/14/2015 12:00:00 AM,132,35,97
6/11/2015 12:00:00 AM,8/15/2015 12:00:00 AM,119,22,97
6/11/2015 12:00:00 AM,8/16/2015 12:00:00 AM,119,22,97
6/11/2015 12:00:00 AM,8/17/2015 12:00:00 AM,331,233,98
6/11/2015 12:00:00 AM,8/18/2015 12:00:00 AM,331,233,98
6/11/2015 12:00:00 AM,8/19/2015 12:00:00 AM,328,230,98
6/11/2015 12:00:00 AM,8/20/2015 12:00:00 AM,328,230,98
6/11/2015 12:00:00 AM,8/21/2015 12:00:00 AM,130,32,98
6/11/2015 12:00:00 AM,8/22/2015 12:00:00 AM,117,19,98
6/11/2015 12:00:00 AM,8/23/2015 12:00:00 AM,117,19,98
6/11/2015 12:00:00 AM,8/24/2015 12:00:00 AM,162,32,130
6/11/2015 12:00:00 AM,8/25/2015 12:00:00 AM,227,32,195
6/11/2015 12:00:00 AM,8/26/2015 12:00:00 AM,162,32,130
6/11/2015 12:00:00 AM,8/27/2015 12:00:00 AM,162,32,130
6/11/2015 12:00:00 AM,8/28/2015 12:00:00 AM,97,32,65
6/11/2015 12:00:00 AM,8/29/2015 12:00:00 AM,83,19,64
6/11/2015 12:00:00 AM,8/30/2015 12:00:00 AM,303,19,284
6/11/2015 12:00:00 AM,8/31/2015 12:00:00 AM,297,13,284
6/11/2015 12:00:00 AM,9/1/2015 12:00:00 AM,334,26,308
6/11/2015 12:00:00 AM,9/2/2015 12:00:00 AM,334,26,308
6/11/2015 12:00:00 AM,9/3/2015 12:00:00 AM,334,26,308
6/11/2015 12:00:00 AM,9/4/2015 12:00:00 AM,334,26,308
6/11/2015 12:00:00 AM,9/5/2015 12:00:00 AM,321,13,308
6/11/2015 12:00:00 AM,9/6/2015 12:00:00 AM,101,13,88
6/11/2015 12:00:00 AM,9/7/2015 12:00:00 AM,150,13,137
6/11/2015 12:00:00 AM,9/8/2015 12:00:00 AM,161,13,148
6/11/2015 12:00:00 AM,9/9/2015 12:00:00 AM,161,13,148
6/11/2015 12:00:00 AM,9/10/2015 12:00:00 AM,161,13,148
6/10/2015 12:00:00 AM,6/11/2015 12:00:00 AM,7618,3642,3976
6/10/2015 12:00:00 AM,6/12/2015 12:00:00 AM,7333,3412,3921
6/10/2015 12:00:00 AM,6/13/2015 12:00:00 AM,6074,2247,3827
6/10/2015 12:00:00 AM,6/14/2015 12:00:00 AM,5284,1457,3827
6/10/2015 12:00:00 AM,6/15/2015 12:00:00 AM,290,170,120
6/10/2015 12:00:00 AM,6/16/2015 12:00:00 AM,139,19,120
6/10/2015 12:00:00 AM,6/17/2015 12:00:00 AM,139,19,120
6/10/2015 12:00:00 AM,6/18/2015 12:00:00 AM,139,19,120
6/10/2015 12:00:00 AM,6/19/2015 12:00:00 AM,139,19,120
6/10/2015 12:00:00 AM,6/20/2015 12:00:00 AM,100,19,81
6/10/2015 12:00:00 AM,6/21/2015 12:00:00 AM,100,19,81
6/10/2015 12:00:00 AM,6/22/2015 12:00:00 AM,101,20,81
6/10/2015 12:00:00 AM,6/23/2015 12:00:00 AM,101,20,81
6/10/2015 12:00:00 AM,6/24/2015 12:00:00 AM,101,20,81
6/10/2015 12:00:00 AM,6/25/2015 12:00:00 AM,166,20,146
6/10/2015 12:00:00 AM,6/26/2015 12:00:00 AM,101,20,81
6/10/2015 12:00:00 AM,6/27/2015 12:00:00 AM,52,19,33
6/10/2015 12:00:00 AM,6/28/2015 12:00:00 AM,52,19,33
6/10/2015 12:00:00 AM,6/29/2015 12:00:00 AM,53,20,33
6/10/2015 12:00:00 AM,6/30/2015 12:00:00 AM,53,20,33
6/10/2015 12:00:00 AM,7/1/2015 12:00:00 AM,53,20,33
6/10/2015 12:00:00 AM,7/2/2015 12:00:00 AM,53,20,33
6/10/2015 12:00:00 AM,7/3/2015 12:00:00 AM,53,20,33
6/10/2015 12:00:00 AM,7/4/2015 12:00:00 AM,52,19,33
6/10/2015 12:00:00 AM,7/5/2015 12:00:00 AM,52,19,33
6/10/2015 12:00:00 AM,7/6/2015 12:00:00 AM,52,19,33
6/10/2015 12:00:00 AM,7/7/2015 12:00:00 AM,117,19,98
6/10/2015 12:00:00 AM,7/8/2015 12:00:00 AM,182,19,163
6/10/2015 12:00:00 AM,7/9/2015 12:00:00 AM,117,19,98
6/10/2015 12:00:00 AM,7/10/2015 12:00:00 AM,117,19,98
6/10/2015 12:00:00 AM,7/11/2015 12:00:00 AM,84,19,65
6/10/2015 12:00:00 AM,7/12/2015 12:00:00 AM,84,19,65
6/10/2015 12:00:00 AM,7/13/2015 12:00:00 AM,98,33,65
6/10/2015 12:00:00 AM,7/14/2015 12:00:00 AM,98,33,65
6/10/2015 12:00:00 AM,7/15/2015 12:00:00 AM,98,33,65
6/10/2015 12:00:00 AM,7/16/2015 12:00:00 AM,98,33,65
6/10/2015 12:00:00 AM,7/17/2015 12:00:00 AM,98,33,65
6/10/2015 12:00:00 AM,7/18/2015 12:00:00 AM,97,32,65
6/10/2015 12:00:00 AM,7/19/2015 12:00:00 AM,84,19,65
6/10/2015 12:00:00 AM,7/20/2015 12:00:00 AM,130,32,98
6/10/2015 12:00:00 AM,7/21/2015 12:00:00 AM,130,32,98
6/10/2015 12:00:00 AM,7/22/2015 12:00:00 AM,130,32,98
6/10/2015 12:00:00 AM,7/23/2015 12:00:00 AM,130,32,98
6/10/2015 12:00:00 AM,7/24/2015 12:00:00 AM,130,32,98
6/10/2015 12:00:00 AM,7/25/2015 12:00:00 AM,130,32,98
6/10/2015 12:00:00 AM,7/26/2015 12:00:00 AM,117,19,98
6/10/2015 12:00:00 AM,7/27/2015 12:00:00 AM,195,32,163
6/10/2015 12:00:00 AM,7/28/2015 12:00:00 AM,195,32,163
6/10/2015 12:00:00 AM,7/29/2015 12:00:00 AM,260,32,228
6/10/2015 12:00:00 AM,7/30/2015 12:00:00 AM,195,32,163
6/10/2015 12:00:00 AM,7/31/2015 12:00:00 AM,195,32,163
6/10/2015 12:00:00 AM,8/1/2015 12:00:00 AM,162,32,130
6/10/2015 12:00:00 AM,8/2/2015 12:00:00 AM,149,19,130
6/10/2015 12:00:00 AM,8/3/2015 12:00:00 AM,194,32,162
6/10/2015 12:00:00 AM,8/4/2015 12:00:00 AM,194,32,162
6/10/2015 12:00:00 AM,8/5/2015 12:00:00 AM,194,32,162
6/10/2015 12:00:00 AM,8/6/2015 12:00:00 AM,129,32,97
6/10/2015 12:00:00 AM,8/7/2015 12:00:00 AM,129,32,97
6/10/2015 12:00:00 AM,8/8/2015 12:00:00 AM,129,32,97
6/10/2015 12:00:00 AM,8/9/2015 12:00:00 AM,116,19,97
6/10/2015 12:00:00 AM,8/10/2015 12:00:00 AM,129,32,97
6/10/2015 12:00:00 AM,8/11/2015 12:00:00 AM,129,32,97
6/10/2015 12:00:00 AM,8/12/2015 12:00:00 AM,129,32,97
6/10/2015 12:00:00 AM,8/13/2015 12:00:00 AM,129,32,97
6/10/2015 12:00:00 AM,8/14/2015 12:00:00 AM,129,32,97
6/10/2015 12:00:00 AM,8/15/2015 12:00:00 AM,116,19,97
6/10/2015 12:00:00 AM,8/16/2015 12:00:00 AM,116,19,97
6/10/2015 12:00:00 AM,8/17/2015 12:00:00 AM,328,230,98
6/10/2015 12:00:00 AM,8/18/2015 12:00:00 AM,328,230,98
6/10/2015 12:00:00 AM,8/19/2015 12:00:00 AM,328,230,98
6/10/2015 12:00:00 AM,8/20/2015 12:00:00 AM,328,230,98
6/10/2015 12:00:00 AM,8/21/2015 12:00:00 AM,130,32,98
6/10/2015 12:00:00 AM,8/22/2015 12:00:00 AM,117,19,98
6/10/2015 12:00:00 AM,8/23/2015 12:00:00 AM,117,19,98
6/10/2015 12:00:00 AM,8/24/2015 12:00:00 AM,162,32,130
6/10/2015 12:00:00 AM,8/25/2015 12:00:00 AM,227,32,195
6/10/2015 12:00:00 AM,8/26/2015 12:00:00 AM,162,32,130
6/10/2015 12:00:00 AM,8/27/2015 12:00:00 AM,162,32,130
6/10/2015 12:00:00 AM,8/28/2015 12:00:00 AM,97,32,65
6/10/2015 12:00:00 AM,8/29/2015 12:00:00 AM,83,19,64
6/10/2015 12:00:00 AM,8/30/2015 12:00:00 AM,303,19,284
6/10/2015 12:00:00 AM,8/31/2015 12:00:00 AM,297,13,284
6/10/2015 12:00:00 AM,9/1/2015 12:00:00 AM,334,26,308
6/10/2015 12:00:00 AM,9/2/2015 12:00:00 AM,334,26,308
6/10/2015 12:00:00 AM,9/3/2015 12:00:00 AM,334,26,308
6/10/2015 12:00:00 AM,9/4/2015 12:00:00 AM,334,26,308
6/10/2015 12:00:00 AM,9/5/2015 12:00:00 AM,321,13,308
6/10/2015 12:00:00 AM,9/6/2015 12:00:00 AM,101,13,88
6/10/2015 12:00:00 AM,9/7/2015 12:00:00 AM,150,13,137
6/10/2015 12:00:00 AM,9/8/2015 12:00:00 AM,161,13,148
6/10/2015 12:00:00 AM,9/9/2015 12:00:00 AM,161,13,148
6/9/2015 12:00:00 AM,6/10/2015 12:00:00 AM,7861,3642,4219
6/9/2015 12:00:00 AM,6/11/2015 12:00:00 AM,7069,3057,4012
6/9/2015 12:00:00 AM,6/12/2015 12:00:00 AM,6784,2827,3957
6/9/2015 12:00:00 AM,6/13/2015 12:00:00 AM,5525,1662,3863
6/9/2015 12:00:00 AM,6/14/2015 12:00:00 AM,4699,872,3827
6/9/2015 12:00:00 AM,6/15/2015 12:00:00 AM,290,170,120
6/9/2015 12:00:00 AM,6/16/2015 12:00:00 AM,139,19,120
6/9/2015 12:00:00 AM,6/17/2015 12:00:00 AM,139,19,120
6/9/2015 12:00:00 AM,6/18/2015 12:00:00 AM,139,19,120
6/9/2015 12:00:00 AM,6/19/2015 12:00:00 AM,139,19,120
6/9/2015 12:00:00 AM,6/20/2015 12:00:00 AM,100,19,81
6/9/2015 12:00:00 AM,6/21/2015 12:00:00 AM,100,19,81
6/9/2015 12:00:00 AM,6/22/2015 12:00:00 AM,101,20,81
6/9/2015 12:00:00 AM,6/23/2015 12:00:00 AM,101,20,81
6/9/2015 12:00:00 AM,6/24/2015 12:00:00 AM,101,20,81
6/9/2015 12:00:00 AM,6/25/2015 12:00:00 AM,166,20,146
6/9/2015 12:00:00 AM,6/26/2015 12:00:00 AM,101,20,81
6/9/2015 12:00:00 AM,6/27/2015 12:00:00 AM,52,19,33
6/9/2015 12:00:00 AM,6/28/2015 12:00:00 AM,52,19,33
6/9/2015 12:00:00 AM,6/29/2015 12:00:00 AM,53,20,33
6/9/2015 12:00:00 AM,6/30/2015 12:00:00 AM,53,20,33
6/9/2015 12:00:00 AM,7/1/2015 12:00:00 AM,53,20,33
6/9/2015 12:00:00 AM,7/2/2015 12:00:00 AM,53,20,33
6/9/2015 12:00:00 AM,7/3/2015 12:00:00 AM,53,20,33
6/9/2015 12:00:00 AM,7/4/2015 12:00:00 AM,52,19,33
6/9/2015 12:00:00 AM,7/5/2015 12:00:00 AM,52,19,33
6/9/2015 12:00:00 AM,7/6/2015 12:00:00 AM,52,19,33
6/9/2015 12:00:00 AM,7/7/2015 12:00:00 AM,117,19,98
6/9/2015 12:00:00 AM,7/8/2015 12:00:00 AM,182,19,163
6/9/2015 12:00:00 AM,7/9/2015 12:00:00 AM,117,19,98
6/9/2015 12:00:00 AM,7/10/2015 12:00:00 AM,117,19,98
6/9/2015 12:00:00 AM,7/11/2015 12:00:00 AM,84,19,65
6/9/2015 12:00:00 AM,7/12/2015 12:00:00 AM,84,19,65
6/9/2015 12:00:00 AM,7/13/2015 12:00:00 AM,98,33,65
6/9/2015 12:00:00 AM,7/14/2015 12:00:00 AM,98,33,65
6/9/2015 12:00:00 AM,7/15/2015 12:00:00 AM,98,33,65
6/9/2015 12:00:00 AM,7/16/2015 12:00:00 AM,98,33,65
6/9/2015 12:00:00 AM,7/17/2015 12:00:00 AM,98,33,65
6/9/2015 12:00:00 AM,7/18/2015 12:00:00 AM,97,32,65
6/9/2015 12:00:00 AM,7/19/2015 12:00:00 AM,84,19,65
6/9/2015 12:00:00 AM,7/20/2015 12:00:00 AM,130,32,98
6/9/2015 12:00:00 AM,7/21/2015 12:00:00 AM,130,32,98
6/9/2015 12:00:00 AM,7/22/2015 12:00:00 AM,130,32,98
6/9/2015 12:00:00 AM,7/23/2015 12:00:00 AM,130,32,98
6/9/2015 12:00:00 AM,7/24/2015 12:00:00 AM,130,32,98
6/9/2015 12:00:00 AM,7/25/2015 12:00:00 AM,130,32,98
6/9/2015 12:00:00 AM,7/26/2015 12:00:00 AM,117,19,98
6/9/2015 12:00:00 AM,7/27/2015 12:00:00 AM,195,32,163
6/9/2015 12:00:00 AM,7/28/2015 12:00:00 AM,195,32,163
6/9/2015 12:00:00 AM,7/29/2015 12:00:00 AM,260,32,228
6/9/2015 12:00:00 AM,7/30/2015 12:00:00 AM,195,32,163
6/9/2015 12:00:00 AM,7/31/2015 12:00:00 AM,195,32,163
6/9/2015 12:00:00 AM,8/1/2015 12:00:00 AM,162,32,130
6/9/2015 12:00:00 AM,8/2/2015 12:00:00 AM,149,19,130
6/9/2015 12:00:00 AM,8/3/2015 12:00:00 AM,194,32,162
6/9/2015 12:00:00 AM,8/4/2015 12:00:00 AM,194,32,162
6/9/2015 12:00:00 AM,8/5/2015 12:00:00 AM,194,32,162
6/9/2015 12:00:00 AM,8/6/2015 12:00:00 AM,129,32,97
6/9/2015 12:00:00 AM,8/7/2015 12:00:00 AM,129,32,97
6/9/2015 12:00:00 AM,8/8/2015 12:00:00 AM,129,32,97
6/9/2015 12:00:00 AM,8/9/2015 12:00:00 AM,116,19,97
6/9/2015 12:00:00 AM,8/10/2015 12:00:00 AM,129,32,97
6/9/2015 12:00:00 AM,8/11/2015 12:00:00 AM,129,32,97
6/9/2015 12:00:00 AM,8/12/2015 12:00:00 AM,129,32,97
6/9/2015 12:00:00 AM,8/13/2015 12:00:00 AM,129,32,97
6/9/2015 12:00:00 AM,8/14/2015 12:00:00 AM,129,32,97
6/9/2015 12:00:00 AM,8/15/2015 12:00:00 AM,116,19,97
6/9/2015 12:00:00 AM,8/16/2015 12:00:00 AM,116,19,97
6/9/2015 12:00:00 AM,8/17/2015 12:00:00 AM,328,230,98
6/9/2015 12:00:00 AM,8/18/2015 12:00:00 AM,328,230,98
6/9/2015 12:00:00 AM,8/19/2015 12:00:00 AM,328,230,98
6/9/2015 12:00:00 AM,8/20/2015 12:00:00 AM,328,230,98
6/9/2015 12:00:00 AM,8/21/2015 12:00:00 AM,130,32,98
6/9/2015 12:00:00 AM,8/22/2015 12:00:00 AM,117,19,98
6/9/2015 12:00:00 AM,8/23/2015 12:00:00 AM,117,19,98
6/9/2015 12:00:00 AM,8/24/2015 12:00:00 AM,162,32,130
6/9/2015 12:00:00 AM,8/25/2015 12:00:00 AM,227,32,195
6/9/2015 12:00:00 AM,8/26/2015 12:00:00 AM,162,32,130
6/9/2015 12:00:00 AM,8/27/2015 12:00:00 AM,162,32,130
6/9/2015 12:00:00 AM,8/28/2015 12:00:00 AM,97,32,65
6/9/2015 12:00:00 AM,8/29/2015 12:00:00 AM,83,19,64
6/9/2015 12:00:00 AM,8/30/2015 12:00:00 AM,303,19,284
6/9/2015 12:00:00 AM,8/31/2015 12:00:00 AM,297,13,284
6/9/2015 12:00:00 AM,9/1/2015 12:00:00 AM,334,26,308
6/9/2015 12:00:00 AM,9/2/2015 12:00:00 AM,334,26,308
6/9/2015 12:00:00 AM,9/3/2015 12:00:00 AM,334,26,308
6/9/2015 12:00:00 AM,9/4/2015 12:00:00 AM,334,26,308
6/9/2015 12:00:00 AM,9/5/2015 12:00:00 AM,321,13,308
6/9/2015 12:00:00 AM,9/6/2015 12:00:00 AM,101,13,88
6/9/2015 12:00:00 AM,9/7/2015 12:00:00 AM,150,13,137
6/9/2015 12:00:00 AM,9/8/2015 12:00:00 AM,161,13,148
6/8/2015 12:00:00 AM,6/9/2015 12:00:00 AM,7844,3642,4202
6/8/2015 12:00:00 AM,6/10/2015 12:00:00 AM,7144,2942,4202
6/8/2015 12:00:00 AM,6/11/2015 12:00:00 AM,6139,2127,4012
6/8/2015 12:00:00 AM,6/12/2015 12:00:00 AM,6084,2127,3957
6/8/2015 12:00:00 AM,6/13/2015 12:00:00 AM,4568,705,3863
6/8/2015 12:00:00 AM,6/14/2015 12:00:00 AM,4532,705,3827
6/8/2015 12:00:00 AM,6/15/2015 12:00:00 AM,290,170,120
6/8/2015 12:00:00 AM,6/16/2015 12:00:00 AM,139,19,120
6/8/2015 12:00:00 AM,6/17/2015 12:00:00 AM,139,19,120
6/8/2015 12:00:00 AM,6/18/2015 12:00:00 AM,139,19,120
6/8/2015 12:00:00 AM,6/19/2015 12:00:00 AM,139,19,120
6/8/2015 12:00:00 AM,6/20/2015 12:00:00 AM,100,19,81
6/8/2015 12:00:00 AM,6/21/2015 12:00:00 AM,100,19,81
6/8/2015 12:00:00 AM,6/22/2015 12:00:00 AM,101,20,81
6/8/2015 12:00:00 AM,6/23/2015 12:00:00 AM,101,20,81
6/8/2015 12:00:00 AM,6/24/2015 12:00:00 AM,101,20,81
6/8/2015 12:00:00 AM,6/25/2015 12:00:00 AM,166,20,146
6/8/2015 12:00:00 AM,6/26/2015 12:00:00 AM,101,20,81
6/8/2015 12:00:00 AM,6/27/2015 12:00:00 AM,52,19,33
6/8/2015 12:00:00 AM,6/28/2015 12:00:00 AM,52,19,33
6/8/2015 12:00:00 AM,6/29/2015 12:00:00 AM,53,20,33
6/8/2015 12:00:00 AM,6/30/2015 12:00:00 AM,53,20,33
6/8/2015 12:00:00 AM,7/1/2015 12:00:00 AM,53,20,33
6/8/2015 12:00:00 AM,7/2/2015 12:00:00 AM,53,20,33
6/8/2015 12:00:00 AM,7/3/2015 12:00:00 AM,53,20,33
6/8/2015 12:00:00 AM,7/4/2015 12:00:00 AM,52,19,33
6/8/2015 12:00:00 AM,7/5/2015 12:00:00 AM,52,19,33
6/8/2015 12:00:00 AM,7/6/2015 12:00:00 AM,52,19,33
6/8/2015 12:00:00 AM,7/7/2015 12:00:00 AM,117,19,98
6/8/2015 12:00:00 AM,7/8/2015 12:00:00 AM,182,19,163
6/8/2015 12:00:00 AM,7/9/2015 12:00:00 AM,117,19,98
6/8/2015 12:00:00 AM,7/10/2015 12:00:00 AM,117,19,98
6/8/2015 12:00:00 AM,7/11/2015 12:00:00 AM,84,19,65
6/8/2015 12:00:00 AM,7/12/2015 12:00:00 AM,84,19,65
6/8/2015 12:00:00 AM,7/13/2015 12:00:00 AM,98,33,65
6/8/2015 12:00:00 AM,7/14/2015 12:00:00 AM,98,33,65
6/8/2015 12:00:00 AM,7/15/2015 12:00:00 AM,98,33,65
6/8/2015 12:00:00 AM,7/16/2015 12:00:00 AM,98,33,65
6/8/2015 12:00:00 AM,7/17/2015 12:00:00 AM,98,33,65
6/8/2015 12:00:00 AM,7/18/2015 12:00:00 AM,97,32,65
6/8/2015 12:00:00 AM,7/19/2015 12:00:00 AM,84,19,65
6/8/2015 12:00:00 AM,7/20/2015 12:00:00 AM,130,32,98
6/8/2015 12:00:00 AM,7/21/2015 12:00:00 AM,130,32,98
6/8/2015 12:00:00 AM,7/22/2015 12:00:00 AM,130,32,98
6/8/2015 12:00:00 AM,7/23/2015 12:00:00 AM,130,32,98
6/8/2015 12:00:00 AM,7/24/2015 12:00:00 AM,130,32,98
6/8/2015 12:00:00 AM,7/25/2015 12:00:00 AM,130,32,98
6/8/2015 12:00:00 AM,7/26/2015 12:00:00 AM,117,19,98
6/8/2015 12:00:00 AM,7/27/2015 12:00:00 AM,195,32,163
6/8/2015 12:00:00 AM,7/28/2015 12:00:00 AM,195,32,163
6/8/2015 12:00:00 AM,7/29/2015 12:00:00 AM,260,32,228
6/8/2015 12:00:00 AM,7/30/2015 12:00:00 AM,195,32,163
6/8/2015 12:00:00 AM,7/31/2015 12:00:00 AM,195,32,163
6/8/2015 12:00:00 AM,8/1/2015 12:00:00 AM,162,32,130
6/8/2015 12:00:00 AM,8/2/2015 12:00:00 AM,149,19,130
6/8/2015 12:00:00 AM,8/3/2015 12:00:00 AM,194,32,162
6/8/2015 12:00:00 AM,8/4/2015 12:00:00 AM,194,32,162
6/8/2015 12:00:00 AM,8/5/2015 12:00:00 AM,194,32,162
6/8/2015 12:00:00 AM,8/6/2015 12:00:00 AM,129,32,97
6/8/2015 12:00:00 AM,8/7/2015 12:00:00 AM,129,32,97
6/8/2015 12:00:00 AM,8/8/2015 12:00:00 AM,129,32,97
6/8/2015 12:00:00 AM,8/9/2015 12:00:00 AM,116,19,97
6/8/2015 12:00:00 AM,8/10/2015 12:00:00 AM,129,32,97
6/8/2015 12:00:00 AM,8/11/2015 12:00:00 AM,129,32,97
6/8/2015 12:00:00 AM,8/12/2015 12:00:00 AM,129,32,97
6/8/2015 12:00:00 AM,8/13/2015 12:00:00 AM,129,32,97
6/8/2015 12:00:00 AM,8/14/2015 12:00:00 AM,129,32,97
6/8/2015 12:00:00 AM,8/15/2015 12:00:00 AM,116,19,97
6/8/2015 12:00:00 AM,8/16/2015 12:00:00 AM,116,19,97
6/8/2015 12:00:00 AM,8/17/2015 12:00:00 AM,328,230,98
6/8/2015 12:00:00 AM,8/18/2015 12:00:00 AM,328,230,98
6/8/2015 12:00:00 AM,8/19/2015 12:00:00 AM,328,230,98
6/8/2015 12:00:00 AM,8/20/2015 12:00:00 AM,328,230,98
6/8/2015 12:00:00 AM,8/21/2015 12:00:00 AM,130,32,98
6/8/2015 12:00:00 AM,8/22/2015 12:00:00 AM,117,19,98
6/8/2015 12:00:00 AM,8/23/2015 12:00:00 AM,117,19,98
6/8/2015 12:00:00 AM,8/24/2015 12:00:00 AM,162,32,130
6/8/2015 12:00:00 AM,8/25/2015 12:00:00 AM,227,32,195
6/8/2015 12:00:00 AM,8/26/2015 12:00:00 AM,162,32,130
6/8/2015 12:00:00 AM,8/27/2015 12:00:00 AM,162,32,130
6/8/2015 12:00:00 AM,8/28/2015 12:00:00 AM,97,32,65
6/8/2015 12:00:00 AM,8/29/2015 12:00:00 AM,83,19,64
6/8/2015 12:00:00 AM,8/30/2015 12:00:00 AM,303,19,284
6/8/2015 12:00:00 AM,8/31/2015 12:00:00 AM,297,13,284
6/8/2015 12:00:00 AM,9/1/2015 12:00:00 AM,334,26,308
6/8/2015 12:00:00 AM,9/2/2015 12:00:00 AM,334,26,308
6/8/2015 12:00:00 AM,9/3/2015 12:00:00 AM,334,26,308
6/8/2015 12:00:00 AM,9/4/2015 12:00:00 AM,334,26,308
6/8/2015 12:00:00 AM,9/5/2015 12:00:00 AM,321,13,308
6/8/2015 12:00:00 AM,9/6/2015 12:00:00 AM,101,13,88
6/8/2015 12:00:00 AM,9/7/2015 12:00:00 AM,150,13,137
6/7/2015 12:00:00 AM,6/8/2015 12:00:00 AM,8180,3948,4232
6/7/2015 12:00:00 AM,6/9/2015 12:00:00 AM,7844,3642,4202
6/7/2015 12:00:00 AM,6/10/2015 12:00:00 AM,7144,2942,4202
6/7/2015 12:00:00 AM,6/11/2015 12:00:00 AM,6139,2127,4012
6/7/2015 12:00:00 AM,6/12/2015 12:00:00 AM,6084,2127,3957
6/7/2015 12:00:00 AM,6/13/2015 12:00:00 AM,4568,705,3863
6/7/2015 12:00:00 AM,6/14/2015 12:00:00 AM,4532,705,3827
6/7/2015 12:00:00 AM,6/15/2015 12:00:00 AM,290,170,120
6/7/2015 12:00:00 AM,6/16/2015 12:00:00 AM,139,19,120
6/7/2015 12:00:00 AM,6/17/2015 12:00:00 AM,139,19,120
6/7/2015 12:00:00 AM,6/18/2015 12:00:00 AM,139,19,120
6/7/2015 12:00:00 AM,6/19/2015 12:00:00 AM,139,19,120
6/7/2015 12:00:00 AM,6/20/2015 12:00:00 AM,100,19,81
6/7/2015 12:00:00 AM,6/21/2015 12:00:00 AM,100,19,81
6/7/2015 12:00:00 AM,6/22/2015 12:00:00 AM,101,20,81
6/7/2015 12:00:00 AM,6/23/2015 12:00:00 AM,101,20,81
6/7/2015 12:00:00 AM,6/24/2015 12:00:00 AM,101,20,81
6/7/2015 12:00:00 AM,6/25/2015 12:00:00 AM,166,20,146
6/7/2015 12:00:00 AM,6/26/2015 12:00:00 AM,101,20,81
6/7/2015 12:00:00 AM,6/27/2015 12:00:00 AM,52,19,33
6/7/2015 12:00:00 AM,6/28/2015 12:00:00 AM,52,19,33
6/7/2015 12:00:00 AM,6/29/2015 12:00:00 AM,53,20,33
6/7/2015 12:00:00 AM,6/30/2015 12:00:00 AM,53,20,33
6/7/2015 12:00:00 AM,7/1/2015 12:00:00 AM,53,20,33
6/7/2015 12:00:00 AM,7/2/2015 12:00:00 AM,53,20,33
6/7/2015 12:00:00 AM,7/3/2015 12:00:00 AM,53,20,33
6/7/2015 12:00:00 AM,7/4/2015 12:00:00 AM,52,19,33
6/7/2015 12:00:00 AM,7/5/2015 12:00:00 AM,52,19,33
6/7/2015 12:00:00 AM,7/6/2015 12:00:00 AM,52,19,33
6/7/2015 12:00:00 AM,7/7/2015 12:00:00 AM,117,19,98
6/7/2015 12:00:00 AM,7/8/2015 12:00:00 AM,182,19,163
6/7/2015 12:00:00 AM,7/9/2015 12:00:00 AM,117,19,98
6/7/2015 12:00:00 AM,7/10/2015 12:00:00 AM,117,19,98
6/7/2015 12:00:00 AM,7/11/2015 12:00:00 AM,84,19,65
6/7/2015 12:00:00 AM,7/12/2015 12:00:00 AM,84,19,65
6/7/2015 12:00:00 AM,7/13/2015 12:00:00 AM,98,33,65
6/7/2015 12:00:00 AM,7/14/2015 12:00:00 AM,98,33,65
6/7/2015 12:00:00 AM,7/15/2015 12:00:00 AM,98,33,65
6/7/2015 12:00:00 AM,7/16/2015 12:00:00 AM,98,33,65
6/7/2015 12:00:00 AM,7/17/2015 12:00:00 AM,98,33,65
6/7/2015 12:00:00 AM,7/18/2015 12:00:00 AM,97,32,65
6/7/2015 12:00:00 AM,7/19/2015 12:00:00 AM,84,19,65
6/7/2015 12:00:00 AM,7/20/2015 12:00:00 AM,130,32,98
6/7/2015 12:00:00 AM,7/21/2015 12:00:00 AM,130,32,98
6/7/2015 12:00:00 AM,7/22/2015 12:00:00 AM,130,32,98
6/7/2015 12:00:00 AM,7/23/2015 12:00:00 AM,130,32,98
6/7/2015 12:00:00 AM,7/24/2015 12:00:00 AM,130,32,98
6/7/2015 12:00:00 AM,7/25/2015 12:00:00 AM,130,32,98
6/7/2015 12:00:00 AM,7/26/2015 12:00:00 AM,117,19,98
6/7/2015 12:00:00 AM,7/27/2015 12:00:00 AM,195,32,163
6/7/2015 12:00:00 AM,7/28/2015 12:00:00 AM,195,32,163
6/7/2015 12:00:00 AM,7/29/2015 12:00:00 AM,260,32,228
6/7/2015 12:00:00 AM,7/30/2015 12:00:00 AM,195,32,163
6/7/2015 12:00:00 AM,7/31/2015 12:00:00 AM,195,32,163
6/7/2015 12:00:00 AM,8/1/2015 12:00:00 AM,162,32,130
6/7/2015 12:00:00 AM,8/2/2015 12:00:00 AM,149,19,130
6/7/2015 12:00:00 AM,8/3/2015 12:00:00 AM,194,32,162
6/7/2015 12:00:00 AM,8/4/2015 12:00:00 AM,194,32,162
6/7/2015 12:00:00 AM,8/5/2015 12:00:00 AM,194,32,162
6/7/2015 12:00:00 AM,8/6/2015 12:00:00 AM,129,32,97
6/7/2015 12:00:00 AM,8/7/2015 12:00:00 AM,129,32,97
6/7/2015 12:00:00 AM,8/8/2015 12:00:00 AM,129,32,97
6/7/2015 12:00:00 AM,8/9/2015 12:00:00 AM,116,19,97
6/7/2015 12:00:00 AM,8/10/2015 12:00:00 AM,129,32,97
6/7/2015 12:00:00 AM,8/11/2015 12:00:00 AM,129,32,97
6/7/2015 12:00:00 AM,8/12/2015 12:00:00 AM,129,32,97
6/7/2015 12:00:00 AM,8/13/2015 12:00:00 AM,129,32,97
6/7/2015 12:00:00 AM,8/14/2015 12:00:00 AM,129,32,97
6/7/2015 12:00:00 AM,8/15/2015 12:00:00 AM,116,19,97
6/7/2015 12:00:00 AM,8/16/2015 12:00:00 AM,116,19,97
6/7/2015 12:00:00 AM,8/17/2015 12:00:00 AM,328,230,98
6/7/2015 12:00:00 AM,8/18/2015 12:00:00 AM,328,230,98
6/7/2015 12:00:00 AM,8/19/2015 12:00:00 AM,328,230,98
6/7/2015 12:00:00 AM,8/20/2015 12:00:00 AM,328,230,98
6/7/2015 12:00:00 AM,8/21/2015 12:00:00 AM,130,32,98
6/7/2015 12:00:00 AM,8/22/2015 12:00:00 AM,117,19,98
6/7/2015 12:00:00 AM,8/23/2015 12:00:00 AM,117,19,98
6/7/2015 12:00:00 AM,8/24/2015 12:00:00 AM,162,32,130
6/7/2015 12:00:00 AM,8/25/2015 12:00:00 AM,227,32,195
6/7/2015 12:00:00 AM,8/26/2015 12:00:00 AM,162,32,130
6/7/2015 12:00:00 AM,8/27/2015 12:00:00 AM,162,32,130
6/7/2015 12:00:00 AM,8/28/2015 12:00:00 AM,97,32,65
6/7/2015 12:00:00 AM,8/29/2015 12:00:00 AM,83,19,64
6/7/2015 12:00:00 AM,8/30/2015 12:00:00 AM,303,19,284
6/7/2015 12:00:00 AM,8/31/2015 12:00:00 AM,297,13,284
6/7/2015 12:00:00 AM,9/1/2015 12:00:00 AM,334,26,308
6/7/2015 12:00:00 AM,9/2/2015 12:00:00 AM,334,26,308
6/7/2015 12:00:00 AM,9/3/2015 12:00:00 AM,334,26,308
6/7/2015 12:00:00 AM,9/4/2015 12:00:00 AM,334,26,308
6/7/2015 12:00:00 AM,9/5/2015 12:00:00 AM,321,13,308
6/7/2015 12:00:00 AM,9/6/2015 12:00:00 AM,101,13,88
6/6/2015 12:00:00 AM,6/7/2015 12:00:00 AM,8604,4444,4160
6/6/2015 12:00:00 AM,6/8/2015 12:00:00 AM,7874,3642,4232
6/6/2015 12:00:00 AM,6/9/2015 12:00:00 AM,7844,3642,4202
6/6/2015 12:00:00 AM,6/10/2015 12:00:00 AM,7144,2942,4202
6/6/2015 12:00:00 AM,6/11/2015 12:00:00 AM,6139,2127,4012
6/6/2015 12:00:00 AM,6/12/2015 12:00:00 AM,6084,2127,3957
6/6/2015 12:00:00 AM,6/13/2015 12:00:00 AM,4568,705,3863
6/6/2015 12:00:00 AM,6/14/2015 12:00:00 AM,4532,705,3827
6/6/2015 12:00:00 AM,6/15/2015 12:00:00 AM,290,170,120
6/6/2015 12:00:00 AM,6/16/2015 12:00:00 AM,139,19,120
6/6/2015 12:00:00 AM,6/17/2015 12:00:00 AM,139,19,120
6/6/2015 12:00:00 AM,6/18/2015 12:00:00 AM,139,19,120
6/6/2015 12:00:00 AM,6/19/2015 12:00:00 AM,139,19,120
6/6/2015 12:00:00 AM,6/20/2015 12:00:00 AM,100,19,81
6/6/2015 12:00:00 AM,6/21/2015 12:00:00 AM,100,19,81
6/6/2015 12:00:00 AM,6/22/2015 12:00:00 AM,101,20,81
6/6/2015 12:00:00 AM,6/23/2015 12:00:00 AM,101,20,81
6/6/2015 12:00:00 AM,6/24/2015 12:00:00 AM,101,20,81
6/6/2015 12:00:00 AM,6/25/2015 12:00:00 AM,166,20,146
6/6/2015 12:00:00 AM,6/26/2015 12:00:00 AM,101,20,81
6/6/2015 12:00:00 AM,6/27/2015 12:00:00 AM,52,19,33
6/6/2015 12:00:00 AM,6/28/2015 12:00:00 AM,52,19,33
6/6/2015 12:00:00 AM,6/29/2015 12:00:00 AM,53,20,33
6/6/2015 12:00:00 AM,6/30/2015 12:00:00 AM,53,20,33
6/6/2015 12:00:00 AM,7/1/2015 12:00:00 AM,53,20,33
6/6/2015 12:00:00 AM,7/2/2015 12:00:00 AM,53,20,33
6/6/2015 12:00:00 AM,7/3/2015 12:00:00 AM,53,20,33
6/6/2015 12:00:00 AM,7/4/2015 12:00:00 AM,52,19,33
6/6/2015 12:00:00 AM,7/5/2015 12:00:00 AM,52,19,33
6/6/2015 12:00:00 AM,7/6/2015 12:00:00 AM,52,19,33
6/6/2015 12:00:00 AM,7/7/2015 12:00:00 AM,117,19,98
6/6/2015 12:00:00 AM,7/8/2015 12:00:00 AM,182,19,163
6/6/2015 12:00:00 AM,7/9/2015 12:00:00 AM,117,19,98
6/6/2015 12:00:00 AM,7/10/2015 12:00:00 AM,117,19,98
6/6/2015 12:00:00 AM,7/11/2015 12:00:00 AM,84,19,65
6/6/2015 12:00:00 AM,7/12/2015 12:00:00 AM,84,19,65
6/6/2015 12:00:00 AM,7/13/2015 12:00:00 AM,98,33,65
6/6/2015 12:00:00 AM,7/14/2015 12:00:00 AM,98,33,65
6/6/2015 12:00:00 AM,7/15/2015 12:00:00 AM,98,33,65
6/6/2015 12:00:00 AM,7/16/2015 12:00:00 AM,98,33,65
6/6/2015 12:00:00 AM,7/17/2015 12:00:00 AM,98,33,65
6/6/2015 12:00:00 AM,7/18/2015 12:00:00 AM,97,32,65
6/6/2015 12:00:00 AM,7/19/2015 12:00:00 AM,84,19,65
6/6/2015 12:00:00 AM,7/20/2015 12:00:00 AM,130,32,98
6/6/2015 12:00:00 AM,7/21/2015 12:00:00 AM,130,32,98
6/6/2015 12:00:00 AM,7/22/2015 12:00:00 AM,130,32,98
6/6/2015 12:00:00 AM,7/23/2015 12:00:00 AM,130,32,98
6/6/2015 12:00:00 AM,7/24/2015 12:00:00 AM,130,32,98
6/6/2015 12:00:00 AM,7/25/2015 12:00:00 AM,130,32,98
6/6/2015 12:00:00 AM,7/26/2015 12:00:00 AM,117,19,98
6/6/2015 12:00:00 AM,7/27/2015 12:00:00 AM,195,32,163
6/6/2015 12:00:00 AM,7/28/2015 12:00:00 AM,195,32,163
6/6/2015 12:00:00 AM,7/29/2015 12:00:00 AM,260,32,228
6/6/2015 12:00:00 AM,7/30/2015 12:00:00 AM,195,32,163
6/6/2015 12:00:00 AM,7/31/2015 12:00:00 AM,195,32,163
6/6/2015 12:00:00 AM,8/1/2015 12:00:00 AM,162,32,130
6/6/2015 12:00:00 AM,8/2/2015 12:00:00 AM,149,19,130
6/6/2015 12:00:00 AM,8/3/2015 12:00:00 AM,194,32,162
6/6/2015 12:00:00 AM,8/4/2015 12:00:00 AM,194,32,162
6/6/2015 12:00:00 AM,8/5/2015 12:00:00 AM,194,32,162
6/6/2015 12:00:00 AM,8/6/2015 12:00:00 AM,129,32,97
6/6/2015 12:00:00 AM,8/7/2015 12:00:00 AM,129,32,97
6/6/2015 12:00:00 AM,8/8/2015 12:00:00 AM,129,32,97
6/6/2015 12:00:00 AM,8/9/2015 12:00:00 AM,116,19,97
6/6/2015 12:00:00 AM,8/10/2015 12:00:00 AM,129,32,97
6/6/2015 12:00:00 AM,8/11/2015 12:00:00 AM,129,32,97
6/6/2015 12:00:00 AM,8/12/2015 12:00:00 AM,129,32,97
6/6/2015 12:00:00 AM,8/13/2015 12:00:00 AM,129,32,97
6/6/2015 12:00:00 AM,8/14/2015 12:00:00 AM,129,32,97
6/6/2015 12:00:00 AM,8/15/2015 12:00:00 AM,116,19,97
6/6/2015 12:00:00 AM,8/16/2015 12:00:00 AM,116,19,97
6/6/2015 12:00:00 AM,8/17/2015 12:00:00 AM,328,230,98
6/6/2015 12:00:00 AM,8/18/2015 12:00:00 AM,328,230,98
6/6/2015 12:00:00 AM,8/19/2015 12:00:00 AM,328,230,98
6/6/2015 12:00:00 AM,8/20/2015 12:00:00 AM,328,230,98
6/6/2015 12:00:00 AM,8/21/2015 12:00:00 AM,130,32,98
6/6/2015 12:00:00 AM,8/22/2015 12:00:00 AM,117,19,98
6/6/2015 12:00:00 AM,8/23/2015 12:00:00 AM,117,19,98
6/6/2015 12:00:00 AM,8/24/2015 12:00:00 AM,162,32,130
6/6/2015 12:00:00 AM,8/25/2015 12:00:00 AM,227,32,195
6/6/2015 12:00:00 AM,8/26/2015 12:00:00 AM,162,32,130
6/6/2015 12:00:00 AM,8/27/2015 12:00:00 AM,162,32,130
6/6/2015 12:00:00 AM,8/28/2015 12:00:00 AM,97,32,65
6/6/2015 12:00:00 AM,8/29/2015 12:00:00 AM,83,19,64
6/6/2015 12:00:00 AM,8/30/2015 12:00:00 AM,303,19,284
6/6/2015 12:00:00 AM,8/31/2015 12:00:00 AM,297,13,284
6/6/2015 12:00:00 AM,9/1/2015 12:00:00 AM,334,26,308
6/6/2015 12:00:00 AM,9/2/2015 12:00:00 AM,334,26,308
6/6/2015 12:00:00 AM,9/3/2015 12:00:00 AM,334,26,308
6/6/2015 12:00:00 AM,9/4/2015 12:00:00 AM,334,26,308
6/6/2015 12:00:00 AM,9/5/2015 12:00:00 AM,321,13,308
6/5/2015 12:00:00 AM,6/6/2015 12:00:00 AM,9808,4896,4912
6/5/2015 12:00:00 AM,6/7/2015 12:00:00 AM,9356,4444,4912
6/5/2015 12:00:00 AM,6/8/2015 12:00:00 AM,7926,2942,4984
6/5/2015 12:00:00 AM,6/9/2015 12:00:00 AM,7896,2942,4954
6/5/2015 12:00:00 AM,6/10/2015 12:00:00 AM,7620,2712,4908
6/5/2015 12:00:00 AM,6/11/2015 12:00:00 AM,6845,2127,4718
6/5/2015 12:00:00 AM,6/12/2015 12:00:00 AM,6790,2127,4663
6/5/2015 12:00:00 AM,6/13/2015 12:00:00 AM,5320,705,4615
6/5/2015 12:00:00 AM,6/14/2015 12:00:00 AM,4532,705,3827
6/5/2015 12:00:00 AM,6/15/2015 12:00:00 AM,290,170,120
6/5/2015 12:00:00 AM,6/16/2015 12:00:00 AM,139,19,120
6/5/2015 12:00:00 AM,6/17/2015 12:00:00 AM,139,19,120
6/5/2015 12:00:00 AM,6/18/2015 12:00:00 AM,139,19,120
6/5/2015 12:00:00 AM,6/19/2015 12:00:00 AM,139,19,120
6/5/2015 12:00:00 AM,6/20/2015 12:00:00 AM,100,19,81
6/5/2015 12:00:00 AM,6/21/2015 12:00:00 AM,100,19,81
6/5/2015 12:00:00 AM,6/22/2015 12:00:00 AM,101,20,81
6/5/2015 12:00:00 AM,6/23/2015 12:00:00 AM,101,20,81
6/5/2015 12:00:00 AM,6/24/2015 12:00:00 AM,101,20,81
6/5/2015 12:00:00 AM,6/25/2015 12:00:00 AM,166,20,146
6/5/2015 12:00:00 AM,6/26/2015 12:00:00 AM,101,20,81
6/5/2015 12:00:00 AM,6/27/2015 12:00:00 AM,52,19,33
6/5/2015 12:00:00 AM,6/28/2015 12:00:00 AM,52,19,33
6/5/2015 12:00:00 AM,6/29/2015 12:00:00 AM,53,20,33
6/5/2015 12:00:00 AM,6/30/2015 12:00:00 AM,53,20,33
6/5/2015 12:00:00 AM,7/1/2015 12:00:00 AM,53,20,33
6/5/2015 12:00:00 AM,7/2/2015 12:00:00 AM,53,20,33
6/5/2015 12:00:00 AM,7/3/2015 12:00:00 AM,53,20,33
6/5/2015 12:00:00 AM,7/4/2015 12:00:00 AM,52,19,33
6/5/2015 12:00:00 AM,7/5/2015 12:00:00 AM,82,19,63
6/5/2015 12:00:00 AM,7/6/2015 12:00:00 AM,82,19,63
6/5/2015 12:00:00 AM,7/7/2015 12:00:00 AM,147,19,128
6/5/2015 12:00:00 AM,7/8/2015 12:00:00 AM,212,19,193
6/5/2015 12:00:00 AM,7/9/2015 12:00:00 AM,147,19,128
6/5/2015 12:00:00 AM,7/10/2015 12:00:00 AM,147,19,128
6/5/2015 12:00:00 AM,7/11/2015 12:00:00 AM,114,19,95
6/5/2015 12:00:00 AM,7/12/2015 12:00:00 AM,114,19,95
6/5/2015 12:00:00 AM,7/13/2015 12:00:00 AM,128,33,95
6/5/2015 12:00:00 AM,7/14/2015 12:00:00 AM,128,33,95
6/5/2015 12:00:00 AM,7/15/2015 12:00:00 AM,128,33,95
6/5/2015 12:00:00 AM,7/16/2015 12:00:00 AM,128,33,95
6/5/2015 12:00:00 AM,7/17/2015 12:00:00 AM,128,33,95
6/5/2015 12:00:00 AM,7/18/2015 12:00:00 AM,97,32,65
6/5/2015 12:00:00 AM,7/19/2015 12:00:00 AM,84,19,65
6/5/2015 12:00:00 AM,7/20/2015 12:00:00 AM,130,32,98
6/5/2015 12:00:00 AM,7/21/2015 12:00:00 AM,130,32,98
6/5/2015 12:00:00 AM,7/22/2015 12:00:00 AM,130,32,98
6/5/2015 12:00:00 AM,7/23/2015 12:00:00 AM,130,32,98
6/5/2015 12:00:00 AM,7/24/2015 12:00:00 AM,130,32,98
6/5/2015 12:00:00 AM,7/25/2015 12:00:00 AM,130,32,98
6/5/2015 12:00:00 AM,7/26/2015 12:00:00 AM,117,19,98
6/5/2015 12:00:00 AM,7/27/2015 12:00:00 AM,195,32,163
6/5/2015 12:00:00 AM,7/28/2015 12:00:00 AM,195,32,163
6/5/2015 12:00:00 AM,7/29/2015 12:00:00 AM,260,32,228
6/5/2015 12:00:00 AM,7/30/2015 12:00:00 AM,195,32,163
6/5/2015 12:00:00 AM,7/31/2015 12:00:00 AM,195,32,163
6/5/2015 12:00:00 AM,8/1/2015 12:00:00 AM,162,32,130
6/5/2015 12:00:00 AM,8/2/2015 12:00:00 AM,149,19,130
6/5/2015 12:00:00 AM,8/3/2015 12:00:00 AM,194,32,162
6/5/2015 12:00:00 AM,8/4/2015 12:00:00 AM,194,32,162
6/5/2015 12:00:00 AM,8/5/2015 12:00:00 AM,194,32,162
6/5/2015 12:00:00 AM,8/6/2015 12:00:00 AM,129,32,97
6/5/2015 12:00:00 AM,8/7/2015 12:00:00 AM,129,32,97
6/5/2015 12:00:00 AM,8/8/2015 12:00:00 AM,129,32,97
6/5/2015 12:00:00 AM,8/9/2015 12:00:00 AM,116,19,97
6/5/2015 12:00:00 AM,8/10/2015 12:00:00 AM,129,32,97
6/5/2015 12:00:00 AM,8/11/2015 12:00:00 AM,129,32,97
6/5/2015 12:00:00 AM,8/12/2015 12:00:00 AM,129,32,97
6/5/2015 12:00:00 AM,8/13/2015 12:00:00 AM,129,32,97
6/5/2015 12:00:00 AM,8/14/2015 12:00:00 AM,129,32,97
6/5/2015 12:00:00 AM,8/15/2015 12:00:00 AM,116,19,97
6/5/2015 12:00:00 AM,8/16/2015 12:00:00 AM,116,19,97
6/5/2015 12:00:00 AM,8/17/2015 12:00:00 AM,328,230,98
6/5/2015 12:00:00 AM,8/18/2015 12:00:00 AM,328,230,98
6/5/2015 12:00:00 AM,8/19/2015 12:00:00 AM,328,230,98
6/5/2015 12:00:00 AM,8/20/2015 12:00:00 AM,328,230,98
6/5/2015 12:00:00 AM,8/21/2015 12:00:00 AM,130,32,98
6/5/2015 12:00:00 AM,8/22/2015 12:00:00 AM,117,19,98
6/5/2015 12:00:00 AM,8/23/2015 12:00:00 AM,117,19,98
6/5/2015 12:00:00 AM,8/24/2015 12:00:00 AM,162,32,130
6/5/2015 12:00:00 AM,8/25/2015 12:00:00 AM,227,32,195
6/5/2015 12:00:00 AM,8/26/2015 12:00:00 AM,162,32,130
6/5/2015 12:00:00 AM,8/27/2015 12:00:00 AM,162,32,130
6/5/2015 12:00:00 AM,8/28/2015 12:00:00 AM,97,32,65
6/5/2015 12:00:00 AM,8/29/2015 12:00:00 AM,83,19,64
6/5/2015 12:00:00 AM,8/30/2015 12:00:00 AM,303,19,284
6/5/2015 12:00:00 AM,8/31/2015 12:00:00 AM,297,13,284
6/5/2015 12:00:00 AM,9/1/2015 12:00:00 AM,334,26,308
6/5/2015 12:00:00 AM,9/2/2015 12:00:00 AM,334,26,308
6/5/2015 12:00:00 AM,9/3/2015 12:00:00 AM,334,26,308
6/5/2015 12:00:00 AM,9/4/2015 12:00:00 AM,334,26,308
6/4/2015 12:00:00 AM,6/5/2015 12:00:00 AM,10274,4766,5508
6/4/2015 12:00:00 AM,6/6/2015 12:00:00 AM,9068,4156,4912
6/4/2015 12:00:00 AM,6/7/2015 12:00:00 AM,9126,4214,4912
6/4/2015 12:00:00 AM,6/8/2015 12:00:00 AM,7648,2712,4936
6/4/2015 12:00:00 AM,6/9/2015 12:00:00 AM,7618,2712,4906
6/4/2015 12:00:00 AM,6/10/2015 12:00:00 AM,7572,2712,4860
6/4/2015 12:00:00 AM,6/11/2015 12:00:00 AM,6797,2127,4670
6/4/2015 12:00:00 AM,6/12/2015 12:00:00 AM,6742,2127,4615
6/4/2015 12:00:00 AM,6/13/2015 12:00:00 AM,5320,705,4615
6/4/2015 12:00:00 AM,6/14/2015 12:00:00 AM,4532,705,3827
6/4/2015 12:00:00 AM,6/15/2015 12:00:00 AM,290,170,120
6/4/2015 12:00:00 AM,6/16/2015 12:00:00 AM,139,19,120
6/4/2015 12:00:00 AM,6/17/2015 12:00:00 AM,139,19,120
6/4/2015 12:00:00 AM,6/18/2015 12:00:00 AM,139,19,120
6/4/2015 12:00:00 AM,6/19/2015 12:00:00 AM,139,19,120
6/4/2015 12:00:00 AM,6/20/2015 12:00:00 AM,100,19,81
6/4/2015 12:00:00 AM,6/21/2015 12:00:00 AM,100,19,81
6/4/2015 12:00:00 AM,6/22/2015 12:00:00 AM,101,20,81
6/4/2015 12:00:00 AM,6/23/2015 12:00:00 AM,101,20,81
6/4/2015 12:00:00 AM,6/24/2015 12:00:00 AM,101,20,81
6/4/2015 12:00:00 AM,6/25/2015 12:00:00 AM,166,20,146
6/4/2015 12:00:00 AM,6/26/2015 12:00:00 AM,101,20,81
6/4/2015 12:00:00 AM,6/27/2015 12:00:00 AM,52,19,33
6/4/2015 12:00:00 AM,6/28/2015 12:00:00 AM,52,19,33
6/4/2015 12:00:00 AM,6/29/2015 12:00:00 AM,53,20,33
6/4/2015 12:00:00 AM,6/30/2015 12:00:00 AM,53,20,33
6/4/2015 12:00:00 AM,7/1/2015 12:00:00 AM,53,20,33
6/4/2015 12:00:00 AM,7/2/2015 12:00:00 AM,53,20,33
6/4/2015 12:00:00 AM,7/3/2015 12:00:00 AM,53,20,33
6/4/2015 12:00:00 AM,7/4/2015 12:00:00 AM,52,19,33
6/4/2015 12:00:00 AM,7/5/2015 12:00:00 AM,82,19,63
6/4/2015 12:00:00 AM,7/6/2015 12:00:00 AM,82,19,63
6/4/2015 12:00:00 AM,7/7/2015 12:00:00 AM,147,19,128
6/4/2015 12:00:00 AM,7/8/2015 12:00:00 AM,212,19,193
6/4/2015 12:00:00 AM,7/9/2015 12:00:00 AM,147,19,128
6/4/2015 12:00:00 AM,7/10/2015 12:00:00 AM,147,19,128
6/4/2015 12:00:00 AM,7/11/2015 12:00:00 AM,114,19,95
6/4/2015 12:00:00 AM,7/12/2015 12:00:00 AM,114,19,95
6/4/2015 12:00:00 AM,7/13/2015 12:00:00 AM,128,33,95
6/4/2015 12:00:00 AM,7/14/2015 12:00:00 AM,128,33,95
6/4/2015 12:00:00 AM,7/15/2015 12:00:00 AM,128,33,95
6/4/2015 12:00:00 AM,7/16/2015 12:00:00 AM,128,33,95
6/4/2015 12:00:00 AM,7/17/2015 12:00:00 AM,128,33,95
6/4/2015 12:00:00 AM,7/18/2015 12:00:00 AM,97,32,65
6/4/2015 12:00:00 AM,7/19/2015 12:00:00 AM,84,19,65
6/4/2015 12:00:00 AM,7/20/2015 12:00:00 AM,130,32,98
6/4/2015 12:00:00 AM,7/21/2015 12:00:00 AM,130,32,98
6/4/2015 12:00:00 AM,7/22/2015 12:00:00 AM,130,32,98
6/4/2015 12:00:00 AM,7/23/2015 12:00:00 AM,130,32,98
6/4/2015 12:00:00 AM,7/24/2015 12:00:00 AM,130,32,98
6/4/2015 12:00:00 AM,7/25/2015 12:00:00 AM,130,32,98
6/4/2015 12:00:00 AM,7/26/2015 12:00:00 AM,117,19,98
6/4/2015 12:00:00 AM,7/27/2015 12:00:00 AM,195,32,163
6/4/2015 12:00:00 AM,7/28/2015 12:00:00 AM,195,32,163
6/4/2015 12:00:00 AM,7/29/2015 12:00:00 AM,260,32,228
6/4/2015 12:00:00 AM,7/30/2015 12:00:00 AM,195,32,163
6/4/2015 12:00:00 AM,7/31/2015 12:00:00 AM,195,32,163
6/4/2015 12:00:00 AM,8/1/2015 12:00:00 AM,162,32,130
6/4/2015 12:00:00 AM,8/2/2015 12:00:00 AM,149,19,130
6/4/2015 12:00:00 AM,8/3/2015 12:00:00 AM,194,32,162
6/4/2015 12:00:00 AM,8/4/2015 12:00:00 AM,194,32,162
6/4/2015 12:00:00 AM,8/5/2015 12:00:00 AM,194,32,162
6/4/2015 12:00:00 AM,8/6/2015 12:00:00 AM,129,32,97
6/4/2015 12:00:00 AM,8/7/2015 12:00:00 AM,129,32,97
6/4/2015 12:00:00 AM,8/8/2015 12:00:00 AM,129,32,97
6/4/2015 12:00:00 AM,8/9/2015 12:00:00 AM,116,19,97
6/4/2015 12:00:00 AM,8/10/2015 12:00:00 AM,129,32,97
6/4/2015 12:00:00 AM,8/11/2015 12:00:00 AM,129,32,97
6/4/2015 12:00:00 AM,8/12/2015 12:00:00 AM,129,32,97
6/4/2015 12:00:00 AM,8/13/2015 12:00:00 AM,129,32,97
6/4/2015 12:00:00 AM,8/14/2015 12:00:00 AM,129,32,97
6/4/2015 12:00:00 AM,8/15/2015 12:00:00 AM,116,19,97
6/4/2015 12:00:00 AM,8/16/2015 12:00:00 AM,116,19,97
6/4/2015 12:00:00 AM,8/17/2015 12:00:00 AM,328,230,98
6/4/2015 12:00:00 AM,8/18/2015 12:00:00 AM,328,230,98
6/4/2015 12:00:00 AM,8/19/2015 12:00:00 AM,328,230,98
6/4/2015 12:00:00 AM,8/20/2015 12:00:00 AM,328,230,98
6/4/2015 12:00:00 AM,8/21/2015 12:00:00 AM,130,32,98
6/4/2015 12:00:00 AM,8/22/2015 12:00:00 AM,117,19,98
6/4/2015 12:00:00 AM,8/23/2015 12:00:00 AM,117,19,98
6/4/2015 12:00:00 AM,8/24/2015 12:00:00 AM,162,32,130
6/4/2015 12:00:00 AM,8/25/2015 12:00:00 AM,227,32,195
6/4/2015 12:00:00 AM,8/26/2015 12:00:00 AM,162,32,130
6/4/2015 12:00:00 AM,8/27/2015 12:00:00 AM,162,32,130
6/4/2015 12:00:00 AM,8/28/2015 12:00:00 AM,97,32,65
6/4/2015 12:00:00 AM,8/29/2015 12:00:00 AM,83,19,64
6/4/2015 12:00:00 AM,8/30/2015 12:00:00 AM,303,19,284
6/4/2015 12:00:00 AM,8/31/2015 12:00:00 AM,297,13,284
6/4/2015 12:00:00 AM,9/1/2015 12:00:00 AM,334,26,308
6/4/2015 12:00:00 AM,9/2/2015 12:00:00 AM,334,26,308
6/4/2015 12:00:00 AM,9/3/2015 12:00:00 AM,334,26,308
6/3/2015 12:00:00 AM,6/4/2015 12:00:00 AM,10859,5351,5508
6/3/2015 12:00:00 AM,6/5/2015 12:00:00 AM,10274,4766,5508
6/3/2015 12:00:00 AM,6/6/2015 12:00:00 AM,9068,4156,4912
6/3/2015 12:00:00 AM,6/7/2015 12:00:00 AM,9126,4214,4912
6/3/2015 12:00:00 AM,6/8/2015 12:00:00 AM,6862,2712,4150
6/3/2015 12:00:00 AM,6/9/2015 12:00:00 AM,5457,1337,4120
6/3/2015 12:00:00 AM,6/10/2015 12:00:00 AM,5411,1337,4074
6/3/2015 12:00:00 AM,6/11/2015 12:00:00 AM,5221,1337,3884
6/3/2015 12:00:00 AM,6/12/2015 12:00:00 AM,5166,1337,3829
6/3/2015 12:00:00 AM,6/13/2015 12:00:00 AM,4534,705,3829
6/3/2015 12:00:00 AM,6/14/2015 12:00:00 AM,3746,705,3041
6/3/2015 12:00:00 AM,6/15/2015 12:00:00 AM,290,170,120
6/3/2015 12:00:00 AM,6/16/2015 12:00:00 AM,139,19,120
6/3/2015 12:00:00 AM,6/17/2015 12:00:00 AM,139,19,120
6/3/2015 12:00:00 AM,6/18/2015 12:00:00 AM,139,19,120
6/3/2015 12:00:00 AM,6/19/2015 12:00:00 AM,139,19,120
6/3/2015 12:00:00 AM,6/20/2015 12:00:00 AM,100,19,81
6/3/2015 12:00:00 AM,6/21/2015 12:00:00 AM,100,19,81
6/3/2015 12:00:00 AM,6/22/2015 12:00:00 AM,101,20,81
6/3/2015 12:00:00 AM,6/23/2015 12:00:00 AM,101,20,81
6/3/2015 12:00:00 AM,6/24/2015 12:00:00 AM,101,20,81
6/3/2015 12:00:00 AM,6/25/2015 12:00:00 AM,166,20,146
6/3/2015 12:00:00 AM,6/26/2015 12:00:00 AM,101,20,81
6/3/2015 12:00:00 AM,6/27/2015 12:00:00 AM,52,19,33
6/3/2015 12:00:00 AM,6/28/2015 12:00:00 AM,52,19,33
6/3/2015 12:00:00 AM,6/29/2015 12:00:00 AM,53,20,33
6/3/2015 12:00:00 AM,6/30/2015 12:00:00 AM,53,20,33
6/3/2015 12:00:00 AM,7/1/2015 12:00:00 AM,53,20,33
6/3/2015 12:00:00 AM,7/2/2015 12:00:00 AM,53,20,33
6/3/2015 12:00:00 AM,7/3/2015 12:00:00 AM,53,20,33
6/3/2015 12:00:00 AM,7/4/2015 12:00:00 AM,52,19,33
6/3/2015 12:00:00 AM,7/5/2015 12:00:00 AM,82,19,63
6/3/2015 12:00:00 AM,7/6/2015 12:00:00 AM,82,19,63
6/3/2015 12:00:00 AM,7/7/2015 12:00:00 AM,147,19,128
6/3/2015 12:00:00 AM,7/8/2015 12:00:00 AM,212,19,193
6/3/2015 12:00:00 AM,7/9/2015 12:00:00 AM,147,19,128
6/3/2015 12:00:00 AM,7/10/2015 12:00:00 AM,147,19,128
6/3/2015 12:00:00 AM,7/11/2015 12:00:00 AM,114,19,95
6/3/2015 12:00:00 AM,7/12/2015 12:00:00 AM,114,19,95
6/3/2015 12:00:00 AM,7/13/2015 12:00:00 AM,128,33,95
6/3/2015 12:00:00 AM,7/14/2015 12:00:00 AM,128,33,95
6/3/2015 12:00:00 AM,7/15/2015 12:00:00 AM,128,33,95
6/3/2015 12:00:00 AM,7/16/2015 12:00:00 AM,128,33,95
6/3/2015 12:00:00 AM,7/17/2015 12:00:00 AM,128,33,95
6/3/2015 12:00:00 AM,7/18/2015 12:00:00 AM,97,32,65
6/3/2015 12:00:00 AM,7/19/2015 12:00:00 AM,84,19,65
6/3/2015 12:00:00 AM,7/20/2015 12:00:00 AM,130,32,98
6/3/2015 12:00:00 AM,7/21/2015 12:00:00 AM,130,32,98
6/3/2015 12:00:00 AM,7/22/2015 12:00:00 AM,130,32,98
6/3/2015 12:00:00 AM,7/23/2015 12:00:00 AM,130,32,98
6/3/2015 12:00:00 AM,7/24/2015 12:00:00 AM,130,32,98
6/3/2015 12:00:00 AM,7/25/2015 12:00:00 AM,130,32,98
6/3/2015 12:00:00 AM,7/26/2015 12:00:00 AM,117,19,98
6/3/2015 12:00:00 AM,7/27/2015 12:00:00 AM,195,32,163
6/3/2015 12:00:00 AM,7/28/2015 12:00:00 AM,195,32,163
6/3/2015 12:00:00 AM,7/29/2015 12:00:00 AM,260,32,228
6/3/2015 12:00:00 AM,7/30/2015 12:00:00 AM,195,32,163
6/3/2015 12:00:00 AM,7/31/2015 12:00:00 AM,195,32,163
6/3/2015 12:00:00 AM,8/1/2015 12:00:00 AM,162,32,130
6/3/2015 12:00:00 AM,8/2/2015 12:00:00 AM,149,19,130
6/3/2015 12:00:00 AM,8/3/2015 12:00:00 AM,194,32,162
6/3/2015 12:00:00 AM,8/4/2015 12:00:00 AM,194,32,162
6/3/2015 12:00:00 AM,8/5/2015 12:00:00 AM,194,32,162
6/3/2015 12:00:00 AM,8/6/2015 12:00:00 AM,129,32,97
6/3/2015 12:00:00 AM,8/7/2015 12:00:00 AM,129,32,97
6/3/2015 12:00:00 AM,8/8/2015 12:00:00 AM,129,32,97
6/3/2015 12:00:00 AM,8/9/2015 12:00:00 AM,116,19,97
6/3/2015 12:00:00 AM,8/10/2015 12:00:00 AM,129,32,97
6/3/2015 12:00:00 AM,8/11/2015 12:00:00 AM,129,32,97
6/3/2015 12:00:00 AM,8/12/2015 12:00:00 AM,129,32,97
6/3/2015 12:00:00 AM,8/13/2015 12:00:00 AM,129,32,97
6/3/2015 12:00:00 AM,8/14/2015 12:00:00 AM,129,32,97
6/3/2015 12:00:00 AM,8/15/2015 12:00:00 AM,116,19,97
6/3/2015 12:00:00 AM,8/16/2015 12:00:00 AM,116,19,97
6/3/2015 12:00:00 AM,8/17/2015 12:00:00 AM,328,230,98
6/3/2015 12:00:00 AM,8/18/2015 12:00:00 AM,328,230,98
6/3/2015 12:00:00 AM,8/19/2015 12:00:00 AM,328,230,98
6/3/2015 12:00:00 AM,8/20/2015 12:00:00 AM,328,230,98
6/3/2015 12:00:00 AM,8/21/2015 12:00:00 AM,130,32,98
6/3/2015 12:00:00 AM,8/22/2015 12:00:00 AM,117,19,98
6/3/2015 12:00:00 AM,8/23/2015 12:00:00 AM,117,19,98
6/3/2015 12:00:00 AM,8/24/2015 12:00:00 AM,162,32,130
6/3/2015 12:00:00 AM,8/25/2015 12:00:00 AM,227,32,195
6/3/2015 12:00:00 AM,8/26/2015 12:00:00 AM,162,32,130
6/3/2015 12:00:00 AM,8/27/2015 12:00:00 AM,162,32,130
6/3/2015 12:00:00 AM,8/28/2015 12:00:00 AM,97,32,65
6/3/2015 12:00:00 AM,8/29/2015 12:00:00 AM,83,19,64
6/3/2015 12:00:00 AM,8/30/2015 12:00:00 AM,303,19,284
6/3/2015 12:00:00 AM,8/31/2015 12:00:00 AM,297,13,284
6/3/2015 12:00:00 AM,9/1/2015 12:00:00 AM,334,26,308
6/3/2015 12:00:00 AM,9/2/2015 12:00:00 AM,334,26,308
6/2/2015 12:00:00 AM,6/3/2015 12:00:00 AM,10701,5066,5635
6/2/2015 12:00:00 AM,6/4/2015 12:00:00 AM,10859,5351,5508
6/2/2015 12:00:00 AM,6/5/2015 12:00:00 AM,10274,4766,5508
6/2/2015 12:00:00 AM,6/6/2015 12:00:00 AM,9068,4156,4912
6/2/2015 12:00:00 AM,6/7/2015 12:00:00 AM,9126,4214,4912
6/2/2015 12:00:00 AM,6/8/2015 12:00:00 AM,6862,2712,4150
6/2/2015 12:00:00 AM,6/9/2015 12:00:00 AM,5457,1337,4120
6/2/2015 12:00:00 AM,6/10/2015 12:00:00 AM,5411,1337,4074
6/2/2015 12:00:00 AM,6/11/2015 12:00:00 AM,5221,1337,3884
6/2/2015 12:00:00 AM,6/12/2015 12:00:00 AM,5166,1337,3829
6/2/2015 12:00:00 AM,6/13/2015 12:00:00 AM,4534,705,3829
6/2/2015 12:00:00 AM,6/14/2015 12:00:00 AM,3746,705,3041
6/2/2015 12:00:00 AM,6/15/2015 12:00:00 AM,290,170,120
6/2/2015 12:00:00 AM,6/16/2015 12:00:00 AM,139,19,120
6/2/2015 12:00:00 AM,6/17/2015 12:00:00 AM,139,19,120
6/2/2015 12:00:00 AM,6/18/2015 12:00:00 AM,139,19,120
6/2/2015 12:00:00 AM,6/19/2015 12:00:00 AM,139,19,120
6/2/2015 12:00:00 AM,6/20/2015 12:00:00 AM,100,19,81
6/2/2015 12:00:00 AM,6/21/2015 12:00:00 AM,100,19,81
6/2/2015 12:00:00 AM,6/22/2015 12:00:00 AM,101,20,81
6/2/2015 12:00:00 AM,6/23/2015 12:00:00 AM,101,20,81
6/2/2015 12:00:00 AM,6/24/2015 12:00:00 AM,101,20,81
6/2/2015 12:00:00 AM,6/25/2015 12:00:00 AM,166,20,146
6/2/2015 12:00:00 AM,6/26/2015 12:00:00 AM,101,20,81
6/2/2015 12:00:00 AM,6/27/2015 12:00:00 AM,52,19,33
6/2/2015 12:00:00 AM,6/28/2015 12:00:00 AM,52,19,33
6/2/2015 12:00:00 AM,6/29/2015 12:00:00 AM,53,20,33
6/2/2015 12:00:00 AM,6/30/2015 12:00:00 AM,53,20,33
6/2/2015 12:00:00 AM,7/1/2015 12:00:00 AM,53,20,33
6/2/2015 12:00:00 AM,7/2/2015 12:00:00 AM,53,20,33
6/2/2015 12:00:00 AM,7/3/2015 12:00:00 AM,53,20,33
6/2/2015 12:00:00 AM,7/4/2015 12:00:00 AM,52,19,33
6/2/2015 12:00:00 AM,7/5/2015 12:00:00 AM,82,19,63
6/2/2015 12:00:00 AM,7/6/2015 12:00:00 AM,82,19,63
6/2/2015 12:00:00 AM,7/7/2015 12:00:00 AM,147,19,128
6/2/2015 12:00:00 AM,7/8/2015 12:00:00 AM,212,19,193
6/2/2015 12:00:00 AM,7/9/2015 12:00:00 AM,147,19,128
6/2/2015 12:00:00 AM,7/10/2015 12:00:00 AM,147,19,128
6/2/2015 12:00:00 AM,7/11/2015 12:00:00 AM,114,19,95
6/2/2015 12:00:00 AM,7/12/2015 12:00:00 AM,114,19,95
6/2/2015 12:00:00 AM,7/13/2015 12:00:00 AM,128,33,95
6/2/2015 12:00:00 AM,7/14/2015 12:00:00 AM,128,33,95
6/2/2015 12:00:00 AM,7/15/2015 12:00:00 AM,128,33,95
6/2/2015 12:00:00 AM,7/16/2015 12:00:00 AM,128,33,95
6/2/2015 12:00:00 AM,7/17/2015 12:00:00 AM,128,33,95
6/2/2015 12:00:00 AM,7/18/2015 12:00:00 AM,97,32,65
6/2/2015 12:00:00 AM,7/19/2015 12:00:00 AM,84,19,65
6/2/2015 12:00:00 AM,7/20/2015 12:00:00 AM,130,32,98
6/2/2015 12:00:00 AM,7/21/2015 12:00:00 AM,130,32,98
6/2/2015 12:00:00 AM,7/22/2015 12:00:00 AM,130,32,98
6/2/2015 12:00:00 AM,7/23/2015 12:00:00 AM,130,32,98
6/2/2015 12:00:00 AM,7/24/2015 12:00:00 AM,130,32,98
6/2/2015 12:00:00 AM,7/25/2015 12:00:00 AM,130,32,98
6/2/2015 12:00:00 AM,7/26/2015 12:00:00 AM,117,19,98
6/2/2015 12:00:00 AM,7/27/2015 12:00:00 AM,195,32,163
6/2/2015 12:00:00 AM,7/28/2015 12:00:00 AM,195,32,163
6/2/2015 12:00:00 AM,7/29/2015 12:00:00 AM,260,32,228
6/2/2015 12:00:00 AM,7/30/2015 12:00:00 AM,195,32,163
6/2/2015 12:00:00 AM,7/31/2015 12:00:00 AM,195,32,163
6/2/2015 12:00:00 AM,8/1/2015 12:00:00 AM,162,32,130
6/2/2015 12:00:00 AM,8/2/2015 12:00:00 AM,149,19,130
6/2/2015 12:00:00 AM,8/3/2015 12:00:00 AM,194,32,162
6/2/2015 12:00:00 AM,8/4/2015 12:00:00 AM,194,32,162
6/2/2015 12:00:00 AM,8/5/2015 12:00:00 AM,194,32,162
6/2/2015 12:00:00 AM,8/6/2015 12:00:00 AM,129,32,97
6/2/2015 12:00:00 AM,8/7/2015 12:00:00 AM,129,32,97
6/2/2015 12:00:00 AM,8/8/2015 12:00:00 AM,129,32,97
6/2/2015 12:00:00 AM,8/9/2015 12:00:00 AM,116,19,97
6/2/2015 12:00:00 AM,8/10/2015 12:00:00 AM,129,32,97
6/2/2015 12:00:00 AM,8/11/2015 12:00:00 AM,129,32,97
6/2/2015 12:00:00 AM,8/12/2015 12:00:00 AM,129,32,97
6/2/2015 12:00:00 AM,8/13/2015 12:00:00 AM,129,32,97
6/2/2015 12:00:00 AM,8/14/2015 12:00:00 AM,129,32,97
6/2/2015 12:00:00 AM,8/15/2015 12:00:00 AM,116,19,97
6/2/2015 12:00:00 AM,8/16/2015 12:00:00 AM,116,19,97
6/2/2015 12:00:00 AM,8/17/2015 12:00:00 AM,328,230,98
6/2/2015 12:00:00 AM,8/18/2015 12:00:00 AM,328,230,98
6/2/2015 12:00:00 AM,8/19/2015 12:00:00 AM,328,230,98
6/2/2015 12:00:00 AM,8/20/2015 12:00:00 AM,328,230,98
6/2/2015 12:00:00 AM,8/21/2015 12:00:00 AM,130,32,98
6/2/2015 12:00:00 AM,8/22/2015 12:00:00 AM,117,19,98
6/2/2015 12:00:00 AM,8/23/2015 12:00:00 AM,117,19,98
6/2/2015 12:00:00 AM,8/24/2015 12:00:00 AM,162,32,130
6/2/2015 12:00:00 AM,8/25/2015 12:00:00 AM,227,32,195
6/2/2015 12:00:00 AM,8/26/2015 12:00:00 AM,162,32,130
6/2/2015 12:00:00 AM,8/27/2015 12:00:00 AM,162,32,130
6/2/2015 12:00:00 AM,8/28/2015 12:00:00 AM,97,32,65
6/2/2015 12:00:00 AM,8/29/2015 12:00:00 AM,83,19,64
6/2/2015 12:00:00 AM,8/30/2015 12:00:00 AM,303,19,284
6/2/2015 12:00:00 AM,8/31/2015 12:00:00 AM,297,13,284
6/2/2015 12:00:00 AM,9/1/2015 12:00:00 AM,334,26,308
6/1/2015 12:00:00 AM,6/2/2015 12:00:00 AM,11287,4573,6714
6/1/2015 12:00:00 AM,6/3/2015 12:00:00 AM,10869,5204,5665
6/1/2015 12:00:00 AM,6/4/2015 12:00:00 AM,10608,5100,5508
6/1/2015 12:00:00 AM,6/5/2015 12:00:00 AM,9229,3721,5508
6/1/2015 12:00:00 AM,6/6/2015 12:00:00 AM,8023,3111,4912
6/1/2015 12:00:00 AM,6/7/2015 12:00:00 AM,8023,3111,4912
6/1/2015 12:00:00 AM,6/8/2015 12:00:00 AM,6955,2805,4150
6/1/2015 12:00:00 AM,6/9/2015 12:00:00 AM,5577,1430,4147
6/1/2015 12:00:00 AM,6/10/2015 12:00:00 AM,5531,1430,4101
6/1/2015 12:00:00 AM,6/11/2015 12:00:00 AM,5314,1430,3884
6/1/2015 12:00:00 AM,6/12/2015 12:00:00 AM,5259,1430,3829
6/1/2015 12:00:00 AM,6/13/2015 12:00:00 AM,4627,798,3829
6/1/2015 12:00:00 AM,6/14/2015 12:00:00 AM,3746,705,3041
6/1/2015 12:00:00 AM,6/15/2015 12:00:00 AM,290,170,120
6/1/2015 12:00:00 AM,6/16/2015 12:00:00 AM,139,19,120
6/1/2015 12:00:00 AM,6/17/2015 12:00:00 AM,139,19,120
6/1/2015 12:00:00 AM,6/18/2015 12:00:00 AM,139,19,120
6/1/2015 12:00:00 AM,6/19/2015 12:00:00 AM,139,19,120
6/1/2015 12:00:00 AM,6/20/2015 12:00:00 AM,100,19,81
6/1/2015 12:00:00 AM,6/21/2015 12:00:00 AM,100,19,81
6/1/2015 12:00:00 AM,6/22/2015 12:00:00 AM,101,20,81
6/1/2015 12:00:00 AM,6/23/2015 12:00:00 AM,101,20,81
6/1/2015 12:00:00 AM,6/24/2015 12:00:00 AM,101,20,81
6/1/2015 12:00:00 AM,6/25/2015 12:00:00 AM,166,20,146
6/1/2015 12:00:00 AM,6/26/2015 12:00:00 AM,101,20,81
6/1/2015 12:00:00 AM,6/27/2015 12:00:00 AM,52,19,33
6/1/2015 12:00:00 AM,6/28/2015 12:00:00 AM,52,19,33
6/1/2015 12:00:00 AM,6/29/2015 12:00:00 AM,53,20,33
6/1/2015 12:00:00 AM,6/30/2015 12:00:00 AM,53,20,33
6/1/2015 12:00:00 AM,7/1/2015 12:00:00 AM,53,20,33
6/1/2015 12:00:00 AM,7/2/2015 12:00:00 AM,53,20,33
6/1/2015 12:00:00 AM,7/3/2015 12:00:00 AM,53,20,33
6/1/2015 12:00:00 AM,7/4/2015 12:00:00 AM,52,19,33
6/1/2015 12:00:00 AM,7/5/2015 12:00:00 AM,82,19,63
6/1/2015 12:00:00 AM,7/6/2015 12:00:00 AM,82,19,63
6/1/2015 12:00:00 AM,7/7/2015 12:00:00 AM,147,19,128
6/1/2015 12:00:00 AM,7/8/2015 12:00:00 AM,212,19,193
6/1/2015 12:00:00 AM,7/9/2015 12:00:00 AM,147,19,128
6/1/2015 12:00:00 AM,7/10/2015 12:00:00 AM,147,19,128
6/1/2015 12:00:00 AM,7/11/2015 12:00:00 AM,114,19,95
6/1/2015 12:00:00 AM,7/12/2015 12:00:00 AM,114,19,95
6/1/2015 12:00:00 AM,7/13/2015 12:00:00 AM,128,33,95
6/1/2015 12:00:00 AM,7/14/2015 12:00:00 AM,128,33,95
6/1/2015 12:00:00 AM,7/15/2015 12:00:00 AM,128,33,95
6/1/2015 12:00:00 AM,7/16/2015 12:00:00 AM,128,33,95
6/1/2015 12:00:00 AM,7/17/2015 12:00:00 AM,128,33,95
6/1/2015 12:00:00 AM,7/18/2015 12:00:00 AM,97,32,65
6/1/2015 12:00:00 AM,7/19/2015 12:00:00 AM,84,19,65
6/1/2015 12:00:00 AM,7/20/2015 12:00:00 AM,130,32,98
6/1/2015 12:00:00 AM,7/21/2015 12:00:00 AM,130,32,98
6/1/2015 12:00:00 AM,7/22/2015 12:00:00 AM,130,32,98
6/1/2015 12:00:00 AM,7/23/2015 12:00:00 AM,130,32,98
6/1/2015 12:00:00 AM,7/24/2015 12:00:00 AM,130,32,98
6/1/2015 12:00:00 AM,7/25/2015 12:00:00 AM,130,32,98
6/1/2015 12:00:00 AM,7/26/2015 12:00:00 AM,117,19,98
6/1/2015 12:00:00 AM,7/27/2015 12:00:00 AM,195,32,163
6/1/2015 12:00:00 AM,7/28/2015 12:00:00 AM,195,32,163
6/1/2015 12:00:00 AM,7/29/2015 12:00:00 AM,260,32,228
6/1/2015 12:00:00 AM,7/30/2015 12:00:00 AM,195,32,163
6/1/2015 12:00:00 AM,7/31/2015 12:00:00 AM,195,32,163
6/1/2015 12:00:00 AM,8/1/2015 12:00:00 AM,162,32,130
6/1/2015 12:00:00 AM,8/2/2015 12:00:00 AM,149,19,130
6/1/2015 12:00:00 AM,8/3/2015 12:00:00 AM,194,32,162
6/1/2015 12:00:00 AM,8/4/2015 12:00:00 AM,194,32,162
6/1/2015 12:00:00 AM,8/5/2015 12:00:00 AM,194,32,162
6/1/2015 12:00:00 AM,8/6/2015 12:00:00 AM,129,32,97
6/1/2015 12:00:00 AM,8/7/2015 12:00:00 AM,129,32,97
6/1/2015 12:00:00 AM,8/8/2015 12:00:00 AM,129,32,97
6/1/2015 12:00:00 AM,8/9/2015 12:00:00 AM,116,19,97
6/1/2015 12:00:00 AM,8/10/2015 12:00:00 AM,129,32,97
6/1/2015 12:00:00 AM,8/11/2015 12:00:00 AM,129,32,97
6/1/2015 12:00:00 AM,8/12/2015 12:00:00 AM,129,32,97
6/1/2015 12:00:00 AM,8/13/2015 12:00:00 AM,129,32,97
6/1/2015 12:00:00 AM,8/14/2015 12:00:00 AM,129,32,97
6/1/2015 12:00:00 AM,8/15/2015 12:00:00 AM,116,19,97
6/1/2015 12:00:00 AM,8/16/2015 12:00:00 AM,116,19,97
6/1/2015 12:00:00 AM,8/17/2015 12:00:00 AM,328,230,98
6/1/2015 12:00:00 AM,8/18/2015 12:00:00 AM,328,230,98
6/1/2015 12:00:00 AM,8/19/2015 12:00:00 AM,328,230,98
6/1/2015 12:00:00 AM,8/20/2015 12:00:00 AM,328,230,98
6/1/2015 12:00:00 AM,8/21/2015 12:00:00 AM,130,32,98
6/1/2015 12:00:00 AM,8/22/2015 12:00:00 AM,117,19,98
6/1/2015 12:00:00 AM,8/23/2015 12:00:00 AM,117,19,98
6/1/2015 12:00:00 AM,8/24/2015 12:00:00 AM,162,32,130
6/1/2015 12:00:00 AM,8/25/2015 12:00:00 AM,227,32,195
6/1/2015 12:00:00 AM,8/26/2015 12:00:00 AM,162,32,130
6/1/2015 12:00:00 AM,8/27/2015 12:00:00 AM,162,32,130
6/1/2015 12:00:00 AM,8/28/2015 12:00:00 AM,97,32,65
6/1/2015 12:00:00 AM,8/29/2015 12:00:00 AM,83,19,64
6/1/2015 12:00:00 AM,8/30/2015 12:00:00 AM,303,19,284
6/1/2015 12:00:00 AM,8/31/2015 12:00:00 AM,297,13,284
5/31/2015 12:00:00 AM,6/1/2015 12:00:00 AM,12120,5154,6966
5/31/2015 12:00:00 AM,6/2/2015 12:00:00 AM,10587,3873,6714
5/31/2015 12:00:00 AM,6/3/2015 12:00:00 AM,10169,4504,5665
5/31/2015 12:00:00 AM,6/4/2015 12:00:00 AM,9908,4400,5508
5/31/2015 12:00:00 AM,6/5/2015 12:00:00 AM,9229,3721,5508
5/31/2015 12:00:00 AM,6/6/2015 12:00:00 AM,8023,3111,4912
5/31/2015 12:00:00 AM,6/7/2015 12:00:00 AM,8023,3111,4912
5/31/2015 12:00:00 AM,6/8/2015 12:00:00 AM,6955,2805,4150
5/31/2015 12:00:00 AM,6/9/2015 12:00:00 AM,5577,1430,4147
5/31/2015 12:00:00 AM,6/10/2015 12:00:00 AM,5531,1430,4101
5/31/2015 12:00:00 AM,6/11/2015 12:00:00 AM,5314,1430,3884
5/31/2015 12:00:00 AM,6/12/2015 12:00:00 AM,5259,1430,3829
5/31/2015 12:00:00 AM,6/13/2015 12:00:00 AM,4627,798,3829
5/31/2015 12:00:00 AM,6/14/2015 12:00:00 AM,3746,705,3041
5/31/2015 12:00:00 AM,6/15/2015 12:00:00 AM,290,170,120
5/31/2015 12:00:00 AM,6/16/2015 12:00:00 AM,139,19,120
5/31/2015 12:00:00 AM,6/17/2015 12:00:00 AM,139,19,120
5/31/2015 12:00:00 AM,6/18/2015 12:00:00 AM,139,19,120
5/31/2015 12:00:00 AM,6/19/2015 12:00:00 AM,139,19,120
5/31/2015 12:00:00 AM,6/20/2015 12:00:00 AM,100,19,81
5/31/2015 12:00:00 AM,6/21/2015 12:00:00 AM,100,19,81
5/31/2015 12:00:00 AM,6/22/2015 12:00:00 AM,101,20,81
5/31/2015 12:00:00 AM,6/23/2015 12:00:00 AM,101,20,81
5/31/2015 12:00:00 AM,6/24/2015 12:00:00 AM,101,20,81
5/31/2015 12:00:00 AM,6/25/2015 12:00:00 AM,166,20,146
5/31/2015 12:00:00 AM,6/26/2015 12:00:00 AM,101,20,81
5/31/2015 12:00:00 AM,6/27/2015 12:00:00 AM,52,19,33
5/31/2015 12:00:00 AM,6/28/2015 12:00:00 AM,52,19,33
5/31/2015 12:00:00 AM,6/29/2015 12:00:00 AM,53,20,33
5/31/2015 12:00:00 AM,6/30/2015 12:00:00 AM,53,20,33
5/31/2015 12:00:00 AM,7/1/2015 12:00:00 AM,53,20,33
5/31/2015 12:00:00 AM,7/2/2015 12:00:00 AM,53,20,33
5/31/2015 12:00:00 AM,7/3/2015 12:00:00 AM,53,20,33
5/31/2015 12:00:00 AM,7/4/2015 12:00:00 AM,52,19,33
5/31/2015 12:00:00 AM,7/5/2015 12:00:00 AM,82,19,63
5/31/2015 12:00:00 AM,7/6/2015 12:00:00 AM,82,19,63
5/31/2015 12:00:00 AM,7/7/2015 12:00:00 AM,147,19,128
5/31/2015 12:00:00 AM,7/8/2015 12:00:00 AM,212,19,193
5/31/2015 12:00:00 AM,7/9/2015 12:00:00 AM,147,19,128
5/31/2015 12:00:00 AM,7/10/2015 12:00:00 AM,147,19,128
5/31/2015 12:00:00 AM,7/11/2015 12:00:00 AM,114,19,95
5/31/2015 12:00:00 AM,7/12/2015 12:00:00 AM,114,19,95
5/31/2015 12:00:00 AM,7/13/2015 12:00:00 AM,128,33,95
5/31/2015 12:00:00 AM,7/14/2015 12:00:00 AM,128,33,95
5/31/2015 12:00:00 AM,7/15/2015 12:00:00 AM,128,33,95
5/31/2015 12:00:00 AM,7/16/2015 12:00:00 AM,128,33,95
5/31/2015 12:00:00 AM,7/17/2015 12:00:00 AM,128,33,95
5/31/2015 12:00:00 AM,7/18/2015 12:00:00 AM,97,32,65
5/31/2015 12:00:00 AM,7/19/2015 12:00:00 AM,84,19,65
5/31/2015 12:00:00 AM,7/20/2015 12:00:00 AM,130,32,98
5/31/2015 12:00:00 AM,7/21/2015 12:00:00 AM,130,32,98
5/31/2015 12:00:00 AM,7/22/2015 12:00:00 AM,130,32,98
5/31/2015 12:00:00 AM,7/23/2015 12:00:00 AM,130,32,98
5/31/2015 12:00:00 AM,7/24/2015 12:00:00 AM,130,32,98
5/31/2015 12:00:00 AM,7/25/2015 12:00:00 AM,130,32,98
5/31/2015 12:00:00 AM,7/26/2015 12:00:00 AM,117,19,98
5/31/2015 12:00:00 AM,7/27/2015 12:00:00 AM,195,32,163
5/31/2015 12:00:00 AM,7/28/2015 12:00:00 AM,195,32,163
5/31/2015 12:00:00 AM,7/29/2015 12:00:00 AM,260,32,228
5/31/2015 12:00:00 AM,7/30/2015 12:00:00 AM,195,32,163
5/31/2015 12:00:00 AM,7/31/2015 12:00:00 AM,195,32,163
5/31/2015 12:00:00 AM,8/1/2015 12:00:00 AM,162,32,130
5/31/2015 12:00:00 AM,8/2/2015 12:00:00 AM,149,19,130
5/31/2015 12:00:00 AM,8/3/2015 12:00:00 AM,194,32,162
5/31/2015 12:00:00 AM,8/4/2015 12:00:00 AM,194,32,162
5/31/2015 12:00:00 AM,8/5/2015 12:00:00 AM,194,32,162
5/31/2015 12:00:00 AM,8/6/2015 12:00:00 AM,129,32,97
5/31/2015 12:00:00 AM,8/7/2015 12:00:00 AM,129,32,97
5/31/2015 12:00:00 AM,8/8/2015 12:00:00 AM,129,32,97
5/31/2015 12:00:00 AM,8/9/2015 12:00:00 AM,116,19,97
5/31/2015 12:00:00 AM,8/10/2015 12:00:00 AM,129,32,97
5/31/2015 12:00:00 AM,8/11/2015 12:00:00 AM,129,32,97
5/31/2015 12:00:00 AM,8/12/2015 12:00:00 AM,129,32,97
5/31/2015 12:00:00 AM,8/13/2015 12:00:00 AM,129,32,97
5/31/2015 12:00:00 AM,8/14/2015 12:00:00 AM,129,32,97
5/31/2015 12:00:00 AM,8/15/2015 12:00:00 AM,116,19,97
5/31/2015 12:00:00 AM,8/16/2015 12:00:00 AM,116,19,97
5/31/2015 12:00:00 AM,8/17/2015 12:00:00 AM,328,230,98
5/31/2015 12:00:00 AM,8/18/2015 12:00:00 AM,328,230,98
5/31/2015 12:00:00 AM,8/19/2015 12:00:00 AM,328,230,98
5/31/2015 12:00:00 AM,8/20/2015 12:00:00 AM,328,230,98
5/31/2015 12:00:00 AM,8/21/2015 12:00:00 AM,130,32,98
5/31/2015 12:00:00 AM,8/22/2015 12:00:00 AM,117,19,98
5/31/2015 12:00:00 AM,8/23/2015 12:00:00 AM,117,19,98
5/31/2015 12:00:00 AM,8/24/2015 12:00:00 AM,162,32,130
5/31/2015 12:00:00 AM,8/25/2015 12:00:00 AM,227,32,195
5/31/2015 12:00:00 AM,8/26/2015 12:00:00 AM,162,32,130
5/31/2015 12:00:00 AM,8/27/2015 12:00:00 AM,162,32,130
5/31/2015 12:00:00 AM,8/28/2015 12:00:00 AM,97,32,65
5/31/2015 12:00:00 AM,8/29/2015 12:00:00 AM,83,19,64
5/31/2015 12:00:00 AM,8/30/2015 12:00:00 AM,303,19,284
5/30/2015 12:00:00 AM,5/31/2015 12:00:00 AM,15404,7800,7604
5/30/2015 12:00:00 AM,6/1/2015 12:00:00 AM,13705,6454,7251
5/30/2015 12:00:00 AM,6/2/2015 12:00:00 AM,10872,3873,6999
5/30/2015 12:00:00 AM,6/3/2015 12:00:00 AM,10454,4504,5950
5/30/2015 12:00:00 AM,6/4/2015 12:00:00 AM,10207,4400,5807
5/30/2015 12:00:00 AM,6/5/2015 12:00:00 AM,9528,3721,5807
5/30/2015 12:00:00 AM,6/6/2015 12:00:00 AM,8080,3111,4969
5/30/2015 12:00:00 AM,6/7/2015 12:00:00 AM,8009,3111,4898
5/30/2015 12:00:00 AM,6/8/2015 12:00:00 AM,6955,2805,4150
5/30/2015 12:00:00 AM,6/9/2015 12:00:00 AM,5577,1430,4147
5/30/2015 12:00:00 AM,6/10/2015 12:00:00 AM,5531,1430,4101
5/30/2015 12:00:00 AM,6/11/2015 12:00:00 AM,5314,1430,3884
5/30/2015 12:00:00 AM,6/12/2015 12:00:00 AM,5259,1430,3829
5/30/2015 12:00:00 AM,6/13/2015 12:00:00 AM,4627,798,3829
5/30/2015 12:00:00 AM,6/14/2015 12:00:00 AM,3746,705,3041
5/30/2015 12:00:00 AM,6/15/2015 12:00:00 AM,290,170,120
5/30/2015 12:00:00 AM,6/16/2015 12:00:00 AM,139,19,120
5/30/2015 12:00:00 AM,6/17/2015 12:00:00 AM,139,19,120
5/30/2015 12:00:00 AM,6/18/2015 12:00:00 AM,139,19,120
5/30/2015 12:00:00 AM,6/19/2015 12:00:00 AM,139,19,120
5/30/2015 12:00:00 AM,6/20/2015 12:00:00 AM,100,19,81
5/30/2015 12:00:00 AM,6/21/2015 12:00:00 AM,100,19,81
5/30/2015 12:00:00 AM,6/22/2015 12:00:00 AM,101,20,81
5/30/2015 12:00:00 AM,6/23/2015 12:00:00 AM,101,20,81
5/30/2015 12:00:00 AM,6/24/2015 12:00:00 AM,101,20,81
5/30/2015 12:00:00 AM,6/25/2015 12:00:00 AM,166,20,146
5/30/2015 12:00:00 AM,6/26/2015 12:00:00 AM,101,20,81
5/30/2015 12:00:00 AM,6/27/2015 12:00:00 AM,52,19,33
5/30/2015 12:00:00 AM,6/28/2015 12:00:00 AM,52,19,33
5/30/2015 12:00:00 AM,6/29/2015 12:00:00 AM,53,20,33
5/30/2015 12:00:00 AM,6/30/2015 12:00:00 AM,53,20,33
5/30/2015 12:00:00 AM,7/1/2015 12:00:00 AM,53,20,33
5/30/2015 12:00:00 AM,7/2/2015 12:00:00 AM,53,20,33
5/30/2015 12:00:00 AM,7/3/2015 12:00:00 AM,53,20,33
5/30/2015 12:00:00 AM,7/4/2015 12:00:00 AM,52,19,33
5/30/2015 12:00:00 AM,7/5/2015 12:00:00 AM,82,19,63
5/30/2015 12:00:00 AM,7/6/2015 12:00:00 AM,82,19,63
5/30/2015 12:00:00 AM,7/7/2015 12:00:00 AM,147,19,128
5/30/2015 12:00:00 AM,7/8/2015 12:00:00 AM,212,19,193
5/30/2015 12:00:00 AM,7/9/2015 12:00:00 AM,147,19,128
5/30/2015 12:00:00 AM,7/10/2015 12:00:00 AM,147,19,128
5/30/2015 12:00:00 AM,7/11/2015 12:00:00 AM,114,19,95
5/30/2015 12:00:00 AM,7/12/2015 12:00:00 AM,114,19,95
5/30/2015 12:00:00 AM,7/13/2015 12:00:00 AM,128,33,95
5/30/2015 12:00:00 AM,7/14/2015 12:00:00 AM,128,33,95
5/30/2015 12:00:00 AM,7/15/2015 12:00:00 AM,128,33,95
5/30/2015 12:00:00 AM,7/16/2015 12:00:00 AM,128,33,95
5/30/2015 12:00:00 AM,7/17/2015 12:00:00 AM,128,33,95
5/30/2015 12:00:00 AM,7/18/2015 12:00:00 AM,97,32,65
5/30/2015 12:00:00 AM,7/19/2015 12:00:00 AM,84,19,65
5/30/2015 12:00:00 AM,7/20/2015 12:00:00 AM,130,32,98
5/30/2015 12:00:00 AM,7/21/2015 12:00:00 AM,130,32,98
5/30/2015 12:00:00 AM,7/22/2015 12:00:00 AM,130,32,98
5/30/2015 12:00:00 AM,7/23/2015 12:00:00 AM,130,32,98
5/30/2015 12:00:00 AM,7/24/2015 12:00:00 AM,130,32,98
5/30/2015 12:00:00 AM,7/25/2015 12:00:00 AM,130,32,98
5/30/2015 12:00:00 AM,7/26/2015 12:00:00 AM,117,19,98
5/30/2015 12:00:00 AM,7/27/2015 12:00:00 AM,195,32,163
5/30/2015 12:00:00 AM,7/28/2015 12:00:00 AM,195,32,163
5/30/2015 12:00:00 AM,7/29/2015 12:00:00 AM,260,32,228
5/30/2015 12:00:00 AM,7/30/2015 12:00:00 AM,195,32,163
5/30/2015 12:00:00 AM,7/31/2015 12:00:00 AM,195,32,163
5/30/2015 12:00:00 AM,8/1/2015 12:00:00 AM,162,32,130
5/30/2015 12:00:00 AM,8/2/2015 12:00:00 AM,149,19,130
5/30/2015 12:00:00 AM,8/3/2015 12:00:00 AM,194,32,162
5/30/2015 12:00:00 AM,8/4/2015 12:00:00 AM,194,32,162
5/30/2015 12:00:00 AM,8/5/2015 12:00:00 AM,194,32,162
5/30/2015 12:00:00 AM,8/6/2015 12:00:00 AM,129,32,97
5/30/2015 12:00:00 AM,8/7/2015 12:00:00 AM,129,32,97
5/30/2015 12:00:00 AM,8/8/2015 12:00:00 AM,129,32,97
5/30/2015 12:00:00 AM,8/9/2015 12:00:00 AM,116,19,97
5/30/2015 12:00:00 AM,8/10/2015 12:00:00 AM,129,32,97
5/30/2015 12:00:00 AM,8/11/2015 12:00:00 AM,129,32,97
5/30/2015 12:00:00 AM,8/12/2015 12:00:00 AM,129,32,97
5/30/2015 12:00:00 AM,8/13/2015 12:00:00 AM,129,32,97
5/30/2015 12:00:00 AM,8/14/2015 12:00:00 AM,129,32,97
5/30/2015 12:00:00 AM,8/15/2015 12:00:00 AM,116,19,97
5/30/2015 12:00:00 AM,8/16/2015 12:00:00 AM,116,19,97
5/30/2015 12:00:00 AM,8/17/2015 12:00:00 AM,328,230,98
5/30/2015 12:00:00 AM,8/18/2015 12:00:00 AM,328,230,98
5/30/2015 12:00:00 AM,8/19/2015 12:00:00 AM,328,230,98
5/30/2015 12:00:00 AM,8/20/2015 12:00:00 AM,328,230,98
5/30/2015 12:00:00 AM,8/21/2015 12:00:00 AM,130,32,98
5/30/2015 12:00:00 AM,8/22/2015 12:00:00 AM,117,19,98
5/30/2015 12:00:00 AM,8/23/2015 12:00:00 AM,117,19,98
5/30/2015 12:00:00 AM,8/24/2015 12:00:00 AM,162,32,130
5/30/2015 12:00:00 AM,8/25/2015 12:00:00 AM,227,32,195
5/30/2015 12:00:00 AM,8/26/2015 12:00:00 AM,162,32,130
5/30/2015 12:00:00 AM,8/27/2015 12:00:00 AM,162,32,130
5/30/2015 12:00:00 AM,8/28/2015 12:00:00 AM,97,32,65
5/30/2015 12:00:00 AM,8/29/2015 12:00:00 AM,83,19,64
5/29/2015 12:00:00 AM,5/30/2015 12:00:00 AM,16608,7636,8972
5/29/2015 12:00:00 AM,5/31/2015 12:00:00 AM,15443,7486,7957
5/29/2015 12:00:00 AM,6/1/2015 12:00:00 AM,13293,6224,7069
5/29/2015 12:00:00 AM,6/2/2015 12:00:00 AM,10349,3722,6627
5/29/2015 12:00:00 AM,6/3/2015 12:00:00 AM,9907,4178,5729
5/29/2015 12:00:00 AM,6/4/2015 12:00:00 AM,9476,3890,5586
5/29/2015 12:00:00 AM,6/5/2015 12:00:00 AM,8797,3211,5586
5/29/2015 12:00:00 AM,6/6/2015 12:00:00 AM,7816,3111,4705
5/29/2015 12:00:00 AM,6/7/2015 12:00:00 AM,7745,3111,4634
5/29/2015 12:00:00 AM,6/8/2015 12:00:00 AM,5970,2805,3165
5/29/2015 12:00:00 AM,6/9/2015 12:00:00 AM,4592,1430,3162
5/29/2015 12:00:00 AM,6/10/2015 12:00:00 AM,4546,1430,3116
5/29/2015 12:00:00 AM,6/11/2015 12:00:00 AM,4519,1430,3089
5/29/2015 12:00:00 AM,6/12/2015 12:00:00 AM,4464,1430,3034
5/29/2015 12:00:00 AM,6/13/2015 12:00:00 AM,3832,798,3034
5/29/2015 12:00:00 AM,6/14/2015 12:00:00 AM,3703,705,2998
5/29/2015 12:00:00 AM,6/15/2015 12:00:00 AM,290,170,120
5/29/2015 12:00:00 AM,6/16/2015 12:00:00 AM,139,19,120
5/29/2015 12:00:00 AM,6/17/2015 12:00:00 AM,139,19,120
5/29/2015 12:00:00 AM,6/18/2015 12:00:00 AM,139,19,120
5/29/2015 12:00:00 AM,6/19/2015 12:00:00 AM,139,19,120
5/29/2015 12:00:00 AM,6/20/2015 12:00:00 AM,100,19,81
5/29/2015 12:00:00 AM,6/21/2015 12:00:00 AM,100,19,81
5/29/2015 12:00:00 AM,6/22/2015 12:00:00 AM,101,20,81
5/29/2015 12:00:00 AM,6/23/2015 12:00:00 AM,101,20,81
5/29/2015 12:00:00 AM,6/24/2015 12:00:00 AM,101,20,81
5/29/2015 12:00:00 AM,6/25/2015 12:00:00 AM,166,20,146
5/29/2015 12:00:00 AM,6/26/2015 12:00:00 AM,101,20,81
5/29/2015 12:00:00 AM,6/27/2015 12:00:00 AM,52,19,33
5/29/2015 12:00:00 AM,6/28/2015 12:00:00 AM,52,19,33
5/29/2015 12:00:00 AM,6/29/2015 12:00:00 AM,53,20,33
5/29/2015 12:00:00 AM,6/30/2015 12:00:00 AM,53,20,33
5/29/2015 12:00:00 AM,7/1/2015 12:00:00 AM,53,20,33
5/29/2015 12:00:00 AM,7/2/2015 12:00:00 AM,53,20,33
5/29/2015 12:00:00 AM,7/3/2015 12:00:00 AM,53,20,33
5/29/2015 12:00:00 AM,7/4/2015 12:00:00 AM,52,19,33
5/29/2015 12:00:00 AM,7/5/2015 12:00:00 AM,52,19,33
5/29/2015 12:00:00 AM,7/6/2015 12:00:00 AM,52,19,33
5/29/2015 12:00:00 AM,7/7/2015 12:00:00 AM,129,19,110
5/29/2015 12:00:00 AM,7/8/2015 12:00:00 AM,182,19,163
5/29/2015 12:00:00 AM,7/9/2015 12:00:00 AM,117,19,98
5/29/2015 12:00:00 AM,7/10/2015 12:00:00 AM,117,19,98
5/29/2015 12:00:00 AM,7/11/2015 12:00:00 AM,84,19,65
5/29/2015 12:00:00 AM,7/12/2015 12:00:00 AM,84,19,65
5/29/2015 12:00:00 AM,7/13/2015 12:00:00 AM,98,33,65
5/29/2015 12:00:00 AM,7/14/2015 12:00:00 AM,98,33,65
5/29/2015 12:00:00 AM,7/15/2015 12:00:00 AM,98,33,65
5/29/2015 12:00:00 AM,7/16/2015 12:00:00 AM,98,33,65
5/29/2015 12:00:00 AM,7/17/2015 12:00:00 AM,98,33,65
5/29/2015 12:00:00 AM,7/18/2015 12:00:00 AM,97,32,65
5/29/2015 12:00:00 AM,7/19/2015 12:00:00 AM,84,19,65
5/29/2015 12:00:00 AM,7/20/2015 12:00:00 AM,130,32,98
5/29/2015 12:00:00 AM,7/21/2015 12:00:00 AM,130,32,98
5/29/2015 12:00:00 AM,7/22/2015 12:00:00 AM,130,32,98
5/29/2015 12:00:00 AM,7/23/2015 12:00:00 AM,130,32,98
5/29/2015 12:00:00 AM,7/24/2015 12:00:00 AM,130,32,98
5/29/2015 12:00:00 AM,7/25/2015 12:00:00 AM,130,32,98
5/29/2015 12:00:00 AM,7/26/2015 12:00:00 AM,117,19,98
5/29/2015 12:00:00 AM,7/27/2015 12:00:00 AM,195,32,163
5/29/2015 12:00:00 AM,7/28/2015 12:00:00 AM,195,32,163
5/29/2015 12:00:00 AM,7/29/2015 12:00:00 AM,260,32,228
5/29/2015 12:00:00 AM,7/30/2015 12:00:00 AM,195,32,163
5/29/2015 12:00:00 AM,7/31/2015 12:00:00 AM,195,32,163
5/29/2015 12:00:00 AM,8/1/2015 12:00:00 AM,162,32,130
5/29/2015 12:00:00 AM,8/2/2015 12:00:00 AM,149,19,130
5/29/2015 12:00:00 AM,8/3/2015 12:00:00 AM,194,32,162
5/29/2015 12:00:00 AM,8/4/2015 12:00:00 AM,194,32,162
5/29/2015 12:00:00 AM,8/5/2015 12:00:00 AM,194,32,162
5/29/2015 12:00:00 AM,8/6/2015 12:00:00 AM,129,32,97
5/29/2015 12:00:00 AM,8/7/2015 12:00:00 AM,129,32,97
5/29/2015 12:00:00 AM,8/8/2015 12:00:00 AM,129,32,97
5/29/2015 12:00:00 AM,8/9/2015 12:00:00 AM,116,19,97
5/29/2015 12:00:00 AM,8/10/2015 12:00:00 AM,129,32,97
5/29/2015 12:00:00 AM,8/11/2015 12:00:00 AM,129,32,97
5/29/2015 12:00:00 AM,8/12/2015 12:00:00 AM,129,32,97
5/29/2015 12:00:00 AM,8/13/2015 12:00:00 AM,129,32,97
5/29/2015 12:00:00 AM,8/14/2015 12:00:00 AM,129,32,97
5/29/2015 12:00:00 AM,8/15/2015 12:00:00 AM,116,19,97
5/29/2015 12:00:00 AM,8/16/2015 12:00:00 AM,116,19,97
5/29/2015 12:00:00 AM,8/17/2015 12:00:00 AM,328,230,98
5/29/2015 12:00:00 AM,8/18/2015 12:00:00 AM,328,230,98
5/29/2015 12:00:00 AM,8/19/2015 12:00:00 AM,328,230,98
5/29/2015 12:00:00 AM,8/20/2015 12:00:00 AM,328,230,98
5/29/2015 12:00:00 AM,8/21/2015 12:00:00 AM,130,32,98
5/29/2015 12:00:00 AM,8/22/2015 12:00:00 AM,117,19,98
5/29/2015 12:00:00 AM,8/23/2015 12:00:00 AM,117,19,98
5/29/2015 12:00:00 AM,8/24/2015 12:00:00 AM,162,32,130
5/29/2015 12:00:00 AM,8/25/2015 12:00:00 AM,227,32,195
5/29/2015 12:00:00 AM,8/26/2015 12:00:00 AM,162,32,130
5/29/2015 12:00:00 AM,8/27/2015 12:00:00 AM,162,32,130
5/29/2015 12:00:00 AM,8/28/2015 12:00:00 AM,97,32,65
5/28/2015 12:00:00 AM,5/29/2015 12:00:00 AM,18232,7536,10696
5/28/2015 12:00:00 AM,5/30/2015 12:00:00 AM,17653,7510,10143
5/28/2015 12:00:00 AM,5/31/2015 12:00:00 AM,16488,7360,9128
5/28/2015 12:00:00 AM,6/1/2015 12:00:00 AM,13312,6098,7214
5/28/2015 12:00:00 AM,6/2/2015 12:00:00 AM,10368,3596,6772
5/28/2015 12:00:00 AM,6/3/2015 12:00:00 AM,9645,4052,5593
5/28/2015 12:00:00 AM,6/4/2015 12:00:00 AM,9214,3764,5450
5/28/2015 12:00:00 AM,6/5/2015 12:00:00 AM,8535,3085,5450
5/28/2015 12:00:00 AM,6/6/2015 12:00:00 AM,7554,2985,4569
5/28/2015 12:00:00 AM,6/7/2015 12:00:00 AM,7483,2985,4498
5/28/2015 12:00:00 AM,6/8/2015 12:00:00 AM,5708,2679,3029
5/28/2015 12:00:00 AM,6/9/2015 12:00:00 AM,4330,1304,3026
5/28/2015 12:00:00 AM,6/10/2015 12:00:00 AM,4284,1304,2980
5/28/2015 12:00:00 AM,6/11/2015 12:00:00 AM,4257,1304,2953
5/28/2015 12:00:00 AM,6/12/2015 12:00:00 AM,4202,1304,2898
5/28/2015 12:00:00 AM,6/13/2015 12:00:00 AM,3696,798,2898
5/28/2015 12:00:00 AM,6/14/2015 12:00:00 AM,3567,705,2862
5/28/2015 12:00:00 AM,6/15/2015 12:00:00 AM,290,170,120
5/28/2015 12:00:00 AM,6/16/2015 12:00:00 AM,139,19,120
5/28/2015 12:00:00 AM,6/17/2015 12:00:00 AM,139,19,120
5/28/2015 12:00:00 AM,6/18/2015 12:00:00 AM,139,19,120
5/28/2015 12:00:00 AM,6/19/2015 12:00:00 AM,139,19,120
5/28/2015 12:00:00 AM,6/20/2015 12:00:00 AM,100,19,81
5/28/2015 12:00:00 AM,6/21/2015 12:00:00 AM,100,19,81
5/28/2015 12:00:00 AM,6/22/2015 12:00:00 AM,101,20,81
5/28/2015 12:00:00 AM,6/23/2015 12:00:00 AM,101,20,81
5/28/2015 12:00:00 AM,6/24/2015 12:00:00 AM,101,20,81
5/28/2015 12:00:00 AM,6/25/2015 12:00:00 AM,166,20,146
5/28/2015 12:00:00 AM,6/26/2015 12:00:00 AM,101,20,81
5/28/2015 12:00:00 AM,6/27/2015 12:00:00 AM,52,19,33
5/28/2015 12:00:00 AM,6/28/2015 12:00:00 AM,52,19,33
5/28/2015 12:00:00 AM,6/29/2015 12:00:00 AM,53,20,33
5/28/2015 12:00:00 AM,6/30/2015 12:00:00 AM,53,20,33
5/28/2015 12:00:00 AM,7/1/2015 12:00:00 AM,53,20,33
5/28/2015 12:00:00 AM,7/2/2015 12:00:00 AM,53,20,33
5/28/2015 12:00:00 AM,7/3/2015 12:00:00 AM,53,20,33
5/28/2015 12:00:00 AM,7/4/2015 12:00:00 AM,52,19,33
5/28/2015 12:00:00 AM,7/5/2015 12:00:00 AM,52,19,33
5/28/2015 12:00:00 AM,7/6/2015 12:00:00 AM,52,19,33
5/28/2015 12:00:00 AM,7/7/2015 12:00:00 AM,129,19,110
5/28/2015 12:00:00 AM,7/8/2015 12:00:00 AM,182,19,163
5/28/2015 12:00:00 AM,7/9/2015 12:00:00 AM,117,19,98
5/28/2015 12:00:00 AM,7/10/2015 12:00:00 AM,117,19,98
5/28/2015 12:00:00 AM,7/11/2015 12:00:00 AM,84,19,65
5/28/2015 12:00:00 AM,7/12/2015 12:00:00 AM,84,19,65
5/28/2015 12:00:00 AM,7/13/2015 12:00:00 AM,98,33,65
5/28/2015 12:00:00 AM,7/14/2015 12:00:00 AM,98,33,65
5/28/2015 12:00:00 AM,7/15/2015 12:00:00 AM,98,33,65
5/28/2015 12:00:00 AM,7/16/2015 12:00:00 AM,98,33,65
5/28/2015 12:00:00 AM,7/17/2015 12:00:00 AM,98,33,65
5/28/2015 12:00:00 AM,7/18/2015 12:00:00 AM,97,32,65
5/28/2015 12:00:00 AM,7/19/2015 12:00:00 AM,84,19,65
5/28/2015 12:00:00 AM,7/20/2015 12:00:00 AM,130,32,98
5/28/2015 12:00:00 AM,7/21/2015 12:00:00 AM,130,32,98
5/28/2015 12:00:00 AM,7/22/2015 12:00:00 AM,130,32,98
5/28/2015 12:00:00 AM,7/23/2015 12:00:00 AM,130,32,98
5/28/2015 12:00:00 AM,7/24/2015 12:00:00 AM,130,32,98
5/28/2015 12:00:00 AM,7/25/2015 12:00:00 AM,130,32,98
5/28/2015 12:00:00 AM,7/26/2015 12:00:00 AM,117,19,98
5/28/2015 12:00:00 AM,7/27/2015 12:00:00 AM,195,32,163
5/28/2015 12:00:00 AM,7/28/2015 12:00:00 AM,195,32,163
5/28/2015 12:00:00 AM,7/29/2015 12:00:00 AM,260,32,228
5/28/2015 12:00:00 AM,7/30/2015 12:00:00 AM,195,32,163
5/28/2015 12:00:00 AM,7/31/2015 12:00:00 AM,195,32,163
5/28/2015 12:00:00 AM,8/1/2015 12:00:00 AM,162,32,130
5/28/2015 12:00:00 AM,8/2/2015 12:00:00 AM,149,19,130
5/28/2015 12:00:00 AM,8/3/2015 12:00:00 AM,194,32,162
5/28/2015 12:00:00 AM,8/4/2015 12:00:00 AM,194,32,162
5/28/2015 12:00:00 AM,8/5/2015 12:00:00 AM,194,32,162
5/28/2015 12:00:00 AM,8/6/2015 12:00:00 AM,129,32,97
5/28/2015 12:00:00 AM,8/7/2015 12:00:00 AM,129,32,97
5/28/2015 12:00:00 AM,8/8/2015 12:00:00 AM,129,32,97
5/28/2015 12:00:00 AM,8/9/2015 12:00:00 AM,116,19,97
5/28/2015 12:00:00 AM,8/10/2015 12:00:00 AM,116,19,97
5/28/2015 12:00:00 AM,8/11/2015 12:00:00 AM,116,19,97
5/28/2015 12:00:00 AM,8/12/2015 12:00:00 AM,116,19,97
5/28/2015 12:00:00 AM,8/13/2015 12:00:00 AM,116,19,97
5/28/2015 12:00:00 AM,8/14/2015 12:00:00 AM,116,19,97
5/28/2015 12:00:00 AM,8/15/2015 12:00:00 AM,116,19,97
5/28/2015 12:00:00 AM,8/16/2015 12:00:00 AM,116,19,97
5/28/2015 12:00:00 AM,8/17/2015 12:00:00 AM,315,217,98
5/28/2015 12:00:00 AM,8/18/2015 12:00:00 AM,315,217,98
5/28/2015 12:00:00 AM,8/19/2015 12:00:00 AM,315,217,98
5/28/2015 12:00:00 AM,8/20/2015 12:00:00 AM,315,217,98
5/28/2015 12:00:00 AM,8/21/2015 12:00:00 AM,117,19,98
5/28/2015 12:00:00 AM,8/22/2015 12:00:00 AM,117,19,98
5/28/2015 12:00:00 AM,8/23/2015 12:00:00 AM,117,19,98
5/28/2015 12:00:00 AM,8/24/2015 12:00:00 AM,149,19,130
5/28/2015 12:00:00 AM,8/25/2015 12:00:00 AM,214,19,195
5/28/2015 12:00:00 AM,8/26/2015 12:00:00 AM,149,19,130
5/28/2015 12:00:00 AM,8/27/2015 12:00:00 AM,149,19,130
5/27/2015 12:00:00 AM,5/28/2015 12:00:00 AM,19119,7686,11433
5/27/2015 12:00:00 AM,5/29/2015 12:00:00 AM,18719,7306,11413
5/27/2015 12:00:00 AM,5/30/2015 12:00:00 AM,17242,7171,10071
5/27/2015 12:00:00 AM,5/31/2015 12:00:00 AM,15994,7021,8973
5/27/2015 12:00:00 AM,6/1/2015 12:00:00 AM,12376,5759,6617
5/27/2015 12:00:00 AM,6/2/2015 12:00:00 AM,8485,3257,5228
5/27/2015 12:00:00 AM,6/3/2015 12:00:00 AM,7762,3713,4049
5/27/2015 12:00:00 AM,6/4/2015 12:00:00 AM,7331,3425,3906
5/27/2015 12:00:00 AM,6/5/2015 12:00:00 AM,7407,2746,4661
5/27/2015 12:00:00 AM,6/6/2015 12:00:00 AM,6426,2646,3780
5/27/2015 12:00:00 AM,6/7/2015 12:00:00 AM,6355,2646,3709
5/27/2015 12:00:00 AM,6/8/2015 12:00:00 AM,5335,2340,2995
5/27/2015 12:00:00 AM,6/9/2015 12:00:00 AM,3957,965,2992
5/27/2015 12:00:00 AM,6/10/2015 12:00:00 AM,3911,965,2946
5/27/2015 12:00:00 AM,6/11/2015 12:00:00 AM,3884,965,2919
5/27/2015 12:00:00 AM,6/12/2015 12:00:00 AM,3829,965,2864
5/27/2015 12:00:00 AM,6/13/2015 12:00:00 AM,3662,798,2864
5/27/2015 12:00:00 AM,6/14/2015 12:00:00 AM,2778,705,2073
5/27/2015 12:00:00 AM,6/15/2015 12:00:00 AM,290,170,120
5/27/2015 12:00:00 AM,6/16/2015 12:00:00 AM,139,19,120
5/27/2015 12:00:00 AM,6/17/2015 12:00:00 AM,139,19,120
5/27/2015 12:00:00 AM,6/18/2015 12:00:00 AM,139,19,120
5/27/2015 12:00:00 AM,6/19/2015 12:00:00 AM,139,19,120
5/27/2015 12:00:00 AM,6/20/2015 12:00:00 AM,100,19,81
5/27/2015 12:00:00 AM,6/21/2015 12:00:00 AM,100,19,81
5/27/2015 12:00:00 AM,6/22/2015 12:00:00 AM,101,20,81
5/27/2015 12:00:00 AM,6/23/2015 12:00:00 AM,101,20,81
5/27/2015 12:00:00 AM,6/24/2015 12:00:00 AM,101,20,81
5/27/2015 12:00:00 AM,6/25/2015 12:00:00 AM,166,20,146
5/27/2015 12:00:00 AM,6/26/2015 12:00:00 AM,101,20,81
5/27/2015 12:00:00 AM,6/27/2015 12:00:00 AM,52,19,33
5/27/2015 12:00:00 AM,6/28/2015 12:00:00 AM,52,19,33
5/27/2015 12:00:00 AM,6/29/2015 12:00:00 AM,53,20,33
5/27/2015 12:00:00 AM,6/30/2015 12:00:00 AM,53,20,33
5/27/2015 12:00:00 AM,7/1/2015 12:00:00 AM,53,20,33
5/27/2015 12:00:00 AM,7/2/2015 12:00:00 AM,53,20,33
5/27/2015 12:00:00 AM,7/3/2015 12:00:00 AM,53,20,33
5/27/2015 12:00:00 AM,7/4/2015 12:00:00 AM,52,19,33
5/27/2015 12:00:00 AM,7/5/2015 12:00:00 AM,52,19,33
5/27/2015 12:00:00 AM,7/6/2015 12:00:00 AM,52,19,33
5/27/2015 12:00:00 AM,7/7/2015 12:00:00 AM,129,19,110
5/27/2015 12:00:00 AM,7/8/2015 12:00:00 AM,182,19,163
5/27/2015 12:00:00 AM,7/9/2015 12:00:00 AM,117,19,98
5/27/2015 12:00:00 AM,7/10/2015 12:00:00 AM,117,19,98
5/27/2015 12:00:00 AM,7/11/2015 12:00:00 AM,84,19,65
5/27/2015 12:00:00 AM,7/12/2015 12:00:00 AM,84,19,65
5/27/2015 12:00:00 AM,7/13/2015 12:00:00 AM,98,33,65
5/27/2015 12:00:00 AM,7/14/2015 12:00:00 AM,98,33,65
5/27/2015 12:00:00 AM,7/15/2015 12:00:00 AM,98,33,65
5/27/2015 12:00:00 AM,7/16/2015 12:00:00 AM,98,33,65
5/27/2015 12:00:00 AM,7/17/2015 12:00:00 AM,98,33,65
5/27/2015 12:00:00 AM,7/18/2015 12:00:00 AM,97,32,65
5/27/2015 12:00:00 AM,7/19/2015 12:00:00 AM,84,19,65
5/27/2015 12:00:00 AM,7/20/2015 12:00:00 AM,130,32,98
5/27/2015 12:00:00 AM,7/21/2015 12:00:00 AM,130,32,98
5/27/2015 12:00:00 AM,7/22/2015 12:00:00 AM,130,32,98
5/27/2015 12:00:00 AM,7/23/2015 12:00:00 AM,130,32,98
5/27/2015 12:00:00 AM,7/24/2015 12:00:00 AM,130,32,98
5/27/2015 12:00:00 AM,7/25/2015 12:00:00 AM,130,32,98
5/27/2015 12:00:00 AM,7/26/2015 12:00:00 AM,117,19,98
5/27/2015 12:00:00 AM,7/27/2015 12:00:00 AM,195,32,163
5/27/2015 12:00:00 AM,7/28/2015 12:00:00 AM,195,32,163
5/27/2015 12:00:00 AM,7/29/2015 12:00:00 AM,260,32,228
5/27/2015 12:00:00 AM,7/30/2015 12:00:00 AM,195,32,163
5/27/2015 12:00:00 AM,7/31/2015 12:00:00 AM,195,32,163
5/27/2015 12:00:00 AM,8/1/2015 12:00:00 AM,162,32,130
5/27/2015 12:00:00 AM,8/2/2015 12:00:00 AM,149,19,130
5/27/2015 12:00:00 AM,8/3/2015 12:00:00 AM,194,32,162
5/27/2015 12:00:00 AM,8/4/2015 12:00:00 AM,194,32,162
5/27/2015 12:00:00 AM,8/5/2015 12:00:00 AM,194,32,162
5/27/2015 12:00:00 AM,8/6/2015 12:00:00 AM,129,32,97
5/27/2015 12:00:00 AM,8/7/2015 12:00:00 AM,129,32,97
5/27/2015 12:00:00 AM,8/8/2015 12:00:00 AM,129,32,97
5/27/2015 12:00:00 AM,8/9/2015 12:00:00 AM,116,19,97
5/27/2015 12:00:00 AM,8/10/2015 12:00:00 AM,116,19,97
5/27/2015 12:00:00 AM,8/11/2015 12:00:00 AM,116,19,97
5/27/2015 12:00:00 AM,8/12/2015 12:00:00 AM,116,19,97
5/27/2015 12:00:00 AM,8/13/2015 12:00:00 AM,116,19,97
5/27/2015 12:00:00 AM,8/14/2015 12:00:00 AM,116,19,97
5/27/2015 12:00:00 AM,8/15/2015 12:00:00 AM,116,19,97
5/27/2015 12:00:00 AM,8/16/2015 12:00:00 AM,116,19,97
5/27/2015 12:00:00 AM,8/17/2015 12:00:00 AM,315,217,98
5/27/2015 12:00:00 AM,8/18/2015 12:00:00 AM,315,217,98
5/27/2015 12:00:00 AM,8/19/2015 12:00:00 AM,315,217,98
5/27/2015 12:00:00 AM,8/20/2015 12:00:00 AM,315,217,98
5/27/2015 12:00:00 AM,8/21/2015 12:00:00 AM,117,19,98
5/27/2015 12:00:00 AM,8/22/2015 12:00:00 AM,117,19,98
5/27/2015 12:00:00 AM,8/23/2015 12:00:00 AM,117,19,98
5/27/2015 12:00:00 AM,8/24/2015 12:00:00 AM,149,19,130
5/27/2015 12:00:00 AM,8/25/2015 12:00:00 AM,214,19,195
5/27/2015 12:00:00 AM,8/26/2015 12:00:00 AM,149,19,130
5/26/2015 12:00:00 AM,5/27/2015 12:00:00 AM,20631,9051,11580
5/26/2015 12:00:00 AM,5/28/2015 12:00:00 AM,19713,8153,11560
5/26/2015 12:00:00 AM,5/29/2015 12:00:00 AM,17452,6820,10632
5/26/2015 12:00:00 AM,5/30/2015 12:00:00 AM,17233,7195,10038
5/26/2015 12:00:00 AM,5/31/2015 12:00:00 AM,15837,6368,9469
5/26/2015 12:00:00 AM,6/1/2015 12:00:00 AM,12093,4931,7162
5/26/2015 12:00:00 AM,6/2/2015 12:00:00 AM,7698,2731,4967
5/26/2015 12:00:00 AM,6/3/2015 12:00:00 AM,7712,3362,4350
5/26/2015 12:00:00 AM,6/4/2015 12:00:00 AM,7090,3164,3926
5/26/2015 12:00:00 AM,6/5/2015 12:00:00 AM,7354,2673,4681
5/26/2015 12:00:00 AM,6/6/2015 12:00:00 AM,6279,2479,3800
5/26/2015 12:00:00 AM,6/7/2015 12:00:00 AM,5422,2479,2943
5/26/2015 12:00:00 AM,6/8/2015 12:00:00 AM,5974,2173,3801
5/26/2015 12:00:00 AM,6/9/2015 12:00:00 AM,3810,798,3012
5/26/2015 12:00:00 AM,6/10/2015 12:00:00 AM,3764,798,2966
5/26/2015 12:00:00 AM,6/11/2015 12:00:00 AM,3737,798,2939
5/26/2015 12:00:00 AM,6/12/2015 12:00:00 AM,3682,798,2884
5/26/2015 12:00:00 AM,6/13/2015 12:00:00 AM,3589,705,2884
5/26/2015 12:00:00 AM,6/14/2015 12:00:00 AM,2891,798,2093
5/26/2015 12:00:00 AM,6/15/2015 12:00:00 AM,139,19,120
5/26/2015 12:00:00 AM,6/16/2015 12:00:00 AM,290,170,120
5/26/2015 12:00:00 AM,6/17/2015 12:00:00 AM,290,170,120
5/26/2015 12:00:00 AM,6/18/2015 12:00:00 AM,139,19,120
5/26/2015 12:00:00 AM,6/19/2015 12:00:00 AM,139,19,120
5/26/2015 12:00:00 AM,6/20/2015 12:00:00 AM,100,19,81
5/26/2015 12:00:00 AM,6/21/2015 12:00:00 AM,100,19,81
5/26/2015 12:00:00 AM,6/22/2015 12:00:00 AM,101,20,81
5/26/2015 12:00:00 AM,6/23/2015 12:00:00 AM,101,20,81
5/26/2015 12:00:00 AM,6/24/2015 12:00:00 AM,101,20,81
5/26/2015 12:00:00 AM,6/25/2015 12:00:00 AM,166,20,146
5/26/2015 12:00:00 AM,6/26/2015 12:00:00 AM,101,20,81
5/26/2015 12:00:00 AM,6/27/2015 12:00:00 AM,52,19,33
5/26/2015 12:00:00 AM,6/28/2015 12:00:00 AM,52,19,33
5/26/2015 12:00:00 AM,6/29/2015 12:00:00 AM,53,20,33
5/26/2015 12:00:00 AM,6/30/2015 12:00:00 AM,53,20,33
5/26/2015 12:00:00 AM,7/1/2015 12:00:00 AM,53,20,33
5/26/2015 12:00:00 AM,7/2/2015 12:00:00 AM,53,20,33
5/26/2015 12:00:00 AM,7/3/2015 12:00:00 AM,53,20,33
5/26/2015 12:00:00 AM,7/4/2015 12:00:00 AM,52,19,33
5/26/2015 12:00:00 AM,7/5/2015 12:00:00 AM,52,19,33
5/26/2015 12:00:00 AM,7/6/2015 12:00:00 AM,52,19,33
5/26/2015 12:00:00 AM,7/7/2015 12:00:00 AM,129,19,110
5/26/2015 12:00:00 AM,7/8/2015 12:00:00 AM,182,19,163
5/26/2015 12:00:00 AM,7/9/2015 12:00:00 AM,117,19,98
5/26/2015 12:00:00 AM,7/10/2015 12:00:00 AM,117,19,98
5/26/2015 12:00:00 AM,7/11/2015 12:00:00 AM,84,19,65
5/26/2015 12:00:00 AM,7/12/2015 12:00:00 AM,84,19,65
5/26/2015 12:00:00 AM,7/13/2015 12:00:00 AM,97,32,65
5/26/2015 12:00:00 AM,7/14/2015 12:00:00 AM,97,32,65
5/26/2015 12:00:00 AM,7/15/2015 12:00:00 AM,97,32,65
5/26/2015 12:00:00 AM,7/16/2015 12:00:00 AM,97,32,65
5/26/2015 12:00:00 AM,7/17/2015 12:00:00 AM,97,32,65
5/26/2015 12:00:00 AM,7/18/2015 12:00:00 AM,97,32,65
5/26/2015 12:00:00 AM,7/19/2015 12:00:00 AM,84,19,65
5/26/2015 12:00:00 AM,7/20/2015 12:00:00 AM,130,32,98
5/26/2015 12:00:00 AM,7/21/2015 12:00:00 AM,130,32,98
5/26/2015 12:00:00 AM,7/22/2015 12:00:00 AM,130,32,98
5/26/2015 12:00:00 AM,7/23/2015 12:00:00 AM,130,32,98
5/26/2015 12:00:00 AM,7/24/2015 12:00:00 AM,130,32,98
5/26/2015 12:00:00 AM,7/25/2015 12:00:00 AM,130,32,98
5/26/2015 12:00:00 AM,7/26/2015 12:00:00 AM,117,19,98
5/26/2015 12:00:00 AM,7/27/2015 12:00:00 AM,195,32,163
5/26/2015 12:00:00 AM,7/28/2015 12:00:00 AM,195,32,163
5/26/2015 12:00:00 AM,7/29/2015 12:00:00 AM,260,32,228
5/26/2015 12:00:00 AM,7/30/2015 12:00:00 AM,195,32,163
5/26/2015 12:00:00 AM,7/31/2015 12:00:00 AM,195,32,163
5/26/2015 12:00:00 AM,8/1/2015 12:00:00 AM,162,32,130
5/26/2015 12:00:00 AM,8/2/2015 12:00:00 AM,149,19,130
5/26/2015 12:00:00 AM,8/3/2015 12:00:00 AM,194,32,162
5/26/2015 12:00:00 AM,8/4/2015 12:00:00 AM,194,32,162
5/26/2015 12:00:00 AM,8/5/2015 12:00:00 AM,194,32,162
5/26/2015 12:00:00 AM,8/6/2015 12:00:00 AM,129,32,97
5/26/2015 12:00:00 AM,8/7/2015 12:00:00 AM,129,32,97
5/26/2015 12:00:00 AM,8/8/2015 12:00:00 AM,129,32,97
5/26/2015 12:00:00 AM,8/9/2015 12:00:00 AM,116,19,97
5/26/2015 12:00:00 AM,8/10/2015 12:00:00 AM,116,19,97
5/26/2015 12:00:00 AM,8/11/2015 12:00:00 AM,116,19,97
5/26/2015 12:00:00 AM,8/12/2015 12:00:00 AM,116,19,97
5/26/2015 12:00:00 AM,8/13/2015 12:00:00 AM,116,19,97
5/26/2015 12:00:00 AM,8/14/2015 12:00:00 AM,116,19,97
5/26/2015 12:00:00 AM,8/15/2015 12:00:00 AM,116,19,97
5/26/2015 12:00:00 AM,8/16/2015 12:00:00 AM,116,19,97
5/26/2015 12:00:00 AM,8/17/2015 12:00:00 AM,315,217,98
5/26/2015 12:00:00 AM,8/18/2015 12:00:00 AM,315,217,98
5/26/2015 12:00:00 AM,8/19/2015 12:00:00 AM,315,217,98
5/26/2015 12:00:00 AM,8/20/2015 12:00:00 AM,315,217,98
5/26/2015 12:00:00 AM,8/21/2015 12:00:00 AM,117,19,98
5/26/2015 12:00:00 AM,8/22/2015 12:00:00 AM,117,19,98
5/26/2015 12:00:00 AM,8/23/2015 12:00:00 AM,117,19,98
5/26/2015 12:00:00 AM,8/24/2015 12:00:00 AM,149,19,130
5/26/2015 12:00:00 AM,8/25/2015 12:00:00 AM,214,19,195
5/25/2015 12:00:00 AM,5/26/2015 12:00:00 AM,20713,8837,11876
5/25/2015 12:00:00 AM,5/27/2015 12:00:00 AM,20206,8646,11560
5/25/2015 12:00:00 AM,5/28/2015 12:00:00 AM,19713,8153,11560
5/25/2015 12:00:00 AM,5/29/2015 12:00:00 AM,17432,6820,10612
5/25/2015 12:00:00 AM,5/30/2015 12:00:00 AM,17233,7195,10038
5/25/2015 12:00:00 AM,5/31/2015 12:00:00 AM,15837,6368,9469
5/25/2015 12:00:00 AM,6/1/2015 12:00:00 AM,12093,4931,7162
5/25/2015 12:00:00 AM,6/2/2015 12:00:00 AM,7698,2731,4967
5/25/2015 12:00:00 AM,6/3/2015 12:00:00 AM,7712,3362,4350
5/25/2015 12:00:00 AM,6/4/2015 12:00:00 AM,7090,3164,3926
5/25/2015 12:00:00 AM,6/5/2015 12:00:00 AM,7354,2673,4681
5/25/2015 12:00:00 AM,6/6/2015 12:00:00 AM,6279,2479,3800
5/25/2015 12:00:00 AM,6/7/2015 12:00:00 AM,5422,2479,2943
5/25/2015 12:00:00 AM,6/8/2015 12:00:00 AM,5974,2173,3801
5/25/2015 12:00:00 AM,6/9/2015 12:00:00 AM,3810,798,3012
5/25/2015 12:00:00 AM,6/10/2015 12:00:00 AM,3764,798,2966
5/25/2015 12:00:00 AM,6/11/2015 12:00:00 AM,3737,798,2939
5/25/2015 12:00:00 AM,6/12/2015 12:00:00 AM,3682,798,2884
5/25/2015 12:00:00 AM,6/13/2015 12:00:00 AM,3589,705,2884
5/25/2015 12:00:00 AM,6/14/2015 12:00:00 AM,2891,798,2093
5/25/2015 12:00:00 AM,6/15/2015 12:00:00 AM,139,19,120
5/25/2015 12:00:00 AM,6/16/2015 12:00:00 AM,290,170,120
5/25/2015 12:00:00 AM,6/17/2015 12:00:00 AM,290,170,120
5/25/2015 12:00:00 AM,6/18/2015 12:00:00 AM,139,19,120
5/25/2015 12:00:00 AM,6/19/2015 12:00:00 AM,139,19,120
5/25/2015 12:00:00 AM,6/20/2015 12:00:00 AM,100,19,81
5/25/2015 12:00:00 AM,6/21/2015 12:00:00 AM,100,19,81
5/25/2015 12:00:00 AM,6/22/2015 12:00:00 AM,101,20,81
5/25/2015 12:00:00 AM,6/23/2015 12:00:00 AM,101,20,81
5/25/2015 12:00:00 AM,6/24/2015 12:00:00 AM,101,20,81
5/25/2015 12:00:00 AM,6/25/2015 12:00:00 AM,166,20,146
5/25/2015 12:00:00 AM,6/26/2015 12:00:00 AM,101,20,81
5/25/2015 12:00:00 AM,6/27/2015 12:00:00 AM,52,19,33
5/25/2015 12:00:00 AM,6/28/2015 12:00:00 AM,52,19,33
5/25/2015 12:00:00 AM,6/29/2015 12:00:00 AM,53,20,33
5/25/2015 12:00:00 AM,6/30/2015 12:00:00 AM,53,20,33
5/25/2015 12:00:00 AM,7/1/2015 12:00:00 AM,53,20,33
5/25/2015 12:00:00 AM,7/2/2015 12:00:00 AM,53,20,33
5/25/2015 12:00:00 AM,7/3/2015 12:00:00 AM,53,20,33
5/25/2015 12:00:00 AM,7/4/2015 12:00:00 AM,52,19,33
5/25/2015 12:00:00 AM,7/5/2015 12:00:00 AM,52,19,33
5/25/2015 12:00:00 AM,7/6/2015 12:00:00 AM,52,19,33
5/25/2015 12:00:00 AM,7/7/2015 12:00:00 AM,129,19,110
5/25/2015 12:00:00 AM,7/8/2015 12:00:00 AM,182,19,163
5/25/2015 12:00:00 AM,7/9/2015 12:00:00 AM,117,19,98
5/25/2015 12:00:00 AM,7/10/2015 12:00:00 AM,117,19,98
5/25/2015 12:00:00 AM,7/11/2015 12:00:00 AM,84,19,65
5/25/2015 12:00:00 AM,7/12/2015 12:00:00 AM,84,19,65
5/25/2015 12:00:00 AM,7/13/2015 12:00:00 AM,97,32,65
5/25/2015 12:00:00 AM,7/14/2015 12:00:00 AM,97,32,65
5/25/2015 12:00:00 AM,7/15/2015 12:00:00 AM,97,32,65
5/25/2015 12:00:00 AM,7/16/2015 12:00:00 AM,97,32,65
5/25/2015 12:00:00 AM,7/17/2015 12:00:00 AM,97,32,65
5/25/2015 12:00:00 AM,7/18/2015 12:00:00 AM,97,32,65
5/25/2015 12:00:00 AM,7/19/2015 12:00:00 AM,84,19,65
5/25/2015 12:00:00 AM,7/20/2015 12:00:00 AM,130,32,98
5/25/2015 12:00:00 AM,7/21/2015 12:00:00 AM,130,32,98
5/25/2015 12:00:00 AM,7/22/2015 12:00:00 AM,130,32,98
5/25/2015 12:00:00 AM,7/23/2015 12:00:00 AM,130,32,98
5/25/2015 12:00:00 AM,7/24/2015 12:00:00 AM,130,32,98
5/25/2015 12:00:00 AM,7/25/2015 12:00:00 AM,130,32,98
5/25/2015 12:00:00 AM,7/26/2015 12:00:00 AM,117,19,98
5/25/2015 12:00:00 AM,7/27/2015 12:00:00 AM,195,32,163
5/25/2015 12:00:00 AM,7/28/2015 12:00:00 AM,195,32,163
5/25/2015 12:00:00 AM,7/29/2015 12:00:00 AM,260,32,228
5/25/2015 12:00:00 AM,7/30/2015 12:00:00 AM,195,32,163
5/25/2015 12:00:00 AM,7/31/2015 12:00:00 AM,195,32,163
5/25/2015 12:00:00 AM,8/1/2015 12:00:00 AM,162,32,130
5/25/2015 12:00:00 AM,8/2/2015 12:00:00 AM,149,19,130
5/25/2015 12:00:00 AM,8/3/2015 12:00:00 AM,194,32,162
5/25/2015 12:00:00 AM,8/4/2015 12:00:00 AM,194,32,162
5/25/2015 12:00:00 AM,8/5/2015 12:00:00 AM,194,32,162
5/25/2015 12:00:00 AM,8/6/2015 12:00:00 AM,129,32,97
5/25/2015 12:00:00 AM,8/7/2015 12:00:00 AM,129,32,97
5/25/2015 12:00:00 AM,8/8/2015 12:00:00 AM,129,32,97
5/25/2015 12:00:00 AM,8/9/2015 12:00:00 AM,116,19,97
5/25/2015 12:00:00 AM,8/10/2015 12:00:00 AM,116,19,97
5/25/2015 12:00:00 AM,8/11/2015 12:00:00 AM,116,19,97
5/25/2015 12:00:00 AM,8/12/2015 12:00:00 AM,116,19,97
5/25/2015 12:00:00 AM,8/13/2015 12:00:00 AM,116,19,97
5/25/2015 12:00:00 AM,8/14/2015 12:00:00 AM,116,19,97
5/25/2015 12:00:00 AM,8/15/2015 12:00:00 AM,116,19,97
5/25/2015 12:00:00 AM,8/16/2015 12:00:00 AM,116,19,97
5/25/2015 12:00:00 AM,8/17/2015 12:00:00 AM,315,217,98
5/25/2015 12:00:00 AM,8/18/2015 12:00:00 AM,315,217,98
5/25/2015 12:00:00 AM,8/19/2015 12:00:00 AM,315,217,98
5/25/2015 12:00:00 AM,8/20/2015 12:00:00 AM,315,217,98
5/25/2015 12:00:00 AM,8/21/2015 12:00:00 AM,117,19,98
5/25/2015 12:00:00 AM,8/22/2015 12:00:00 AM,117,19,98
5/25/2015 12:00:00 AM,8/23/2015 12:00:00 AM,117,19,98
5/25/2015 12:00:00 AM,8/24/2015 12:00:00 AM,149,19,130
5/24/2015 12:00:00 AM,5/25/2015 12:00:00 AM,22109,9896,12213
5/24/2015 12:00:00 AM,5/26/2015 12:00:00 AM,20710,8699,12011
5/24/2015 12:00:00 AM,5/27/2015 12:00:00 AM,20341,8646,11695
5/24/2015 12:00:00 AM,5/28/2015 12:00:00 AM,19618,7923,11695
5/24/2015 12:00:00 AM,5/29/2015 12:00:00 AM,17567,6820,10747
5/24/2015 12:00:00 AM,5/30/2015 12:00:00 AM,17368,7195,10173
5/24/2015 12:00:00 AM,5/31/2015 12:00:00 AM,15972,6368,9604
5/24/2015 12:00:00 AM,6/1/2015 12:00:00 AM,12093,4931,7162
5/24/2015 12:00:00 AM,6/2/2015 12:00:00 AM,7698,2731,4967
5/24/2015 12:00:00 AM,6/3/2015 12:00:00 AM,7712,3362,4350
5/24/2015 12:00:00 AM,6/4/2015 12:00:00 AM,7090,3164,3926
5/24/2015 12:00:00 AM,6/5/2015 12:00:00 AM,7354,2673,4681
5/24/2015 12:00:00 AM,6/6/2015 12:00:00 AM,6279,2479,3800
5/24/2015 12:00:00 AM,6/7/2015 12:00:00 AM,5422,2479,2943
5/24/2015 12:00:00 AM,6/8/2015 12:00:00 AM,5974,2173,3801
5/24/2015 12:00:00 AM,6/9/2015 12:00:00 AM,3810,798,3012
5/24/2015 12:00:00 AM,6/10/2015 12:00:00 AM,3764,798,2966
5/24/2015 12:00:00 AM,6/11/2015 12:00:00 AM,3737,798,2939
5/24/2015 12:00:00 AM,6/12/2015 12:00:00 AM,3682,798,2884
5/24/2015 12:00:00 AM,6/13/2015 12:00:00 AM,3589,705,2884
5/24/2015 12:00:00 AM,6/14/2015 12:00:00 AM,2891,798,2093
5/24/2015 12:00:00 AM,6/15/2015 12:00:00 AM,139,19,120
5/24/2015 12:00:00 AM,6/16/2015 12:00:00 AM,290,170,120
5/24/2015 12:00:00 AM,6/17/2015 12:00:00 AM,290,170,120
5/24/2015 12:00:00 AM,6/18/2015 12:00:00 AM,139,19,120
5/24/2015 12:00:00 AM,6/19/2015 12:00:00 AM,139,19,120
5/24/2015 12:00:00 AM,6/20/2015 12:00:00 AM,100,19,81
5/24/2015 12:00:00 AM,6/21/2015 12:00:00 AM,100,19,81
5/24/2015 12:00:00 AM,6/22/2015 12:00:00 AM,101,20,81
5/24/2015 12:00:00 AM,6/23/2015 12:00:00 AM,101,20,81
5/24/2015 12:00:00 AM,6/24/2015 12:00:00 AM,101,20,81
5/24/2015 12:00:00 AM,6/25/2015 12:00:00 AM,166,20,146
5/24/2015 12:00:00 AM,6/26/2015 12:00:00 AM,101,20,81
5/24/2015 12:00:00 AM,6/27/2015 12:00:00 AM,52,19,33
5/24/2015 12:00:00 AM,6/28/2015 12:00:00 AM,52,19,33
5/24/2015 12:00:00 AM,6/29/2015 12:00:00 AM,53,20,33
5/24/2015 12:00:00 AM,6/30/2015 12:00:00 AM,53,20,33
5/24/2015 12:00:00 AM,7/1/2015 12:00:00 AM,53,20,33
5/24/2015 12:00:00 AM,7/2/2015 12:00:00 AM,53,20,33
5/24/2015 12:00:00 AM,7/3/2015 12:00:00 AM,53,20,33
5/24/2015 12:00:00 AM,7/4/2015 12:00:00 AM,52,19,33
5/24/2015 12:00:00 AM,7/5/2015 12:00:00 AM,52,19,33
5/24/2015 12:00:00 AM,7/6/2015 12:00:00 AM,52,19,33
5/24/2015 12:00:00 AM,7/7/2015 12:00:00 AM,129,19,110
5/24/2015 12:00:00 AM,7/8/2015 12:00:00 AM,182,19,163
5/24/2015 12:00:00 AM,7/9/2015 12:00:00 AM,117,19,98
5/24/2015 12:00:00 AM,7/10/2015 12:00:00 AM,117,19,98
5/24/2015 12:00:00 AM,7/11/2015 12:00:00 AM,84,19,65
5/24/2015 12:00:00 AM,7/12/2015 12:00:00 AM,84,19,65
5/24/2015 12:00:00 AM,7/13/2015 12:00:00 AM,97,32,65
5/24/2015 12:00:00 AM,7/14/2015 12:00:00 AM,97,32,65
5/24/2015 12:00:00 AM,7/15/2015 12:00:00 AM,97,32,65
5/24/2015 12:00:00 AM,7/16/2015 12:00:00 AM,97,32,65
5/24/2015 12:00:00 AM,7/17/2015 12:00:00 AM,97,32,65
5/24/2015 12:00:00 AM,7/18/2015 12:00:00 AM,97,32,65
5/24/2015 12:00:00 AM,7/19/2015 12:00:00 AM,84,19,65
5/24/2015 12:00:00 AM,7/20/2015 12:00:00 AM,130,32,98
5/24/2015 12:00:00 AM,7/21/2015 12:00:00 AM,130,32,98
5/24/2015 12:00:00 AM,7/22/2015 12:00:00 AM,130,32,98
5/24/2015 12:00:00 AM,7/23/2015 12:00:00 AM,130,32,98
5/24/2015 12:00:00 AM,7/24/2015 12:00:00 AM,130,32,98
5/24/2015 12:00:00 AM,7/25/2015 12:00:00 AM,130,32,98
5/24/2015 12:00:00 AM,7/26/2015 12:00:00 AM,117,19,98
5/24/2015 12:00:00 AM,7/27/2015 12:00:00 AM,195,32,163
5/24/2015 12:00:00 AM,7/28/2015 12:00:00 AM,195,32,163
5/24/2015 12:00:00 AM,7/29/2015 12:00:00 AM,260,32,228
5/24/2015 12:00:00 AM,7/30/2015 12:00:00 AM,195,32,163
5/24/2015 12:00:00 AM,7/31/2015 12:00:00 AM,195,32,163
5/24/2015 12:00:00 AM,8/1/2015 12:00:00 AM,162,32,130
5/24/2015 12:00:00 AM,8/2/2015 12:00:00 AM,149,19,130
5/24/2015 12:00:00 AM,8/3/2015 12:00:00 AM,194,32,162
5/24/2015 12:00:00 AM,8/4/2015 12:00:00 AM,194,32,162
5/24/2015 12:00:00 AM,8/5/2015 12:00:00 AM,194,32,162
5/24/2015 12:00:00 AM,8/6/2015 12:00:00 AM,129,32,97
5/24/2015 12:00:00 AM,8/7/2015 12:00:00 AM,129,32,97
5/24/2015 12:00:00 AM,8/8/2015 12:00:00 AM,129,32,97
5/24/2015 12:00:00 AM,8/9/2015 12:00:00 AM,116,19,97
5/24/2015 12:00:00 AM,8/10/2015 12:00:00 AM,116,19,97
5/24/2015 12:00:00 AM,8/11/2015 12:00:00 AM,116,19,97
5/24/2015 12:00:00 AM,8/12/2015 12:00:00 AM,116,19,97
5/24/2015 12:00:00 AM,8/13/2015 12:00:00 AM,116,19,97
5/24/2015 12:00:00 AM,8/14/2015 12:00:00 AM,116,19,97
5/24/2015 12:00:00 AM,8/15/2015 12:00:00 AM,116,19,97
5/24/2015 12:00:00 AM,8/16/2015 12:00:00 AM,116,19,97
5/24/2015 12:00:00 AM,8/17/2015 12:00:00 AM,315,217,98
5/24/2015 12:00:00 AM,8/18/2015 12:00:00 AM,315,217,98
5/24/2015 12:00:00 AM,8/19/2015 12:00:00 AM,315,217,98
5/24/2015 12:00:00 AM,8/20/2015 12:00:00 AM,315,217,98
5/24/2015 12:00:00 AM,8/21/2015 12:00:00 AM,117,19,98
5/24/2015 12:00:00 AM,8/22/2015 12:00:00 AM,117,19,98
5/24/2015 12:00:00 AM,8/23/2015 12:00:00 AM,117,19,98
5/23/2015 12:00:00 AM,5/24/2015 12:00:00 AM,25085,11593,13492
5/23/2015 12:00:00 AM,5/25/2015 12:00:00 AM,21921,9573,12348
5/23/2015 12:00:00 AM,5/26/2015 12:00:00 AM,20448,8302,12146
5/23/2015 12:00:00 AM,5/27/2015 12:00:00 AM,20182,8352,11830
5/23/2015 12:00:00 AM,5/28/2015 12:00:00 AM,20351,8636,11715
5/23/2015 12:00:00 AM,5/29/2015 12:00:00 AM,17669,6902,10767
5/23/2015 12:00:00 AM,5/30/2015 12:00:00 AM,17388,7195,10193
5/23/2015 12:00:00 AM,5/31/2015 12:00:00 AM,15992,6368,9624
5/23/2015 12:00:00 AM,6/1/2015 12:00:00 AM,12113,4931,7182
5/23/2015 12:00:00 AM,6/2/2015 12:00:00 AM,7718,2731,4987
5/23/2015 12:00:00 AM,6/3/2015 12:00:00 AM,7732,3362,4370
5/23/2015 12:00:00 AM,6/4/2015 12:00:00 AM,6525,2579,3946
5/23/2015 12:00:00 AM,6/5/2015 12:00:00 AM,7374,2673,4701
5/23/2015 12:00:00 AM,6/6/2015 12:00:00 AM,6299,2479,3820
5/23/2015 12:00:00 AM,6/7/2015 12:00:00 AM,5442,2479,2963
5/23/2015 12:00:00 AM,6/8/2015 12:00:00 AM,5994,2173,3821
5/23/2015 12:00:00 AM,6/9/2015 12:00:00 AM,3830,798,3032
5/23/2015 12:00:00 AM,6/10/2015 12:00:00 AM,3784,798,2986
5/23/2015 12:00:00 AM,6/11/2015 12:00:00 AM,3757,798,2959
5/23/2015 12:00:00 AM,6/12/2015 12:00:00 AM,3702,798,2904
5/23/2015 12:00:00 AM,6/13/2015 12:00:00 AM,3609,705,2904
5/23/2015 12:00:00 AM,6/14/2015 12:00:00 AM,2911,798,2113
5/23/2015 12:00:00 AM,6/15/2015 12:00:00 AM,159,19,140
5/23/2015 12:00:00 AM,6/16/2015 12:00:00 AM,310,170,140
5/23/2015 12:00:00 AM,6/17/2015 12:00:00 AM,310,170,140
5/23/2015 12:00:00 AM,6/18/2015 12:00:00 AM,159,19,140
5/23/2015 12:00:00 AM,6/19/2015 12:00:00 AM,159,19,140
5/23/2015 12:00:00 AM,6/20/2015 12:00:00 AM,120,19,101
5/23/2015 12:00:00 AM,6/21/2015 12:00:00 AM,120,19,101
5/23/2015 12:00:00 AM,6/22/2015 12:00:00 AM,121,20,101
5/23/2015 12:00:00 AM,6/23/2015 12:00:00 AM,121,20,101
5/23/2015 12:00:00 AM,6/24/2015 12:00:00 AM,121,20,101
5/23/2015 12:00:00 AM,6/25/2015 12:00:00 AM,186,20,166
5/23/2015 12:00:00 AM,6/26/2015 12:00:00 AM,121,20,101
5/23/2015 12:00:00 AM,6/27/2015 12:00:00 AM,72,19,53
5/23/2015 12:00:00 AM,6/28/2015 12:00:00 AM,72,19,53
5/23/2015 12:00:00 AM,6/29/2015 12:00:00 AM,73,20,53
5/23/2015 12:00:00 AM,6/30/2015 12:00:00 AM,73,20,53
5/23/2015 12:00:00 AM,7/1/2015 12:00:00 AM,73,20,53
5/23/2015 12:00:00 AM,7/2/2015 12:00:00 AM,73,20,53
5/23/2015 12:00:00 AM,7/3/2015 12:00:00 AM,73,20,53
5/23/2015 12:00:00 AM,7/4/2015 12:00:00 AM,72,19,53
5/23/2015 12:00:00 AM,7/5/2015 12:00:00 AM,72,19,53
5/23/2015 12:00:00 AM,7/6/2015 12:00:00 AM,72,19,53
5/23/2015 12:00:00 AM,7/7/2015 12:00:00 AM,149,19,130
5/23/2015 12:00:00 AM,7/8/2015 12:00:00 AM,202,19,183
5/23/2015 12:00:00 AM,7/9/2015 12:00:00 AM,137,19,118
5/23/2015 12:00:00 AM,7/10/2015 12:00:00 AM,137,19,118
5/23/2015 12:00:00 AM,7/11/2015 12:00:00 AM,104,19,85
5/23/2015 12:00:00 AM,7/12/2015 12:00:00 AM,104,19,85
5/23/2015 12:00:00 AM,7/13/2015 12:00:00 AM,117,32,85
5/23/2015 12:00:00 AM,7/14/2015 12:00:00 AM,117,32,85
5/23/2015 12:00:00 AM,7/15/2015 12:00:00 AM,117,32,85
5/23/2015 12:00:00 AM,7/16/2015 12:00:00 AM,117,32,85
5/23/2015 12:00:00 AM,7/17/2015 12:00:00 AM,117,32,85
5/23/2015 12:00:00 AM,7/18/2015 12:00:00 AM,117,32,85
5/23/2015 12:00:00 AM,7/19/2015 12:00:00 AM,104,19,85
5/23/2015 12:00:00 AM,7/20/2015 12:00:00 AM,150,32,118
5/23/2015 12:00:00 AM,7/21/2015 12:00:00 AM,150,32,118
5/23/2015 12:00:00 AM,7/22/2015 12:00:00 AM,150,32,118
5/23/2015 12:00:00 AM,7/23/2015 12:00:00 AM,150,32,118
5/23/2015 12:00:00 AM,7/24/2015 12:00:00 AM,150,32,118
5/23/2015 12:00:00 AM,7/25/2015 12:00:00 AM,150,32,118
5/23/2015 12:00:00 AM,7/26/2015 12:00:00 AM,137,19,118
5/23/2015 12:00:00 AM,7/27/2015 12:00:00 AM,215,32,183
5/23/2015 12:00:00 AM,7/28/2015 12:00:00 AM,215,32,183
5/23/2015 12:00:00 AM,7/29/2015 12:00:00 AM,280,32,248
5/23/2015 12:00:00 AM,7/30/2015 12:00:00 AM,215,32,183
5/23/2015 12:00:00 AM,7/31/2015 12:00:00 AM,215,32,183
5/23/2015 12:00:00 AM,8/1/2015 12:00:00 AM,182,32,150
5/23/2015 12:00:00 AM,8/2/2015 12:00:00 AM,169,19,150
5/23/2015 12:00:00 AM,8/3/2015 12:00:00 AM,214,32,182
5/23/2015 12:00:00 AM,8/4/2015 12:00:00 AM,214,32,182
5/23/2015 12:00:00 AM,8/5/2015 12:00:00 AM,214,32,182
5/23/2015 12:00:00 AM,8/6/2015 12:00:00 AM,149,32,117
5/23/2015 12:00:00 AM,8/7/2015 12:00:00 AM,149,32,117
5/23/2015 12:00:00 AM,8/8/2015 12:00:00 AM,149,32,117
5/23/2015 12:00:00 AM,8/9/2015 12:00:00 AM,136,19,117
5/23/2015 12:00:00 AM,8/10/2015 12:00:00 AM,136,19,117
5/23/2015 12:00:00 AM,8/11/2015 12:00:00 AM,136,19,117
5/23/2015 12:00:00 AM,8/12/2015 12:00:00 AM,136,19,117
5/23/2015 12:00:00 AM,8/13/2015 12:00:00 AM,136,19,117
5/23/2015 12:00:00 AM,8/14/2015 12:00:00 AM,136,19,117
5/23/2015 12:00:00 AM,8/15/2015 12:00:00 AM,136,19,117
5/23/2015 12:00:00 AM,8/16/2015 12:00:00 AM,136,19,117
5/23/2015 12:00:00 AM,8/17/2015 12:00:00 AM,335,217,118
5/23/2015 12:00:00 AM,8/18/2015 12:00:00 AM,335,217,118
5/23/2015 12:00:00 AM,8/19/2015 12:00:00 AM,335,217,118
5/23/2015 12:00:00 AM,8/20/2015 12:00:00 AM,335,217,118
5/23/2015 12:00:00 AM,8/21/2015 12:00:00 AM,137,19,118
5/23/2015 12:00:00 AM,8/22/2015 12:00:00 AM,137,19,118
5/22/2015 12:00:00 AM,5/23/2015 12:00:00 AM,26550,11160,15390
5/22/2015 12:00:00 AM,5/24/2015 12:00:00 AM,26343,11501,14842
5/22/2015 12:00:00 AM,5/25/2015 12:00:00 AM,22872,9665,13207
5/22/2015 12:00:00 AM,5/26/2015 12:00:00 AM,21585,8366,13219
5/22/2015 12:00:00 AM,5/27/2015 12:00:00 AM,20240,7642,12598
5/22/2015 12:00:00 AM,5/28/2015 12:00:00 AM,21449,8994,12455
5/22/2015 12:00:00 AM,5/29/2015 12:00:00 AM,18409,6902,11507
5/22/2015 12:00:00 AM,5/30/2015 12:00:00 AM,18128,7195,10933
5/22/2015 12:00:00 AM,5/31/2015 12:00:00 AM,15991,6368,9623
5/22/2015 12:00:00 AM,6/1/2015 12:00:00 AM,11763,4931,6832
5/22/2015 12:00:00 AM,6/2/2015 12:00:00 AM,7062,2425,4637
5/22/2015 12:00:00 AM,6/3/2015 12:00:00 AM,7473,3056,4417
5/22/2015 12:00:00 AM,6/4/2015 12:00:00 AM,6266,2273,3993
5/22/2015 12:00:00 AM,6/5/2015 12:00:00 AM,6360,2367,3993
5/22/2015 12:00:00 AM,6/6/2015 12:00:00 AM,5328,2173,3155
5/22/2015 12:00:00 AM,6/7/2015 12:00:00 AM,4471,2173,2298
5/22/2015 12:00:00 AM,6/8/2015 12:00:00 AM,5329,2173,3156
5/22/2015 12:00:00 AM,6/9/2015 12:00:00 AM,3165,798,2367
5/22/2015 12:00:00 AM,6/10/2015 12:00:00 AM,3119,798,2321
5/22/2015 12:00:00 AM,6/11/2015 12:00:00 AM,3092,798,2294
5/22/2015 12:00:00 AM,6/12/2015 12:00:00 AM,3037,798,2239
5/22/2015 12:00:00 AM,6/13/2015 12:00:00 AM,2944,705,2239
5/22/2015 12:00:00 AM,6/14/2015 12:00:00 AM,3001,798,2203
5/22/2015 12:00:00 AM,6/15/2015 12:00:00 AM,159,19,140
5/22/2015 12:00:00 AM,6/16/2015 12:00:00 AM,310,170,140
5/22/2015 12:00:00 AM,6/17/2015 12:00:00 AM,310,170,140
5/22/2015 12:00:00 AM,6/18/2015 12:00:00 AM,159,19,140
5/22/2015 12:00:00 AM,6/19/2015 12:00:00 AM,159,19,140
5/22/2015 12:00:00 AM,6/20/2015 12:00:00 AM,120,19,101
5/22/2015 12:00:00 AM,6/21/2015 12:00:00 AM,120,19,101
5/22/2015 12:00:00 AM,6/22/2015 12:00:00 AM,121,20,101
5/22/2015 12:00:00 AM,6/23/2015 12:00:00 AM,121,20,101
5/22/2015 12:00:00 AM,6/24/2015 12:00:00 AM,121,20,101
5/22/2015 12:00:00 AM,6/25/2015 12:00:00 AM,186,20,166
5/22/2015 12:00:00 AM,6/26/2015 12:00:00 AM,121,20,101
5/22/2015 12:00:00 AM,6/27/2015 12:00:00 AM,72,19,53
5/22/2015 12:00:00 AM,6/28/2015 12:00:00 AM,72,19,53
5/22/2015 12:00:00 AM,6/29/2015 12:00:00 AM,73,20,53
5/22/2015 12:00:00 AM,6/30/2015 12:00:00 AM,73,20,53
5/22/2015 12:00:00 AM,7/1/2015 12:00:00 AM,73,20,53
5/22/2015 12:00:00 AM,7/2/2015 12:00:00 AM,73,20,53
5/22/2015 12:00:00 AM,7/3/2015 12:00:00 AM,73,20,53
5/22/2015 12:00:00 AM,7/4/2015 12:00:00 AM,72,19,53
5/22/2015 12:00:00 AM,7/5/2015 12:00:00 AM,72,19,53
5/22/2015 12:00:00 AM,7/6/2015 12:00:00 AM,72,19,53
5/22/2015 12:00:00 AM,7/7/2015 12:00:00 AM,149,19,130
5/22/2015 12:00:00 AM,7/8/2015 12:00:00 AM,202,19,183
5/22/2015 12:00:00 AM,7/9/2015 12:00:00 AM,137,19,118
5/22/2015 12:00:00 AM,7/10/2015 12:00:00 AM,137,19,118
5/22/2015 12:00:00 AM,7/11/2015 12:00:00 AM,104,19,85
5/22/2015 12:00:00 AM,7/12/2015 12:00:00 AM,104,19,85
5/22/2015 12:00:00 AM,7/13/2015 12:00:00 AM,117,32,85
5/22/2015 12:00:00 AM,7/14/2015 12:00:00 AM,117,32,85
5/22/2015 12:00:00 AM,7/15/2015 12:00:00 AM,117,32,85
5/22/2015 12:00:00 AM,7/16/2015 12:00:00 AM,117,32,85
5/22/2015 12:00:00 AM,7/17/2015 12:00:00 AM,117,32,85
5/22/2015 12:00:00 AM,7/18/2015 12:00:00 AM,117,32,85
5/22/2015 12:00:00 AM,7/19/2015 12:00:00 AM,104,19,85
5/22/2015 12:00:00 AM,7/20/2015 12:00:00 AM,150,32,118
5/22/2015 12:00:00 AM,7/21/2015 12:00:00 AM,150,32,118
5/22/2015 12:00:00 AM,7/22/2015 12:00:00 AM,150,32,118
5/22/2015 12:00:00 AM,7/23/2015 12:00:00 AM,150,32,118
5/22/2015 12:00:00 AM,7/24/2015 12:00:00 AM,150,32,118
5/22/2015 12:00:00 AM,7/25/2015 12:00:00 AM,150,32,118
5/22/2015 12:00:00 AM,7/26/2015 12:00:00 AM,137,19,118
5/22/2015 12:00:00 AM,7/27/2015 12:00:00 AM,215,32,183
5/22/2015 12:00:00 AM,7/28/2015 12:00:00 AM,215,32,183
5/22/2015 12:00:00 AM,7/29/2015 12:00:00 AM,280,32,248
5/22/2015 12:00:00 AM,7/30/2015 12:00:00 AM,215,32,183
5/22/2015 12:00:00 AM,7/31/2015 12:00:00 AM,215,32,183
5/22/2015 12:00:00 AM,8/1/2015 12:00:00 AM,182,32,150
5/22/2015 12:00:00 AM,8/2/2015 12:00:00 AM,169,19,150
5/22/2015 12:00:00 AM,8/3/2015 12:00:00 AM,214,32,182
5/22/2015 12:00:00 AM,8/4/2015 12:00:00 AM,214,32,182
5/22/2015 12:00:00 AM,8/5/2015 12:00:00 AM,214,32,182
5/22/2015 12:00:00 AM,8/6/2015 12:00:00 AM,149,32,117
5/22/2015 12:00:00 AM,8/7/2015 12:00:00 AM,149,32,117
5/22/2015 12:00:00 AM,8/8/2015 12:00:00 AM,149,32,117
5/22/2015 12:00:00 AM,8/9/2015 12:00:00 AM,136,19,117
5/22/2015 12:00:00 AM,8/10/2015 12:00:00 AM,136,19,117
5/22/2015 12:00:00 AM,8/11/2015 12:00:00 AM,136,19,117
5/22/2015 12:00:00 AM,8/12/2015 12:00:00 AM,136,19,117
5/22/2015 12:00:00 AM,8/13/2015 12:00:00 AM,136,19,117
5/22/2015 12:00:00 AM,8/14/2015 12:00:00 AM,136,19,117
5/22/2015 12:00:00 AM,8/15/2015 12:00:00 AM,136,19,117
5/22/2015 12:00:00 AM,8/16/2015 12:00:00 AM,136,19,117
5/22/2015 12:00:00 AM,8/17/2015 12:00:00 AM,335,217,118
5/22/2015 12:00:00 AM,8/18/2015 12:00:00 AM,335,217,118
5/22/2015 12:00:00 AM,8/19/2015 12:00:00 AM,335,217,118
5/22/2015 12:00:00 AM,8/20/2015 12:00:00 AM,335,217,118
5/22/2015 12:00:00 AM,8/21/2015 12:00:00 AM,137,19,118
5/21/2015 12:00:00 AM,5/22/2015 12:00:00 AM,25919,9734,16185
5/21/2015 12:00:00 AM,5/23/2015 12:00:00 AM,26505,11324,15181
5/21/2015 12:00:00 AM,5/24/2015 12:00:00 AM,25529,11082,14447
5/21/2015 12:00:00 AM,5/25/2015 12:00:00 AM,22892,9665,13227
5/21/2015 12:00:00 AM,5/26/2015 12:00:00 AM,21585,8366,13219
5/21/2015 12:00:00 AM,5/27/2015 12:00:00 AM,20010,7412,12598
5/21/2015 12:00:00 AM,5/28/2015 12:00:00 AM,21449,8994,12455
5/21/2015 12:00:00 AM,5/29/2015 12:00:00 AM,18409,6902,11507
5/21/2015 12:00:00 AM,5/30/2015 12:00:00 AM,18128,7195,10933
5/21/2015 12:00:00 AM,5/31/2015 12:00:00 AM,15991,6368,9623
5/21/2015 12:00:00 AM,6/1/2015 12:00:00 AM,11763,4931,6832
5/21/2015 12:00:00 AM,6/2/2015 12:00:00 AM,7062,2425,4637
5/21/2015 12:00:00 AM,6/3/2015 12:00:00 AM,7473,3056,4417
5/21/2015 12:00:00 AM,6/4/2015 12:00:00 AM,6266,2273,3993
5/21/2015 12:00:00 AM,6/5/2015 12:00:00 AM,6360,2367,3993
5/21/2015 12:00:00 AM,6/6/2015 12:00:00 AM,5328,2173,3155
5/21/2015 12:00:00 AM,6/7/2015 12:00:00 AM,4471,2173,2298
5/21/2015 12:00:00 AM,6/8/2015 12:00:00 AM,5329,2173,3156
5/21/2015 12:00:00 AM,6/9/2015 12:00:00 AM,3165,798,2367
5/21/2015 12:00:00 AM,6/10/2015 12:00:00 AM,3119,798,2321
5/21/2015 12:00:00 AM,6/11/2015 12:00:00 AM,3072,798,2274
5/21/2015 12:00:00 AM,6/12/2015 12:00:00 AM,3017,798,2219
5/21/2015 12:00:00 AM,6/13/2015 12:00:00 AM,2924,705,2219
5/21/2015 12:00:00 AM,6/14/2015 12:00:00 AM,2981,798,2183
5/21/2015 12:00:00 AM,6/15/2015 12:00:00 AM,159,19,140
5/21/2015 12:00:00 AM,6/16/2015 12:00:00 AM,310,170,140
5/21/2015 12:00:00 AM,6/17/2015 12:00:00 AM,310,170,140
5/21/2015 12:00:00 AM,6/18/2015 12:00:00 AM,159,19,140
5/21/2015 12:00:00 AM,6/19/2015 12:00:00 AM,159,19,140
5/21/2015 12:00:00 AM,6/20/2015 12:00:00 AM,120,19,101
5/21/2015 12:00:00 AM,6/21/2015 12:00:00 AM,120,19,101
5/21/2015 12:00:00 AM,6/22/2015 12:00:00 AM,121,20,101
5/21/2015 12:00:00 AM,6/23/2015 12:00:00 AM,121,20,101
5/21/2015 12:00:00 AM,6/24/2015 12:00:00 AM,121,20,101
5/21/2015 12:00:00 AM,6/25/2015 12:00:00 AM,186,20,166
5/21/2015 12:00:00 AM,6/26/2015 12:00:00 AM,121,20,101
5/21/2015 12:00:00 AM,6/27/2015 12:00:00 AM,72,19,53
5/21/2015 12:00:00 AM,6/28/2015 12:00:00 AM,72,19,53
5/21/2015 12:00:00 AM,6/29/2015 12:00:00 AM,73,20,53
5/21/2015 12:00:00 AM,6/30/2015 12:00:00 AM,73,20,53
5/21/2015 12:00:00 AM,7/1/2015 12:00:00 AM,73,20,53
5/21/2015 12:00:00 AM,7/2/2015 12:00:00 AM,73,20,53
5/21/2015 12:00:00 AM,7/3/2015 12:00:00 AM,73,20,53
5/21/2015 12:00:00 AM,7/4/2015 12:00:00 AM,72,19,53
5/21/2015 12:00:00 AM,7/5/2015 12:00:00 AM,72,19,53
5/21/2015 12:00:00 AM,7/6/2015 12:00:00 AM,72,19,53
5/21/2015 12:00:00 AM,7/7/2015 12:00:00 AM,149,19,130
5/21/2015 12:00:00 AM,7/8/2015 12:00:00 AM,202,19,183
5/21/2015 12:00:00 AM,7/9/2015 12:00:00 AM,137,19,118
5/21/2015 12:00:00 AM,7/10/2015 12:00:00 AM,137,19,118
5/21/2015 12:00:00 AM,7/11/2015 12:00:00 AM,104,19,85
5/21/2015 12:00:00 AM,7/12/2015 12:00:00 AM,104,19,85
5/21/2015 12:00:00 AM,7/13/2015 12:00:00 AM,117,32,85
5/21/2015 12:00:00 AM,7/14/2015 12:00:00 AM,117,32,85
5/21/2015 12:00:00 AM,7/15/2015 12:00:00 AM,117,32,85
5/21/2015 12:00:00 AM,7/16/2015 12:00:00 AM,117,32,85
5/21/2015 12:00:00 AM,7/17/2015 12:00:00 AM,117,32,85
5/21/2015 12:00:00 AM,7/18/2015 12:00:00 AM,117,32,85
5/21/2015 12:00:00 AM,7/19/2015 12:00:00 AM,104,19,85
5/21/2015 12:00:00 AM,7/20/2015 12:00:00 AM,150,32,118
5/21/2015 12:00:00 AM,7/21/2015 12:00:00 AM,150,32,118
5/21/2015 12:00:00 AM,7/22/2015 12:00:00 AM,150,32,118
5/21/2015 12:00:00 AM,7/23/2015 12:00:00 AM,150,32,118
5/21/2015 12:00:00 AM,7/24/2015 12:00:00 AM,150,32,118
5/21/2015 12:00:00 AM,7/25/2015 12:00:00 AM,150,32,118
5/21/2015 12:00:00 AM,7/26/2015 12:00:00 AM,137,19,118
5/21/2015 12:00:00 AM,7/27/2015 12:00:00 AM,215,32,183
5/21/2015 12:00:00 AM,7/28/2015 12:00:00 AM,215,32,183
5/21/2015 12:00:00 AM,7/29/2015 12:00:00 AM,280,32,248
5/21/2015 12:00:00 AM,7/30/2015 12:00:00 AM,215,32,183
5/21/2015 12:00:00 AM,7/31/2015 12:00:00 AM,215,32,183
5/21/2015 12:00:00 AM,8/1/2015 12:00:00 AM,182,32,150
5/21/2015 12:00:00 AM,8/2/2015 12:00:00 AM,169,19,150
5/21/2015 12:00:00 AM,8/3/2015 12:00:00 AM,214,32,182
5/21/2015 12:00:00 AM,8/4/2015 12:00:00 AM,214,32,182
5/21/2015 12:00:00 AM,8/5/2015 12:00:00 AM,214,32,182
5/21/2015 12:00:00 AM,8/6/2015 12:00:00 AM,149,32,117
5/21/2015 12:00:00 AM,8/7/2015 12:00:00 AM,149,32,117
5/21/2015 12:00:00 AM,8/8/2015 12:00:00 AM,149,32,117
5/21/2015 12:00:00 AM,8/9/2015 12:00:00 AM,136,19,117
5/21/2015 12:00:00 AM,8/10/2015 12:00:00 AM,136,19,117
5/21/2015 12:00:00 AM,8/11/2015 12:00:00 AM,136,19,117
5/21/2015 12:00:00 AM,8/12/2015 12:00:00 AM,136,19,117
5/21/2015 12:00:00 AM,8/13/2015 12:00:00 AM,136,19,117
5/21/2015 12:00:00 AM,8/14/2015 12:00:00 AM,136,19,117
5/21/2015 12:00:00 AM,8/15/2015 12:00:00 AM,136,19,117
5/21/2015 12:00:00 AM,8/16/2015 12:00:00 AM,136,19,117
5/21/2015 12:00:00 AM,8/17/2015 12:00:00 AM,335,217,118
5/21/2015 12:00:00 AM,8/18/2015 12:00:00 AM,335,217,118
5/21/2015 12:00:00 AM,8/19/2015 12:00:00 AM,335,217,118
5/21/2015 12:00:00 AM,8/20/2015 12:00:00 AM,335,217,118
5/20/2015 12:00:00 AM,5/21/2015 12:00:00 AM,25849,9908,15941
5/20/2015 12:00:00 AM,5/22/2015 12:00:00 AM,26537,10386,16151
5/20/2015 12:00:00 AM,5/23/2015 12:00:00 AM,27157,11976,15181
5/20/2015 12:00:00 AM,5/24/2015 12:00:00 AM,25529,11082,14447
5/20/2015 12:00:00 AM,5/25/2015 12:00:00 AM,22892,9665,13227
5/20/2015 12:00:00 AM,5/26/2015 12:00:00 AM,21585,8366,13219
5/20/2015 12:00:00 AM,5/27/2015 12:00:00 AM,20010,7412,12598
5/20/2015 12:00:00 AM,5/28/2015 12:00:00 AM,21449,8994,12455
5/20/2015 12:00:00 AM,5/29/2015 12:00:00 AM,18363,6902,11461
5/20/2015 12:00:00 AM,5/30/2015 12:00:00 AM,18082,7195,10887
5/20/2015 12:00:00 AM,5/31/2015 12:00:00 AM,14698,6368,8330
5/20/2015 12:00:00 AM,6/1/2015 12:00:00 AM,10470,4931,5539
5/20/2015 12:00:00 AM,6/2/2015 12:00:00 AM,7016,2425,4591
5/20/2015 12:00:00 AM,6/3/2015 12:00:00 AM,7427,3056,4371
5/20/2015 12:00:00 AM,6/4/2015 12:00:00 AM,6220,2273,3947
5/20/2015 12:00:00 AM,6/5/2015 12:00:00 AM,6314,2367,3947
5/20/2015 12:00:00 AM,6/6/2015 12:00:00 AM,5282,2173,3109
5/20/2015 12:00:00 AM,6/7/2015 12:00:00 AM,4425,2173,2252
5/20/2015 12:00:00 AM,6/8/2015 12:00:00 AM,5283,2173,3110
5/20/2015 12:00:00 AM,6/9/2015 12:00:00 AM,3119,798,2321
5/20/2015 12:00:00 AM,6/10/2015 12:00:00 AM,3119,798,2321
5/20/2015 12:00:00 AM,6/11/2015 12:00:00 AM,3072,798,2274
5/20/2015 12:00:00 AM,6/12/2015 12:00:00 AM,3017,798,2219
5/20/2015 12:00:00 AM,6/13/2015 12:00:00 AM,2924,705,2219
5/20/2015 12:00:00 AM,6/14/2015 12:00:00 AM,2981,798,2183
5/20/2015 12:00:00 AM,6/15/2015 12:00:00 AM,159,19,140
5/20/2015 12:00:00 AM,6/16/2015 12:00:00 AM,310,170,140
5/20/2015 12:00:00 AM,6/17/2015 12:00:00 AM,310,170,140
5/20/2015 12:00:00 AM,6/18/2015 12:00:00 AM,159,19,140
5/20/2015 12:00:00 AM,6/19/2015 12:00:00 AM,159,19,140
5/20/2015 12:00:00 AM,6/20/2015 12:00:00 AM,120,19,101
5/20/2015 12:00:00 AM,6/21/2015 12:00:00 AM,120,19,101
5/20/2015 12:00:00 AM,6/22/2015 12:00:00 AM,121,20,101
5/20/2015 12:00:00 AM,6/23/2015 12:00:00 AM,121,20,101
5/20/2015 12:00:00 AM,6/24/2015 12:00:00 AM,121,20,101
5/20/2015 12:00:00 AM,6/25/2015 12:00:00 AM,186,20,166
5/20/2015 12:00:00 AM,6/26/2015 12:00:00 AM,121,20,101
5/20/2015 12:00:00 AM,6/27/2015 12:00:00 AM,72,19,53
5/20/2015 12:00:00 AM,6/28/2015 12:00:00 AM,72,19,53
5/20/2015 12:00:00 AM,6/29/2015 12:00:00 AM,73,20,53
5/20/2015 12:00:00 AM,6/30/2015 12:00:00 AM,73,20,53
5/20/2015 12:00:00 AM,7/1/2015 12:00:00 AM,73,20,53
5/20/2015 12:00:00 AM,7/2/2015 12:00:00 AM,73,20,53
5/20/2015 12:00:00 AM,7/3/2015 12:00:00 AM,73,20,53
5/20/2015 12:00:00 AM,7/4/2015 12:00:00 AM,72,19,53
5/20/2015 12:00:00 AM,7/5/2015 12:00:00 AM,72,19,53
5/20/2015 12:00:00 AM,7/6/2015 12:00:00 AM,72,19,53
5/20/2015 12:00:00 AM,7/7/2015 12:00:00 AM,149,19,130
5/20/2015 12:00:00 AM,7/8/2015 12:00:00 AM,202,19,183
5/20/2015 12:00:00 AM,7/9/2015 12:00:00 AM,137,19,118
5/20/2015 12:00:00 AM,7/10/2015 12:00:00 AM,137,19,118
5/20/2015 12:00:00 AM,7/11/2015 12:00:00 AM,104,19,85
5/20/2015 12:00:00 AM,7/12/2015 12:00:00 AM,104,19,85
5/20/2015 12:00:00 AM,7/13/2015 12:00:00 AM,117,32,85
5/20/2015 12:00:00 AM,7/14/2015 12:00:00 AM,117,32,85
5/20/2015 12:00:00 AM,7/15/2015 12:00:00 AM,117,32,85
5/20/2015 12:00:00 AM,7/16/2015 12:00:00 AM,117,32,85
5/20/2015 12:00:00 AM,7/17/2015 12:00:00 AM,117,32,85
5/20/2015 12:00:00 AM,7/18/2015 12:00:00 AM,117,32,85
5/20/2015 12:00:00 AM,7/19/2015 12:00:00 AM,104,19,85
5/20/2015 12:00:00 AM,7/20/2015 12:00:00 AM,150,32,118
5/20/2015 12:00:00 AM,7/21/2015 12:00:00 AM,150,32,118
5/20/2015 12:00:00 AM,7/22/2015 12:00:00 AM,150,32,118
5/20/2015 12:00:00 AM,7/23/2015 12:00:00 AM,150,32,118
5/20/2015 12:00:00 AM,7/24/2015 12:00:00 AM,150,32,118
5/20/2015 12:00:00 AM,7/25/2015 12:00:00 AM,150,32,118
5/20/2015 12:00:00 AM,7/26/2015 12:00:00 AM,137,19,118
5/20/2015 12:00:00 AM,7/27/2015 12:00:00 AM,215,32,183
5/20/2015 12:00:00 AM,7/28/2015 12:00:00 AM,215,32,183
5/20/2015 12:00:00 AM,7/29/2015 12:00:00 AM,280,32,248
5/20/2015 12:00:00 AM,7/30/2015 12:00:00 AM,215,32,183
5/20/2015 12:00:00 AM,7/31/2015 12:00:00 AM,215,32,183
5/20/2015 12:00:00 AM,8/1/2015 12:00:00 AM,182,32,150
5/20/2015 12:00:00 AM,8/2/2015 12:00:00 AM,169,19,150
5/20/2015 12:00:00 AM,8/3/2015 12:00:00 AM,214,32,182
5/20/2015 12:00:00 AM,8/4/2015 12:00:00 AM,214,32,182
5/20/2015 12:00:00 AM,8/5/2015 12:00:00 AM,214,32,182
5/20/2015 12:00:00 AM,8/6/2015 12:00:00 AM,149,32,117
5/20/2015 12:00:00 AM,8/7/2015 12:00:00 AM,149,32,117
5/20/2015 12:00:00 AM,8/8/2015 12:00:00 AM,149,32,117
5/20/2015 12:00:00 AM,8/9/2015 12:00:00 AM,136,19,117
5/20/2015 12:00:00 AM,8/10/2015 12:00:00 AM,136,19,117
5/20/2015 12:00:00 AM,8/11/2015 12:00:00 AM,136,19,117
5/20/2015 12:00:00 AM,8/12/2015 12:00:00 AM,136,19,117
5/20/2015 12:00:00 AM,8/13/2015 12:00:00 AM,136,19,117
5/20/2015 12:00:00 AM,8/14/2015 12:00:00 AM,136,19,117
5/20/2015 12:00:00 AM,8/15/2015 12:00:00 AM,136,19,117
5/20/2015 12:00:00 AM,8/16/2015 12:00:00 AM,136,19,117
5/20/2015 12:00:00 AM,8/17/2015 12:00:00 AM,335,217,118
5/20/2015 12:00:00 AM,8/18/2015 12:00:00 AM,335,217,118
5/20/2015 12:00:00 AM,8/19/2015 12:00:00 AM,335,217,118
5/19/2015 12:00:00 AM,5/20/2015 12:00:00 AM,28146,11790,16356
5/19/2015 12:00:00 AM,5/21/2015 12:00:00 AM,27438,12009,15429
5/19/2015 12:00:00 AM,5/22/2015 12:00:00 AM,27344,11790,15554
5/19/2015 12:00:00 AM,5/23/2015 12:00:00 AM,28415,13234,15181
5/19/2015 12:00:00 AM,5/24/2015 12:00:00 AM,26879,12432,14447
5/19/2015 12:00:00 AM,5/25/2015 12:00:00 AM,23901,10923,12978
5/19/2015 12:00:00 AM,5/26/2015 12:00:00 AM,22038,8946,13092
5/19/2015 12:00:00 AM,5/27/2015 12:00:00 AM,19860,7638,12222
5/19/2015 12:00:00 AM,5/28/2015 12:00:00 AM,21653,9574,12079
5/19/2015 12:00:00 AM,5/29/2015 12:00:00 AM,18092,6848,11244
5/19/2015 12:00:00 AM,5/30/2015 12:00:00 AM,17833,7195,10638
5/19/2015 12:00:00 AM,5/31/2015 12:00:00 AM,14608,6368,8240
5/19/2015 12:00:00 AM,6/1/2015 12:00:00 AM,10380,4931,5449
5/19/2015 12:00:00 AM,6/2/2015 12:00:00 AM,6926,2425,4501
5/19/2015 12:00:00 AM,6/3/2015 12:00:00 AM,7337,3056,4281
5/19/2015 12:00:00 AM,6/4/2015 12:00:00 AM,6130,2273,3857
5/19/2015 12:00:00 AM,6/5/2015 12:00:00 AM,6224,2367,3857
5/19/2015 12:00:00 AM,6/6/2015 12:00:00 AM,5192,2173,3019
5/19/2015 12:00:00 AM,6/7/2015 12:00:00 AM,4335,2173,2162
5/19/2015 12:00:00 AM,6/8/2015 12:00:00 AM,5193,2173,3020
5/19/2015 12:00:00 AM,6/9/2015 12:00:00 AM,3029,798,2231
5/19/2015 12:00:00 AM,6/10/2015 12:00:00 AM,3029,798,2231
5/19/2015 12:00:00 AM,6/11/2015 12:00:00 AM,2982,798,2184
5/19/2015 12:00:00 AM,6/12/2015 12:00:00 AM,2927,798,2129
5/19/2015 12:00:00 AM,6/13/2015 12:00:00 AM,2834,705,2129
5/19/2015 12:00:00 AM,6/14/2015 12:00:00 AM,2891,798,2093
5/19/2015 12:00:00 AM,6/15/2015 12:00:00 AM,159,19,140
5/19/2015 12:00:00 AM,6/16/2015 12:00:00 AM,310,170,140
5/19/2015 12:00:00 AM,6/17/2015 12:00:00 AM,310,170,140
5/19/2015 12:00:00 AM,6/18/2015 12:00:00 AM,159,19,140
5/19/2015 12:00:00 AM,6/19/2015 12:00:00 AM,159,19,140
5/19/2015 12:00:00 AM,6/20/2015 12:00:00 AM,120,19,101
5/19/2015 12:00:00 AM,6/21/2015 12:00:00 AM,120,19,101
5/19/2015 12:00:00 AM,6/22/2015 12:00:00 AM,120,19,101
5/19/2015 12:00:00 AM,6/23/2015 12:00:00 AM,120,19,101
5/19/2015 12:00:00 AM,6/24/2015 12:00:00 AM,120,19,101
5/19/2015 12:00:00 AM,6/25/2015 12:00:00 AM,185,19,166
5/19/2015 12:00:00 AM,6/26/2015 12:00:00 AM,120,19,101
5/19/2015 12:00:00 AM,6/27/2015 12:00:00 AM,72,19,53
5/19/2015 12:00:00 AM,6/28/2015 12:00:00 AM,72,19,53
5/19/2015 12:00:00 AM,6/29/2015 12:00:00 AM,72,19,53
5/19/2015 12:00:00 AM,6/30/2015 12:00:00 AM,72,19,53
5/19/2015 12:00:00 AM,7/1/2015 12:00:00 AM,72,19,53
5/19/2015 12:00:00 AM,7/2/2015 12:00:00 AM,72,19,53
5/19/2015 12:00:00 AM,7/3/2015 12:00:00 AM,72,19,53
5/19/2015 12:00:00 AM,7/4/2015 12:00:00 AM,72,19,53
5/19/2015 12:00:00 AM,7/5/2015 12:00:00 AM,72,19,53
5/19/2015 12:00:00 AM,7/6/2015 12:00:00 AM,72,19,53
5/19/2015 12:00:00 AM,7/7/2015 12:00:00 AM,149,19,130
5/19/2015 12:00:00 AM,7/8/2015 12:00:00 AM,202,19,183
5/19/2015 12:00:00 AM,7/9/2015 12:00:00 AM,137,19,118
5/19/2015 12:00:00 AM,7/10/2015 12:00:00 AM,137,19,118
5/19/2015 12:00:00 AM,7/11/2015 12:00:00 AM,104,19,85
5/19/2015 12:00:00 AM,7/12/2015 12:00:00 AM,104,19,85
5/19/2015 12:00:00 AM,7/13/2015 12:00:00 AM,117,32,85
5/19/2015 12:00:00 AM,7/14/2015 12:00:00 AM,117,32,85
5/19/2015 12:00:00 AM,7/15/2015 12:00:00 AM,117,32,85
5/19/2015 12:00:00 AM,7/16/2015 12:00:00 AM,117,32,85
5/19/2015 12:00:00 AM,7/17/2015 12:00:00 AM,117,32,85
5/19/2015 12:00:00 AM,7/18/2015 12:00:00 AM,117,32,85
5/19/2015 12:00:00 AM,7/19/2015 12:00:00 AM,104,19,85
5/19/2015 12:00:00 AM,7/20/2015 12:00:00 AM,150,32,118
5/19/2015 12:00:00 AM,7/21/2015 12:00:00 AM,150,32,118
5/19/2015 12:00:00 AM,7/22/2015 12:00:00 AM,150,32,118
5/19/2015 12:00:00 AM,7/23/2015 12:00:00 AM,150,32,118
5/19/2015 12:00:00 AM,7/24/2015 12:00:00 AM,150,32,118
5/19/2015 12:00:00 AM,7/25/2015 12:00:00 AM,150,32,118
5/19/2015 12:00:00 AM,7/26/2015 12:00:00 AM,137,19,118
5/19/2015 12:00:00 AM,7/27/2015 12:00:00 AM,215,32,183
5/19/2015 12:00:00 AM,7/28/2015 12:00:00 AM,215,32,183
5/19/2015 12:00:00 AM,7/29/2015 12:00:00 AM,280,32,248
5/19/2015 12:00:00 AM,7/30/2015 12:00:00 AM,215,32,183
5/19/2015 12:00:00 AM,7/31/2015 12:00:00 AM,215,32,183
5/19/2015 12:00:00 AM,8/1/2015 12:00:00 AM,182,32,150
5/19/2015 12:00:00 AM,8/2/2015 12:00:00 AM,169,19,150
5/19/2015 12:00:00 AM,8/3/2015 12:00:00 AM,214,32,182
5/19/2015 12:00:00 AM,8/4/2015 12:00:00 AM,214,32,182
5/19/2015 12:00:00 AM,8/5/2015 12:00:00 AM,214,32,182
5/19/2015 12:00:00 AM,8/6/2015 12:00:00 AM,149,32,117
5/19/2015 12:00:00 AM,8/7/2015 12:00:00 AM,149,32,117
5/19/2015 12:00:00 AM,8/8/2015 12:00:00 AM,149,32,117
5/19/2015 12:00:00 AM,8/9/2015 12:00:00 AM,136,19,117
5/19/2015 12:00:00 AM,8/10/2015 12:00:00 AM,136,19,117
5/19/2015 12:00:00 AM,8/11/2015 12:00:00 AM,136,19,117
5/19/2015 12:00:00 AM,8/12/2015 12:00:00 AM,136,19,117
5/19/2015 12:00:00 AM,8/13/2015 12:00:00 AM,136,19,117
5/19/2015 12:00:00 AM,8/14/2015 12:00:00 AM,136,19,117
5/19/2015 12:00:00 AM,8/15/2015 12:00:00 AM,136,19,117
5/19/2015 12:00:00 AM,8/16/2015 12:00:00 AM,136,19,117
5/19/2015 12:00:00 AM,8/17/2015 12:00:00 AM,335,217,118
5/19/2015 12:00:00 AM,8/18/2015 12:00:00 AM,335,217,118
5/18/2015 12:00:00 AM,5/19/2015 12:00:00 AM,30671,13538,17133
5/18/2015 12:00:00 AM,5/20/2015 12:00:00 AM,29868,13492,16376
5/18/2015 12:00:00 AM,5/21/2015 12:00:00 AM,27973,12544,15429
5/18/2015 12:00:00 AM,5/22/2015 12:00:00 AM,28128,12574,15554
5/18/2015 12:00:00 AM,5/23/2015 12:00:00 AM,29339,14158,15181
5/18/2015 12:00:00 AM,5/24/2015 12:00:00 AM,27063,12616,14447
5/18/2015 12:00:00 AM,5/25/2015 12:00:00 AM,23795,10817,12978
5/18/2015 12:00:00 AM,5/26/2015 12:00:00 AM,21932,8840,13092
5/18/2015 12:00:00 AM,5/27/2015 12:00:00 AM,20044,7822,12222
5/18/2015 12:00:00 AM,5/28/2015 12:00:00 AM,21547,9468,12079
5/18/2015 12:00:00 AM,5/29/2015 12:00:00 AM,18276,7032,11244
5/18/2015 12:00:00 AM,5/30/2015 12:00:00 AM,17833,7195,10638
5/18/2015 12:00:00 AM,5/31/2015 12:00:00 AM,14608,6368,8240
5/18/2015 12:00:00 AM,6/1/2015 12:00:00 AM,10380,4931,5449
5/18/2015 12:00:00 AM,6/2/2015 12:00:00 AM,6926,2425,4501
5/18/2015 12:00:00 AM,6/3/2015 12:00:00 AM,7337,3056,4281
5/18/2015 12:00:00 AM,6/4/2015 12:00:00 AM,6130,2273,3857
5/18/2015 12:00:00 AM,6/5/2015 12:00:00 AM,6224,2367,3857
5/18/2015 12:00:00 AM,6/6/2015 12:00:00 AM,4632,2173,2459
5/18/2015 12:00:00 AM,6/7/2015 12:00:00 AM,3775,2173,1602
5/18/2015 12:00:00 AM,6/8/2015 12:00:00 AM,4613,2173,2440
5/18/2015 12:00:00 AM,6/9/2015 12:00:00 AM,2449,798,1651
5/18/2015 12:00:00 AM,6/10/2015 12:00:00 AM,2449,798,1651
5/18/2015 12:00:00 AM,6/11/2015 12:00:00 AM,2422,798,1624
5/18/2015 12:00:00 AM,6/12/2015 12:00:00 AM,2367,798,1569
5/18/2015 12:00:00 AM,6/13/2015 12:00:00 AM,2274,705,1569
5/18/2015 12:00:00 AM,6/14/2015 12:00:00 AM,2331,798,1533
5/18/2015 12:00:00 AM,6/15/2015 12:00:00 AM,159,19,140
5/18/2015 12:00:00 AM,6/16/2015 12:00:00 AM,310,170,140
5/18/2015 12:00:00 AM,6/17/2015 12:00:00 AM,310,170,140
5/18/2015 12:00:00 AM,6/18/2015 12:00:00 AM,159,19,140
5/18/2015 12:00:00 AM,6/19/2015 12:00:00 AM,159,19,140
5/18/2015 12:00:00 AM,6/20/2015 12:00:00 AM,120,19,101
5/18/2015 12:00:00 AM,6/21/2015 12:00:00 AM,120,19,101
5/18/2015 12:00:00 AM,6/22/2015 12:00:00 AM,120,19,101
5/18/2015 12:00:00 AM,6/23/2015 12:00:00 AM,120,19,101
5/18/2015 12:00:00 AM,6/24/2015 12:00:00 AM,120,19,101
5/18/2015 12:00:00 AM,6/25/2015 12:00:00 AM,185,19,166
5/18/2015 12:00:00 AM,6/26/2015 12:00:00 AM,120,19,101
5/18/2015 12:00:00 AM,6/27/2015 12:00:00 AM,72,19,53
5/18/2015 12:00:00 AM,6/28/2015 12:00:00 AM,72,19,53
5/18/2015 12:00:00 AM,6/29/2015 12:00:00 AM,72,19,53
5/18/2015 12:00:00 AM,6/30/2015 12:00:00 AM,72,19,53
5/18/2015 12:00:00 AM,7/1/2015 12:00:00 AM,72,19,53
5/18/2015 12:00:00 AM,7/2/2015 12:00:00 AM,72,19,53
5/18/2015 12:00:00 AM,7/3/2015 12:00:00 AM,72,19,53
5/18/2015 12:00:00 AM,7/4/2015 12:00:00 AM,72,19,53
5/18/2015 12:00:00 AM,7/5/2015 12:00:00 AM,72,19,53
5/18/2015 12:00:00 AM,7/6/2015 12:00:00 AM,72,19,53
5/18/2015 12:00:00 AM,7/7/2015 12:00:00 AM,149,19,130
5/18/2015 12:00:00 AM,7/8/2015 12:00:00 AM,202,19,183
5/18/2015 12:00:00 AM,7/9/2015 12:00:00 AM,137,19,118
5/18/2015 12:00:00 AM,7/10/2015 12:00:00 AM,137,19,118
5/18/2015 12:00:00 AM,7/11/2015 12:00:00 AM,104,19,85
5/18/2015 12:00:00 AM,7/12/2015 12:00:00 AM,104,19,85
5/18/2015 12:00:00 AM,7/13/2015 12:00:00 AM,117,32,85
5/18/2015 12:00:00 AM,7/14/2015 12:00:00 AM,117,32,85
5/18/2015 12:00:00 AM,7/15/2015 12:00:00 AM,117,32,85
5/18/2015 12:00:00 AM,7/16/2015 12:00:00 AM,117,32,85
5/18/2015 12:00:00 AM,7/17/2015 12:00:00 AM,117,32,85
5/18/2015 12:00:00 AM,7/18/2015 12:00:00 AM,117,32,85
5/18/2015 12:00:00 AM,7/19/2015 12:00:00 AM,104,19,85
5/18/2015 12:00:00 AM,7/20/2015 12:00:00 AM,150,32,118
5/18/2015 12:00:00 AM,7/21/2015 12:00:00 AM,150,32,118
5/18/2015 12:00:00 AM,7/22/2015 12:00:00 AM,150,32,118
5/18/2015 12:00:00 AM,7/23/2015 12:00:00 AM,150,32,118
5/18/2015 12:00:00 AM,7/24/2015 12:00:00 AM,150,32,118
5/18/2015 12:00:00 AM,7/25/2015 12:00:00 AM,150,32,118
5/18/2015 12:00:00 AM,7/26/2015 12:00:00 AM,137,19,118
5/18/2015 12:00:00 AM,7/27/2015 12:00:00 AM,215,32,183
5/18/2015 12:00:00 AM,7/28/2015 12:00:00 AM,215,32,183
5/18/2015 12:00:00 AM,7/29/2015 12:00:00 AM,280,32,248
5/18/2015 12:00:00 AM,7/30/2015 12:00:00 AM,215,32,183
5/18/2015 12:00:00 AM,7/31/2015 12:00:00 AM,215,32,183
5/18/2015 12:00:00 AM,8/1/2015 12:00:00 AM,182,32,150
5/18/2015 12:00:00 AM,8/2/2015 12:00:00 AM,169,19,150
5/18/2015 12:00:00 AM,8/3/2015 12:00:00 AM,214,32,182
5/18/2015 12:00:00 AM,8/4/2015 12:00:00 AM,214,32,182
5/18/2015 12:00:00 AM,8/5/2015 12:00:00 AM,214,32,182
5/18/2015 12:00:00 AM,8/6/2015 12:00:00 AM,149,32,117
5/18/2015 12:00:00 AM,8/7/2015 12:00:00 AM,149,32,117
5/18/2015 12:00:00 AM,8/8/2015 12:00:00 AM,149,32,117
5/18/2015 12:00:00 AM,8/9/2015 12:00:00 AM,136,19,117
5/18/2015 12:00:00 AM,8/10/2015 12:00:00 AM,136,19,117
5/18/2015 12:00:00 AM,8/11/2015 12:00:00 AM,136,19,117
5/18/2015 12:00:00 AM,8/12/2015 12:00:00 AM,136,19,117
5/18/2015 12:00:00 AM,8/13/2015 12:00:00 AM,136,19,117
5/18/2015 12:00:00 AM,8/14/2015 12:00:00 AM,136,19,117
5/18/2015 12:00:00 AM,8/15/2015 12:00:00 AM,136,19,117
5/18/2015 12:00:00 AM,8/16/2015 12:00:00 AM,136,19,117
5/18/2015 12:00:00 AM,8/17/2015 12:00:00 AM,335,217,118
5/17/2015 12:00:00 AM,5/18/2015 12:00:00 AM,33903,16663,17240
5/17/2015 12:00:00 AM,5/19/2015 12:00:00 AM,30074,13538,16536
5/17/2015 12:00:00 AM,5/20/2015 12:00:00 AM,29271,13492,15779
5/17/2015 12:00:00 AM,5/21/2015 12:00:00 AM,27858,12544,15314
5/17/2015 12:00:00 AM,5/22/2015 12:00:00 AM,28013,12574,15439
5/17/2015 12:00:00 AM,5/23/2015 12:00:00 AM,29224,14158,15066
5/17/2015 12:00:00 AM,5/24/2015 12:00:00 AM,26948,12616,14332
5/17/2015 12:00:00 AM,5/25/2015 12:00:00 AM,24085,11222,12863
5/17/2015 12:00:00 AM,5/26/2015 12:00:00 AM,22222,9245,12977
5/17/2015 12:00:00 AM,5/27/2015 12:00:00 AM,20334,8227,12107
5/17/2015 12:00:00 AM,5/28/2015 12:00:00 AM,21952,9873,12079
5/17/2015 12:00:00 AM,5/29/2015 12:00:00 AM,18681,7437,11244
5/17/2015 12:00:00 AM,5/30/2015 12:00:00 AM,18238,7600,10638
5/17/2015 12:00:00 AM,5/31/2015 12:00:00 AM,15013,6773,8240
5/17/2015 12:00:00 AM,6/1/2015 12:00:00 AM,10380,4931,5449
5/17/2015 12:00:00 AM,6/2/2015 12:00:00 AM,6926,2425,4501
5/17/2015 12:00:00 AM,6/3/2015 12:00:00 AM,7337,3056,4281
5/17/2015 12:00:00 AM,6/4/2015 12:00:00 AM,6130,2273,3857
5/17/2015 12:00:00 AM,6/5/2015 12:00:00 AM,6224,2367,3857
5/17/2015 12:00:00 AM,6/6/2015 12:00:00 AM,4632,2173,2459
5/17/2015 12:00:00 AM,6/7/2015 12:00:00 AM,3775,2173,1602
5/17/2015 12:00:00 AM,6/8/2015 12:00:00 AM,4613,2173,2440
5/17/2015 12:00:00 AM,6/9/2015 12:00:00 AM,2449,798,1651
5/17/2015 12:00:00 AM,6/10/2015 12:00:00 AM,2449,798,1651
5/17/2015 12:00:00 AM,6/11/2015 12:00:00 AM,2422,798,1624
5/17/2015 12:00:00 AM,6/12/2015 12:00:00 AM,2367,798,1569
5/17/2015 12:00:00 AM,6/13/2015 12:00:00 AM,2274,705,1569
5/17/2015 12:00:00 AM,6/14/2015 12:00:00 AM,2331,798,1533
5/17/2015 12:00:00 AM,6/15/2015 12:00:00 AM,159,19,140
5/17/2015 12:00:00 AM,6/16/2015 12:00:00 AM,310,170,140
5/17/2015 12:00:00 AM,6/17/2015 12:00:00 AM,310,170,140
5/17/2015 12:00:00 AM,6/18/2015 12:00:00 AM,159,19,140
5/17/2015 12:00:00 AM,6/19/2015 12:00:00 AM,159,19,140
5/17/2015 12:00:00 AM,6/20/2015 12:00:00 AM,120,19,101
5/17/2015 12:00:00 AM,6/21/2015 12:00:00 AM,120,19,101
5/17/2015 12:00:00 AM,6/22/2015 12:00:00 AM,120,19,101
5/17/2015 12:00:00 AM,6/23/2015 12:00:00 AM,120,19,101
5/17/2015 12:00:00 AM,6/24/2015 12:00:00 AM,120,19,101
5/17/2015 12:00:00 AM,6/25/2015 12:00:00 AM,185,19,166
5/17/2015 12:00:00 AM,6/26/2015 12:00:00 AM,120,19,101
5/17/2015 12:00:00 AM,6/27/2015 12:00:00 AM,72,19,53
5/17/2015 12:00:00 AM,6/28/2015 12:00:00 AM,72,19,53
5/17/2015 12:00:00 AM,6/29/2015 12:00:00 AM,72,19,53
5/17/2015 12:00:00 AM,6/30/2015 12:00:00 AM,72,19,53
5/17/2015 12:00:00 AM,7/1/2015 12:00:00 AM,72,19,53
5/17/2015 12:00:00 AM,7/2/2015 12:00:00 AM,72,19,53
5/17/2015 12:00:00 AM,7/3/2015 12:00:00 AM,72,19,53
5/17/2015 12:00:00 AM,7/4/2015 12:00:00 AM,72,19,53
5/17/2015 12:00:00 AM,7/5/2015 12:00:00 AM,72,19,53
5/17/2015 12:00:00 AM,7/6/2015 12:00:00 AM,72,19,53
5/17/2015 12:00:00 AM,7/7/2015 12:00:00 AM,149,19,130
5/17/2015 12:00:00 AM,7/8/2015 12:00:00 AM,202,19,183
5/17/2015 12:00:00 AM,7/9/2015 12:00:00 AM,137,19,118
5/17/2015 12:00:00 AM,7/10/2015 12:00:00 AM,137,19,118
5/17/2015 12:00:00 AM,7/11/2015 12:00:00 AM,104,19,85
5/17/2015 12:00:00 AM,7/12/2015 12:00:00 AM,104,19,85
5/17/2015 12:00:00 AM,7/13/2015 12:00:00 AM,117,32,85
5/17/2015 12:00:00 AM,7/14/2015 12:00:00 AM,117,32,85
5/17/2015 12:00:00 AM,7/15/2015 12:00:00 AM,117,32,85
5/17/2015 12:00:00 AM,7/16/2015 12:00:00 AM,117,32,85
5/17/2015 12:00:00 AM,7/17/2015 12:00:00 AM,117,32,85
5/17/2015 12:00:00 AM,7/18/2015 12:00:00 AM,117,32,85
5/17/2015 12:00:00 AM,7/19/2015 12:00:00 AM,104,19,85
5/17/2015 12:00:00 AM,7/20/2015 12:00:00 AM,150,32,118
5/17/2015 12:00:00 AM,7/21/2015 12:00:00 AM,150,32,118
5/17/2015 12:00:00 AM,7/22/2015 12:00:00 AM,150,32,118
5/17/2015 12:00:00 AM,7/23/2015 12:00:00 AM,150,32,118
5/17/2015 12:00:00 AM,7/24/2015 12:00:00 AM,150,32,118
5/17/2015 12:00:00 AM,7/25/2015 12:00:00 AM,150,32,118
5/17/2015 12:00:00 AM,7/26/2015 12:00:00 AM,137,19,118
5/17/2015 12:00:00 AM,7/27/2015 12:00:00 AM,215,32,183
5/17/2015 12:00:00 AM,7/28/2015 12:00:00 AM,215,32,183
5/17/2015 12:00:00 AM,7/29/2015 12:00:00 AM,280,32,248
5/17/2015 12:00:00 AM,7/30/2015 12:00:00 AM,215,32,183
5/17/2015 12:00:00 AM,7/31/2015 12:00:00 AM,215,32,183
5/17/2015 12:00:00 AM,8/1/2015 12:00:00 AM,182,32,150
5/17/2015 12:00:00 AM,8/2/2015 12:00:00 AM,169,19,150
5/17/2015 12:00:00 AM,8/3/2015 12:00:00 AM,214,32,182
5/17/2015 12:00:00 AM,8/4/2015 12:00:00 AM,214,32,182
5/17/2015 12:00:00 AM,8/5/2015 12:00:00 AM,214,32,182
5/17/2015 12:00:00 AM,8/6/2015 12:00:00 AM,149,32,117
5/17/2015 12:00:00 AM,8/7/2015 12:00:00 AM,149,32,117
5/17/2015 12:00:00 AM,8/8/2015 12:00:00 AM,149,32,117
5/17/2015 12:00:00 AM,8/9/2015 12:00:00 AM,136,19,117
5/17/2015 12:00:00 AM,8/10/2015 12:00:00 AM,136,19,117
5/17/2015 12:00:00 AM,8/11/2015 12:00:00 AM,136,19,117
5/17/2015 12:00:00 AM,8/12/2015 12:00:00 AM,136,19,117
5/17/2015 12:00:00 AM,8/13/2015 12:00:00 AM,136,19,117
5/17/2015 12:00:00 AM,8/14/2015 12:00:00 AM,136,19,117
5/17/2015 12:00:00 AM,8/15/2015 12:00:00 AM,136,19,117
5/17/2015 12:00:00 AM,8/16/2015 12:00:00 AM,136,19,117
5/16/2015 12:00:00 AM,5/17/2015 12:00:00 AM,33292,16043,17249
5/16/2015 12:00:00 AM,5/18/2015 12:00:00 AM,33541,16192,17349
5/16/2015 12:00:00 AM,5/19/2015 12:00:00 AM,30183,13538,16645
5/16/2015 12:00:00 AM,5/20/2015 12:00:00 AM,29361,13347,16014
5/16/2015 12:00:00 AM,5/21/2015 12:00:00 AM,27978,12544,15434
5/16/2015 12:00:00 AM,5/22/2015 12:00:00 AM,28133,12574,15559
5/16/2015 12:00:00 AM,5/23/2015 12:00:00 AM,29344,14158,15186
5/16/2015 12:00:00 AM,5/24/2015 12:00:00 AM,27068,12616,14452
5/16/2015 12:00:00 AM,5/25/2015 12:00:00 AM,24205,11222,12983
5/16/2015 12:00:00 AM,5/26/2015 12:00:00 AM,21785,8688,13097
5/16/2015 12:00:00 AM,5/27/2015 12:00:00 AM,19897,7670,12227
5/16/2015 12:00:00 AM,5/28/2015 12:00:00 AM,21515,9316,12199
5/16/2015 12:00:00 AM,5/29/2015 12:00:00 AM,18244,6880,11364
5/16/2015 12:00:00 AM,5/30/2015 12:00:00 AM,17801,7043,10758
5/16/2015 12:00:00 AM,5/31/2015 12:00:00 AM,14576,6216,8360
5/16/2015 12:00:00 AM,6/1/2015 12:00:00 AM,9823,4374,5449
5/16/2015 12:00:00 AM,6/2/2015 12:00:00 AM,6926,2425,4501
5/16/2015 12:00:00 AM,6/3/2015 12:00:00 AM,7337,3056,4281
5/16/2015 12:00:00 AM,6/4/2015 12:00:00 AM,6130,2273,3857
5/16/2015 12:00:00 AM,6/5/2015 12:00:00 AM,6224,2367,3857
5/16/2015 12:00:00 AM,6/6/2015 12:00:00 AM,4632,2173,2459
5/16/2015 12:00:00 AM,6/7/2015 12:00:00 AM,3775,2173,1602
5/16/2015 12:00:00 AM,6/8/2015 12:00:00 AM,4613,2173,2440
5/16/2015 12:00:00 AM,6/9/2015 12:00:00 AM,2449,798,1651
5/16/2015 12:00:00 AM,6/10/2015 12:00:00 AM,2449,798,1651
5/16/2015 12:00:00 AM,6/11/2015 12:00:00 AM,2422,798,1624
5/16/2015 12:00:00 AM,6/12/2015 12:00:00 AM,2367,798,1569
5/16/2015 12:00:00 AM,6/13/2015 12:00:00 AM,2274,705,1569
5/16/2015 12:00:00 AM,6/14/2015 12:00:00 AM,2331,798,1533
5/16/2015 12:00:00 AM,6/15/2015 12:00:00 AM,159,19,140
5/16/2015 12:00:00 AM,6/16/2015 12:00:00 AM,310,170,140
5/16/2015 12:00:00 AM,6/17/2015 12:00:00 AM,310,170,140
5/16/2015 12:00:00 AM,6/18/2015 12:00:00 AM,159,19,140
5/16/2015 12:00:00 AM,6/19/2015 12:00:00 AM,159,19,140
5/16/2015 12:00:00 AM,6/20/2015 12:00:00 AM,120,19,101
5/16/2015 12:00:00 AM,6/21/2015 12:00:00 AM,120,19,101
5/16/2015 12:00:00 AM,6/22/2015 12:00:00 AM,120,19,101
5/16/2015 12:00:00 AM,6/23/2015 12:00:00 AM,120,19,101
5/16/2015 12:00:00 AM,6/24/2015 12:00:00 AM,120,19,101
5/16/2015 12:00:00 AM,6/25/2015 12:00:00 AM,185,19,166
5/16/2015 12:00:00 AM,6/26/2015 12:00:00 AM,120,19,101
5/16/2015 12:00:00 AM,6/27/2015 12:00:00 AM,72,19,53
5/16/2015 12:00:00 AM,6/28/2015 12:00:00 AM,72,19,53
5/16/2015 12:00:00 AM,6/29/2015 12:00:00 AM,72,19,53
5/16/2015 12:00:00 AM,6/30/2015 12:00:00 AM,72,19,53
5/16/2015 12:00:00 AM,7/1/2015 12:00:00 AM,72,19,53
5/16/2015 12:00:00 AM,7/2/2015 12:00:00 AM,72,19,53
5/16/2015 12:00:00 AM,7/3/2015 12:00:00 AM,72,19,53
5/16/2015 12:00:00 AM,7/4/2015 12:00:00 AM,72,19,53
5/16/2015 12:00:00 AM,7/5/2015 12:00:00 AM,72,19,53
5/16/2015 12:00:00 AM,7/6/2015 12:00:00 AM,72,19,53
5/16/2015 12:00:00 AM,7/7/2015 12:00:00 AM,149,19,130
5/16/2015 12:00:00 AM,7/8/2015 12:00:00 AM,202,19,183
5/16/2015 12:00:00 AM,7/9/2015 12:00:00 AM,137,19,118
5/16/2015 12:00:00 AM,7/10/2015 12:00:00 AM,137,19,118
5/16/2015 12:00:00 AM,7/11/2015 12:00:00 AM,104,19,85
5/16/2015 12:00:00 AM,7/12/2015 12:00:00 AM,104,19,85
5/16/2015 12:00:00 AM,7/13/2015 12:00:00 AM,117,32,85
5/16/2015 12:00:00 AM,7/14/2015 12:00:00 AM,117,32,85
5/16/2015 12:00:00 AM,7/15/2015 12:00:00 AM,117,32,85
5/16/2015 12:00:00 AM,7/16/2015 12:00:00 AM,117,32,85
5/16/2015 12:00:00 AM,7/17/2015 12:00:00 AM,117,32,85
5/16/2015 12:00:00 AM,7/18/2015 12:00:00 AM,117,32,85
5/16/2015 12:00:00 AM,7/19/2015 12:00:00 AM,104,19,85
5/16/2015 12:00:00 AM,7/20/2015 12:00:00 AM,150,32,118
5/16/2015 12:00:00 AM,7/21/2015 12:00:00 AM,150,32,118
5/16/2015 12:00:00 AM,7/22/2015 12:00:00 AM,150,32,118
5/16/2015 12:00:00 AM,7/23/2015 12:00:00 AM,150,32,118
5/16/2015 12:00:00 AM,7/24/2015 12:00:00 AM,150,32,118
5/16/2015 12:00:00 AM,7/25/2015 12:00:00 AM,150,32,118
5/16/2015 12:00:00 AM,7/26/2015 12:00:00 AM,137,19,118
5/16/2015 12:00:00 AM,7/27/2015 12:00:00 AM,215,32,183
5/16/2015 12:00:00 AM,7/28/2015 12:00:00 AM,215,32,183
5/16/2015 12:00:00 AM,7/29/2015 12:00:00 AM,280,32,248
5/16/2015 12:00:00 AM,7/30/2015 12:00:00 AM,215,32,183
5/16/2015 12:00:00 AM,7/31/2015 12:00:00 AM,215,32,183
5/16/2015 12:00:00 AM,8/1/2015 12:00:00 AM,182,32,150
5/16/2015 12:00:00 AM,8/2/2015 12:00:00 AM,169,19,150
5/16/2015 12:00:00 AM,8/3/2015 12:00:00 AM,214,32,182
5/16/2015 12:00:00 AM,8/4/2015 12:00:00 AM,214,32,182
5/16/2015 12:00:00 AM,8/5/2015 12:00:00 AM,214,32,182
5/16/2015 12:00:00 AM,8/6/2015 12:00:00 AM,149,32,117
5/16/2015 12:00:00 AM,8/7/2015 12:00:00 AM,149,32,117
5/16/2015 12:00:00 AM,8/8/2015 12:00:00 AM,149,32,117
5/16/2015 12:00:00 AM,8/9/2015 12:00:00 AM,136,19,117
5/16/2015 12:00:00 AM,8/10/2015 12:00:00 AM,136,19,117
5/16/2015 12:00:00 AM,8/11/2015 12:00:00 AM,136,19,117
5/16/2015 12:00:00 AM,8/12/2015 12:00:00 AM,136,19,117
5/16/2015 12:00:00 AM,8/13/2015 12:00:00 AM,136,19,117
5/16/2015 12:00:00 AM,8/14/2015 12:00:00 AM,136,19,117
5/16/2015 12:00:00 AM,8/15/2015 12:00:00 AM,136,19,117
5/15/2015 12:00:00 AM,5/16/2015 12:00:00 AM,36027,17870,18157
5/15/2015 12:00:00 AM,5/17/2015 12:00:00 AM,33598,16254,17344
5/15/2015 12:00:00 AM,5/18/2015 12:00:00 AM,34411,17591,16820
5/15/2015 12:00:00 AM,5/19/2015 12:00:00 AM,30841,14114,16727
5/15/2015 12:00:00 AM,5/20/2015 12:00:00 AM,29389,13293,16096
5/15/2015 12:00:00 AM,5/21/2015 12:00:00 AM,28525,13120,15405
5/15/2015 12:00:00 AM,5/22/2015 12:00:00 AM,28050,12520,15530
5/15/2015 12:00:00 AM,5/23/2015 12:00:00 AM,29315,14158,15157
5/15/2015 12:00:00 AM,5/24/2015 12:00:00 AM,27039,12616,14423
5/15/2015 12:00:00 AM,5/25/2015 12:00:00 AM,24176,11222,12954
5/15/2015 12:00:00 AM,5/26/2015 12:00:00 AM,21572,8504,13068
5/15/2015 12:00:00 AM,5/27/2015 12:00:00 AM,19684,7486,12198
5/15/2015 12:00:00 AM,5/28/2015 12:00:00 AM,21330,9132,12198
5/15/2015 12:00:00 AM,5/29/2015 12:00:00 AM,18059,6696,11363
5/15/2015 12:00:00 AM,5/30/2015 12:00:00 AM,17635,7043,10592
5/15/2015 12:00:00 AM,5/31/2015 12:00:00 AM,14410,6216,8194
5/15/2015 12:00:00 AM,6/1/2015 12:00:00 AM,9657,4374,5283
5/15/2015 12:00:00 AM,6/2/2015 12:00:00 AM,5970,1635,4335
5/15/2015 12:00:00 AM,6/3/2015 12:00:00 AM,6381,2266,4115
5/15/2015 12:00:00 AM,6/4/2015 12:00:00 AM,5174,1483,3691
5/15/2015 12:00:00 AM,6/5/2015 12:00:00 AM,5268,1577,3691
5/15/2015 12:00:00 AM,6/6/2015 12:00:00 AM,3676,1383,2293
5/15/2015 12:00:00 AM,6/7/2015 12:00:00 AM,2819,1383,1436
5/15/2015 12:00:00 AM,6/8/2015 12:00:00 AM,3657,1383,2274
5/15/2015 12:00:00 AM,6/9/2015 12:00:00 AM,2283,798,1485
5/15/2015 12:00:00 AM,6/10/2015 12:00:00 AM,2283,798,1485
5/15/2015 12:00:00 AM,6/11/2015 12:00:00 AM,2256,798,1458
5/15/2015 12:00:00 AM,6/12/2015 12:00:00 AM,2256,798,1458
5/15/2015 12:00:00 AM,6/13/2015 12:00:00 AM,2163,705,1458
5/15/2015 12:00:00 AM,6/14/2015 12:00:00 AM,2220,798,1422
5/15/2015 12:00:00 AM,6/15/2015 12:00:00 AM,159,19,140
5/15/2015 12:00:00 AM,6/16/2015 12:00:00 AM,310,170,140
5/15/2015 12:00:00 AM,6/17/2015 12:00:00 AM,310,170,140
5/15/2015 12:00:00 AM,6/18/2015 12:00:00 AM,159,19,140
5/15/2015 12:00:00 AM,6/19/2015 12:00:00 AM,159,19,140
5/15/2015 12:00:00 AM,6/20/2015 12:00:00 AM,120,19,101
5/15/2015 12:00:00 AM,6/21/2015 12:00:00 AM,120,19,101
5/15/2015 12:00:00 AM,6/22/2015 12:00:00 AM,120,19,101
5/15/2015 12:00:00 AM,6/23/2015 12:00:00 AM,120,19,101
5/15/2015 12:00:00 AM,6/24/2015 12:00:00 AM,120,19,101
5/15/2015 12:00:00 AM,6/25/2015 12:00:00 AM,185,19,166
5/15/2015 12:00:00 AM,6/26/2015 12:00:00 AM,120,19,101
5/15/2015 12:00:00 AM,6/27/2015 12:00:00 AM,72,19,53
5/15/2015 12:00:00 AM,6/28/2015 12:00:00 AM,72,19,53
5/15/2015 12:00:00 AM,6/29/2015 12:00:00 AM,72,19,53
5/15/2015 12:00:00 AM,6/30/2015 12:00:00 AM,72,19,53
5/15/2015 12:00:00 AM,7/1/2015 12:00:00 AM,72,19,53
5/15/2015 12:00:00 AM,7/2/2015 12:00:00 AM,72,19,53
5/15/2015 12:00:00 AM,7/3/2015 12:00:00 AM,72,19,53
5/15/2015 12:00:00 AM,7/4/2015 12:00:00 AM,72,19,53
5/15/2015 12:00:00 AM,7/5/2015 12:00:00 AM,72,19,53
5/15/2015 12:00:00 AM,7/6/2015 12:00:00 AM,72,19,53
5/15/2015 12:00:00 AM,7/7/2015 12:00:00 AM,149,19,130
5/15/2015 12:00:00 AM,7/8/2015 12:00:00 AM,202,19,183
5/15/2015 12:00:00 AM,7/9/2015 12:00:00 AM,137,19,118
5/15/2015 12:00:00 AM,7/10/2015 12:00:00 AM,137,19,118
5/15/2015 12:00:00 AM,7/11/2015 12:00:00 AM,104,19,85
5/15/2015 12:00:00 AM,7/12/2015 12:00:00 AM,104,19,85
5/15/2015 12:00:00 AM,7/13/2015 12:00:00 AM,117,32,85
5/15/2015 12:00:00 AM,7/14/2015 12:00:00 AM,117,32,85
5/15/2015 12:00:00 AM,7/15/2015 12:00:00 AM,117,32,85
5/15/2015 12:00:00 AM,7/16/2015 12:00:00 AM,117,32,85
5/15/2015 12:00:00 AM,7/17/2015 12:00:00 AM,117,32,85
5/15/2015 12:00:00 AM,7/18/2015 12:00:00 AM,117,32,85
5/15/2015 12:00:00 AM,7/19/2015 12:00:00 AM,104,19,85
5/15/2015 12:00:00 AM,7/20/2015 12:00:00 AM,150,32,118
5/15/2015 12:00:00 AM,7/21/2015 12:00:00 AM,150,32,118
5/15/2015 12:00:00 AM,7/22/2015 12:00:00 AM,150,32,118
5/15/2015 12:00:00 AM,7/23/2015 12:00:00 AM,150,32,118
5/15/2015 12:00:00 AM,7/24/2015 12:00:00 AM,150,32,118
5/15/2015 12:00:00 AM,7/25/2015 12:00:00 AM,150,32,118
5/15/2015 12:00:00 AM,7/26/2015 12:00:00 AM,137,19,118
5/15/2015 12:00:00 AM,7/27/2015 12:00:00 AM,215,32,183
5/15/2015 12:00:00 AM,7/28/2015 12:00:00 AM,215,32,183
5/15/2015 12:00:00 AM,7/29/2015 12:00:00 AM,280,32,248
5/15/2015 12:00:00 AM,7/30/2015 12:00:00 AM,215,32,183
5/15/2015 12:00:00 AM,7/31/2015 12:00:00 AM,215,32,183
5/15/2015 12:00:00 AM,8/1/2015 12:00:00 AM,182,32,150
5/15/2015 12:00:00 AM,8/2/2015 12:00:00 AM,169,19,150
5/15/2015 12:00:00 AM,8/3/2015 12:00:00 AM,214,32,182
5/15/2015 12:00:00 AM,8/4/2015 12:00:00 AM,214,32,182
5/15/2015 12:00:00 AM,8/5/2015 12:00:00 AM,214,32,182
5/15/2015 12:00:00 AM,8/6/2015 12:00:00 AM,149,32,117
5/15/2015 12:00:00 AM,8/7/2015 12:00:00 AM,149,32,117
5/15/2015 12:00:00 AM,8/8/2015 12:00:00 AM,149,32,117
5/15/2015 12:00:00 AM,8/9/2015 12:00:00 AM,136,19,117
5/15/2015 12:00:00 AM,8/10/2015 12:00:00 AM,136,19,117
5/15/2015 12:00:00 AM,8/11/2015 12:00:00 AM,136,19,117
5/15/2015 12:00:00 AM,8/12/2015 12:00:00 AM,136,19,117
5/15/2015 12:00:00 AM,8/13/2015 12:00:00 AM,136,19,117
5/15/2015 12:00:00 AM,8/14/2015 12:00:00 AM,136,19,117
5/14/2015 12:00:00 AM,5/15/2015 12:00:00 AM,35215,16444,18771
5/14/2015 12:00:00 AM,5/16/2015 12:00:00 AM,36523,18035,18488
5/14/2015 12:00:00 AM,5/17/2015 12:00:00 AM,33208,16254,16954
5/14/2015 12:00:00 AM,5/18/2015 12:00:00 AM,34019,17591,16428
5/14/2015 12:00:00 AM,5/19/2015 12:00:00 AM,30007,13292,16715
5/14/2015 12:00:00 AM,5/20/2015 12:00:00 AM,29395,13607,15788
5/14/2015 12:00:00 AM,5/21/2015 12:00:00 AM,26793,12158,14635
5/14/2015 12:00:00 AM,5/22/2015 12:00:00 AM,27558,12336,15222
5/14/2015 12:00:00 AM,5/23/2015 12:00:00 AM,28221,13834,14387
5/14/2015 12:00:00 AM,5/24/2015 12:00:00 AM,26085,12432,13653
5/14/2015 12:00:00 AM,5/25/2015 12:00:00 AM,23222,11038,12184
5/14/2015 12:00:00 AM,5/26/2015 12:00:00 AM,20618,8320,12298
5/14/2015 12:00:00 AM,5/27/2015 12:00:00 AM,18730,7302,11428
5/14/2015 12:00:00 AM,5/28/2015 12:00:00 AM,20376,8948,11428
5/14/2015 12:00:00 AM,5/29/2015 12:00:00 AM,17105,6512,10593
5/14/2015 12:00:00 AM,5/30/2015 12:00:00 AM,16865,7043,9822
5/14/2015 12:00:00 AM,5/31/2015 12:00:00 AM,13640,6216,7424
5/14/2015 12:00:00 AM,6/1/2015 12:00:00 AM,9729,4374,5355
5/14/2015 12:00:00 AM,6/2/2015 12:00:00 AM,5970,1635,4335
5/14/2015 12:00:00 AM,6/3/2015 12:00:00 AM,6381,2266,4115
5/14/2015 12:00:00 AM,6/4/2015 12:00:00 AM,5174,1483,3691
5/14/2015 12:00:00 AM,6/5/2015 12:00:00 AM,5268,1577,3691
5/14/2015 12:00:00 AM,6/6/2015 12:00:00 AM,3676,1383,2293
5/14/2015 12:00:00 AM,6/7/2015 12:00:00 AM,2819,1383,1436
5/14/2015 12:00:00 AM,6/8/2015 12:00:00 AM,3657,1383,2274
5/14/2015 12:00:00 AM,6/9/2015 12:00:00 AM,2283,798,1485
5/14/2015 12:00:00 AM,6/10/2015 12:00:00 AM,2283,798,1485
5/14/2015 12:00:00 AM,6/11/2015 12:00:00 AM,2256,798,1458
5/14/2015 12:00:00 AM,6/12/2015 12:00:00 AM,2256,798,1458
5/14/2015 12:00:00 AM,6/13/2015 12:00:00 AM,2163,705,1458
5/14/2015 12:00:00 AM,6/14/2015 12:00:00 AM,2220,798,1422
5/14/2015 12:00:00 AM,6/15/2015 12:00:00 AM,159,19,140
5/14/2015 12:00:00 AM,6/16/2015 12:00:00 AM,310,170,140
5/14/2015 12:00:00 AM,6/17/2015 12:00:00 AM,310,170,140
5/14/2015 12:00:00 AM,6/18/2015 12:00:00 AM,159,19,140
5/14/2015 12:00:00 AM,6/19/2015 12:00:00 AM,159,19,140
5/14/2015 12:00:00 AM,6/20/2015 12:00:00 AM,120,19,101
5/14/2015 12:00:00 AM,6/21/2015 12:00:00 AM,120,19,101
5/14/2015 12:00:00 AM,6/22/2015 12:00:00 AM,120,19,101
5/14/2015 12:00:00 AM,6/23/2015 12:00:00 AM,120,19,101
5/14/2015 12:00:00 AM,6/24/2015 12:00:00 AM,120,19,101
5/14/2015 12:00:00 AM,6/25/2015 12:00:00 AM,185,19,166
5/14/2015 12:00:00 AM,6/26/2015 12:00:00 AM,120,19,101
5/14/2015 12:00:00 AM,6/27/2015 12:00:00 AM,72,19,53
5/14/2015 12:00:00 AM,6/28/2015 12:00:00 AM,72,19,53
5/14/2015 12:00:00 AM,6/29/2015 12:00:00 AM,72,19,53
5/14/2015 12:00:00 AM,6/30/2015 12:00:00 AM,72,19,53
5/14/2015 12:00:00 AM,7/1/2015 12:00:00 AM,72,19,53
5/14/2015 12:00:00 AM,7/2/2015 12:00:00 AM,72,19,53
5/14/2015 12:00:00 AM,7/3/2015 12:00:00 AM,72,19,53
5/14/2015 12:00:00 AM,7/4/2015 12:00:00 AM,72,19,53
5/14/2015 12:00:00 AM,7/5/2015 12:00:00 AM,72,19,53
5/14/2015 12:00:00 AM,7/6/2015 12:00:00 AM,72,19,53
5/14/2015 12:00:00 AM,7/7/2015 12:00:00 AM,149,19,130
5/14/2015 12:00:00 AM,7/8/2015 12:00:00 AM,202,19,183
5/14/2015 12:00:00 AM,7/9/2015 12:00:00 AM,137,19,118
5/14/2015 12:00:00 AM,7/10/2015 12:00:00 AM,137,19,118
5/14/2015 12:00:00 AM,7/11/2015 12:00:00 AM,104,19,85
5/14/2015 12:00:00 AM,7/12/2015 12:00:00 AM,104,19,85
5/14/2015 12:00:00 AM,7/13/2015 12:00:00 AM,117,32,85
5/14/2015 12:00:00 AM,7/14/2015 12:00:00 AM,117,32,85
5/14/2015 12:00:00 AM,7/15/2015 12:00:00 AM,117,32,85
5/14/2015 12:00:00 AM,7/16/2015 12:00:00 AM,117,32,85
5/14/2015 12:00:00 AM,7/17/2015 12:00:00 AM,117,32,85
5/14/2015 12:00:00 AM,7/18/2015 12:00:00 AM,117,32,85
5/14/2015 12:00:00 AM,7/19/2015 12:00:00 AM,104,19,85
5/14/2015 12:00:00 AM,7/20/2015 12:00:00 AM,150,32,118
5/14/2015 12:00:00 AM,7/21/2015 12:00:00 AM,150,32,118
5/14/2015 12:00:00 AM,7/22/2015 12:00:00 AM,150,32,118
5/14/2015 12:00:00 AM,7/23/2015 12:00:00 AM,150,32,118
5/14/2015 12:00:00 AM,7/24/2015 12:00:00 AM,150,32,118
5/14/2015 12:00:00 AM,7/25/2015 12:00:00 AM,150,32,118
5/14/2015 12:00:00 AM,7/26/2015 12:00:00 AM,137,19,118
5/14/2015 12:00:00 AM,7/27/2015 12:00:00 AM,215,32,183
5/14/2015 12:00:00 AM,7/28/2015 12:00:00 AM,215,32,183
5/14/2015 12:00:00 AM,7/29/2015 12:00:00 AM,280,32,248
5/14/2015 12:00:00 AM,7/30/2015 12:00:00 AM,215,32,183
5/14/2015 12:00:00 AM,7/31/2015 12:00:00 AM,215,32,183
5/14/2015 12:00:00 AM,8/1/2015 12:00:00 AM,182,32,150
5/14/2015 12:00:00 AM,8/2/2015 12:00:00 AM,169,19,150
5/14/2015 12:00:00 AM,8/3/2015 12:00:00 AM,214,32,182
5/14/2015 12:00:00 AM,8/4/2015 12:00:00 AM,214,32,182
5/14/2015 12:00:00 AM,8/5/2015 12:00:00 AM,214,32,182
5/14/2015 12:00:00 AM,8/6/2015 12:00:00 AM,149,32,117
5/14/2015 12:00:00 AM,8/7/2015 12:00:00 AM,149,32,117
5/14/2015 12:00:00 AM,8/8/2015 12:00:00 AM,149,32,117
5/14/2015 12:00:00 AM,8/9/2015 12:00:00 AM,136,19,117
5/14/2015 12:00:00 AM,8/10/2015 12:00:00 AM,136,19,117
5/14/2015 12:00:00 AM,8/11/2015 12:00:00 AM,136,19,117
5/14/2015 12:00:00 AM,8/12/2015 12:00:00 AM,136,19,117
5/14/2015 12:00:00 AM,8/13/2015 12:00:00 AM,136,19,117
5/13/2015 12:00:00 AM,5/14/2015 12:00:00 AM,36907,16570,20337
5/13/2015 12:00:00 AM,5/15/2015 12:00:00 AM,35726,16419,19307
5/13/2015 12:00:00 AM,5/16/2015 12:00:00 AM,36019,17466,18553
5/13/2015 12:00:00 AM,5/17/2015 12:00:00 AM,32809,15969,16840
5/13/2015 12:00:00 AM,5/18/2015 12:00:00 AM,33032,17022,16010
5/13/2015 12:00:00 AM,5/19/2015 12:00:00 AM,29543,13007,16536
5/13/2015 12:00:00 AM,5/20/2015 12:00:00 AM,27960,12590,15370
5/13/2015 12:00:00 AM,5/21/2015 12:00:00 AM,26175,11779,14396
5/13/2015 12:00:00 AM,5/22/2015 12:00:00 AM,26761,11957,14804
5/13/2015 12:00:00 AM,5/23/2015 12:00:00 AM,27603,13455,14148
5/13/2015 12:00:00 AM,5/24/2015 12:00:00 AM,25467,12053,13414
5/13/2015 12:00:00 AM,5/25/2015 12:00:00 AM,22843,10659,12184
5/13/2015 12:00:00 AM,5/26/2015 12:00:00 AM,20000,7941,12059
5/13/2015 12:00:00 AM,5/27/2015 12:00:00 AM,18705,7277,11428
5/13/2015 12:00:00 AM,5/28/2015 12:00:00 AM,19997,8569,11428
5/13/2015 12:00:00 AM,5/29/2015 12:00:00 AM,17080,6487,10593
5/13/2015 12:00:00 AM,5/30/2015 12:00:00 AM,17690,7018,10672
5/13/2015 12:00:00 AM,5/31/2015 12:00:00 AM,13521,6097,7424
5/13/2015 12:00:00 AM,6/1/2015 12:00:00 AM,9704,4349,5355
5/13/2015 12:00:00 AM,6/2/2015 12:00:00 AM,5851,1516,4335
5/13/2015 12:00:00 AM,6/3/2015 12:00:00 AM,6242,2147,4095
5/13/2015 12:00:00 AM,6/4/2015 12:00:00 AM,5129,1458,3671
5/13/2015 12:00:00 AM,6/5/2015 12:00:00 AM,5129,1458,3671
5/13/2015 12:00:00 AM,6/6/2015 12:00:00 AM,3631,1358,2273
5/13/2015 12:00:00 AM,6/7/2015 12:00:00 AM,2774,1358,1416
5/13/2015 12:00:00 AM,6/8/2015 12:00:00 AM,3632,1358,2274
5/13/2015 12:00:00 AM,6/9/2015 12:00:00 AM,2258,773,1485
5/13/2015 12:00:00 AM,6/10/2015 12:00:00 AM,2258,773,1485
5/13/2015 12:00:00 AM,6/11/2015 12:00:00 AM,2231,773,1458
5/13/2015 12:00:00 AM,6/12/2015 12:00:00 AM,2231,773,1458
5/13/2015 12:00:00 AM,6/13/2015 12:00:00 AM,2138,680,1458
5/13/2015 12:00:00 AM,6/14/2015 12:00:00 AM,2195,773,1422
5/13/2015 12:00:00 AM,6/15/2015 12:00:00 AM,159,19,140
5/13/2015 12:00:00 AM,6/16/2015 12:00:00 AM,310,170,140
5/13/2015 12:00:00 AM,6/17/2015 12:00:00 AM,310,170,140
5/13/2015 12:00:00 AM,6/18/2015 12:00:00 AM,159,19,140
5/13/2015 12:00:00 AM,6/19/2015 12:00:00 AM,159,19,140
5/13/2015 12:00:00 AM,6/20/2015 12:00:00 AM,120,19,101
5/13/2015 12:00:00 AM,6/21/2015 12:00:00 AM,120,19,101
5/13/2015 12:00:00 AM,6/22/2015 12:00:00 AM,120,19,101
5/13/2015 12:00:00 AM,6/23/2015 12:00:00 AM,120,19,101
5/13/2015 12:00:00 AM,6/24/2015 12:00:00 AM,120,19,101
5/13/2015 12:00:00 AM,6/25/2015 12:00:00 AM,185,19,166
5/13/2015 12:00:00 AM,6/26/2015 12:00:00 AM,120,19,101
5/13/2015 12:00:00 AM,6/27/2015 12:00:00 AM,72,19,53
5/13/2015 12:00:00 AM,6/28/2015 12:00:00 AM,72,19,53
5/13/2015 12:00:00 AM,6/29/2015 12:00:00 AM,72,19,53
5/13/2015 12:00:00 AM,6/30/2015 12:00:00 AM,72,19,53
5/13/2015 12:00:00 AM,7/1/2015 12:00:00 AM,72,19,53
5/13/2015 12:00:00 AM,7/2/2015 12:00:00 AM,72,19,53
5/13/2015 12:00:00 AM,7/3/2015 12:00:00 AM,72,19,53
5/13/2015 12:00:00 AM,7/4/2015 12:00:00 AM,72,19,53
5/13/2015 12:00:00 AM,7/5/2015 12:00:00 AM,72,19,53
5/13/2015 12:00:00 AM,7/6/2015 12:00:00 AM,72,19,53
5/13/2015 12:00:00 AM,7/7/2015 12:00:00 AM,149,19,130
5/13/2015 12:00:00 AM,7/8/2015 12:00:00 AM,202,19,183
5/13/2015 12:00:00 AM,7/9/2015 12:00:00 AM,137,19,118
5/13/2015 12:00:00 AM,7/10/2015 12:00:00 AM,137,19,118
5/13/2015 12:00:00 AM,7/11/2015 12:00:00 AM,104,19,85
5/13/2015 12:00:00 AM,7/12/2015 12:00:00 AM,104,19,85
5/13/2015 12:00:00 AM,7/13/2015 12:00:00 AM,117,32,85
5/13/2015 12:00:00 AM,7/14/2015 12:00:00 AM,117,32,85
5/13/2015 12:00:00 AM,7/15/2015 12:00:00 AM,117,32,85
5/13/2015 12:00:00 AM,7/16/2015 12:00:00 AM,117,32,85
5/13/2015 12:00:00 AM,7/17/2015 12:00:00 AM,117,32,85
5/13/2015 12:00:00 AM,7/18/2015 12:00:00 AM,117,32,85
5/13/2015 12:00:00 AM,7/19/2015 12:00:00 AM,104,19,85
5/13/2015 12:00:00 AM,7/20/2015 12:00:00 AM,150,32,118
5/13/2015 12:00:00 AM,7/21/2015 12:00:00 AM,150,32,118
5/13/2015 12:00:00 AM,7/22/2015 12:00:00 AM,150,32,118
5/13/2015 12:00:00 AM,7/23/2015 12:00:00 AM,150,32,118
5/13/2015 12:00:00 AM,7/24/2015 12:00:00 AM,150,32,118
5/13/2015 12:00:00 AM,7/25/2015 12:00:00 AM,150,32,118
5/13/2015 12:00:00 AM,7/26/2015 12:00:00 AM,137,19,118
5/13/2015 12:00:00 AM,7/27/2015 12:00:00 AM,215,32,183
5/13/2015 12:00:00 AM,7/28/2015 12:00:00 AM,215,32,183
5/13/2015 12:00:00 AM,7/29/2015 12:00:00 AM,280,32,248
5/13/2015 12:00:00 AM,7/30/2015 12:00:00 AM,215,32,183
5/13/2015 12:00:00 AM,7/31/2015 12:00:00 AM,215,32,183
5/13/2015 12:00:00 AM,8/1/2015 12:00:00 AM,182,32,150
5/13/2015 12:00:00 AM,8/2/2015 12:00:00 AM,169,19,150
5/13/2015 12:00:00 AM,8/3/2015 12:00:00 AM,214,32,182
5/13/2015 12:00:00 AM,8/4/2015 12:00:00 AM,214,32,182
5/13/2015 12:00:00 AM,8/5/2015 12:00:00 AM,214,32,182
5/13/2015 12:00:00 AM,8/6/2015 12:00:00 AM,149,32,117
5/13/2015 12:00:00 AM,8/7/2015 12:00:00 AM,149,32,117
5/13/2015 12:00:00 AM,8/8/2015 12:00:00 AM,149,32,117
5/13/2015 12:00:00 AM,8/9/2015 12:00:00 AM,136,19,117
5/13/2015 12:00:00 AM,8/10/2015 12:00:00 AM,136,19,117
5/13/2015 12:00:00 AM,8/11/2015 12:00:00 AM,136,19,117
5/13/2015 12:00:00 AM,8/12/2015 12:00:00 AM,136,19,117
5/12/2015 12:00:00 AM,5/13/2015 12:00:00 AM,37304,16753,20551
5/12/2015 12:00:00 AM,5/14/2015 12:00:00 AM,37022,16685,20337
5/12/2015 12:00:00 AM,5/15/2015 12:00:00 AM,35822,16534,19288
5/12/2015 12:00:00 AM,5/16/2015 12:00:00 AM,35860,17466,18394
5/12/2015 12:00:00 AM,5/17/2015 12:00:00 AM,32790,15969,16821
5/12/2015 12:00:00 AM,5/18/2015 12:00:00 AM,32854,17022,15832
5/12/2015 12:00:00 AM,5/19/2015 12:00:00 AM,29365,13007,16358
5/12/2015 12:00:00 AM,5/20/2015 12:00:00 AM,27782,12590,15192
5/12/2015 12:00:00 AM,5/21/2015 12:00:00 AM,25997,11779,14218
5/12/2015 12:00:00 AM,5/22/2015 12:00:00 AM,25355,11957,13398
5/12/2015 12:00:00 AM,5/23/2015 12:00:00 AM,26178,13455,12723
5/12/2015 12:00:00 AM,5/24/2015 12:00:00 AM,24061,12053,12008
5/12/2015 12:00:00 AM,5/25/2015 12:00:00 AM,21596,10659,10937
5/12/2015 12:00:00 AM,5/26/2015 12:00:00 AM,18594,7941,10653
5/12/2015 12:00:00 AM,5/27/2015 12:00:00 AM,17458,7277,10181
5/12/2015 12:00:00 AM,5/28/2015 12:00:00 AM,18750,8569,10181
5/12/2015 12:00:00 AM,5/29/2015 12:00:00 AM,15833,6487,9346
5/12/2015 12:00:00 AM,5/30/2015 12:00:00 AM,16443,7018,9425
5/12/2015 12:00:00 AM,5/31/2015 12:00:00 AM,13521,6097,7424
5/12/2015 12:00:00 AM,6/1/2015 12:00:00 AM,9704,4349,5355
5/12/2015 12:00:00 AM,6/2/2015 12:00:00 AM,5851,1516,4335
5/12/2015 12:00:00 AM,6/3/2015 12:00:00 AM,6242,2147,4095
5/12/2015 12:00:00 AM,6/4/2015 12:00:00 AM,5129,1458,3671
5/12/2015 12:00:00 AM,6/5/2015 12:00:00 AM,5129,1458,3671
5/12/2015 12:00:00 AM,6/6/2015 12:00:00 AM,3631,1358,2273
5/12/2015 12:00:00 AM,6/7/2015 12:00:00 AM,2774,1358,1416
5/12/2015 12:00:00 AM,6/8/2015 12:00:00 AM,3632,1358,2274
5/12/2015 12:00:00 AM,6/9/2015 12:00:00 AM,2258,773,1485
5/12/2015 12:00:00 AM,6/10/2015 12:00:00 AM,2258,773,1485
5/12/2015 12:00:00 AM,6/11/2015 12:00:00 AM,2231,773,1458
5/12/2015 12:00:00 AM,6/12/2015 12:00:00 AM,2231,773,1458
5/12/2015 12:00:00 AM,6/13/2015 12:00:00 AM,2138,680,1458
5/12/2015 12:00:00 AM,6/14/2015 12:00:00 AM,2195,773,1422
5/12/2015 12:00:00 AM,6/15/2015 12:00:00 AM,159,19,140
5/12/2015 12:00:00 AM,6/16/2015 12:00:00 AM,310,170,140
5/12/2015 12:00:00 AM,6/17/2015 12:00:00 AM,310,170,140
5/12/2015 12:00:00 AM,6/18/2015 12:00:00 AM,159,19,140
5/12/2015 12:00:00 AM,6/19/2015 12:00:00 AM,159,19,140
5/12/2015 12:00:00 AM,6/20/2015 12:00:00 AM,120,19,101
5/12/2015 12:00:00 AM,6/21/2015 12:00:00 AM,120,19,101
5/12/2015 12:00:00 AM,6/22/2015 12:00:00 AM,120,19,101
5/12/2015 12:00:00 AM,6/23/2015 12:00:00 AM,120,19,101
5/12/2015 12:00:00 AM,6/24/2015 12:00:00 AM,120,19,101
5/12/2015 12:00:00 AM,6/25/2015 12:00:00 AM,185,19,166
5/12/2015 12:00:00 AM,6/26/2015 12:00:00 AM,120,19,101
5/12/2015 12:00:00 AM,6/27/2015 12:00:00 AM,72,19,53
5/12/2015 12:00:00 AM,6/28/2015 12:00:00 AM,72,19,53
5/12/2015 12:00:00 AM,6/29/2015 12:00:00 AM,72,19,53
5/12/2015 12:00:00 AM,6/30/2015 12:00:00 AM,72,19,53
5/12/2015 12:00:00 AM,7/1/2015 12:00:00 AM,72,19,53
5/12/2015 12:00:00 AM,7/2/2015 12:00:00 AM,72,19,53
5/12/2015 12:00:00 AM,7/3/2015 12:00:00 AM,72,19,53
5/12/2015 12:00:00 AM,7/4/2015 12:00:00 AM,72,19,53
5/12/2015 12:00:00 AM,7/5/2015 12:00:00 AM,72,19,53
5/12/2015 12:00:00 AM,7/6/2015 12:00:00 AM,72,19,53
5/12/2015 12:00:00 AM,7/7/2015 12:00:00 AM,149,19,130
5/12/2015 12:00:00 AM,7/8/2015 12:00:00 AM,202,19,183
5/12/2015 12:00:00 AM,7/9/2015 12:00:00 AM,137,19,118
5/12/2015 12:00:00 AM,7/10/2015 12:00:00 AM,137,19,118
5/12/2015 12:00:00 AM,7/11/2015 12:00:00 AM,104,19,85
5/12/2015 12:00:00 AM,7/12/2015 12:00:00 AM,104,19,85
5/12/2015 12:00:00 AM,7/13/2015 12:00:00 AM,117,32,85
5/12/2015 12:00:00 AM,7/14/2015 12:00:00 AM,117,32,85
5/12/2015 12:00:00 AM,7/15/2015 12:00:00 AM,117,32,85
5/12/2015 12:00:00 AM,7/16/2015 12:00:00 AM,117,32,85
5/12/2015 12:00:00 AM,7/17/2015 12:00:00 AM,117,32,85
5/12/2015 12:00:00 AM,7/18/2015 12:00:00 AM,117,32,85
5/12/2015 12:00:00 AM,7/19/2015 12:00:00 AM,104,19,85
5/12/2015 12:00:00 AM,7/20/2015 12:00:00 AM,150,32,118
5/12/2015 12:00:00 AM,7/21/2015 12:00:00 AM,150,32,118
5/12/2015 12:00:00 AM,7/22/2015 12:00:00 AM,150,32,118
5/12/2015 12:00:00 AM,7/23/2015 12:00:00 AM,150,32,118
5/12/2015 12:00:00 AM,7/24/2015 12:00:00 AM,150,32,118
5/12/2015 12:00:00 AM,7/25/2015 12:00:00 AM,150,32,118
5/12/2015 12:00:00 AM,7/26/2015 12:00:00 AM,137,19,118
5/12/2015 12:00:00 AM,7/27/2015 12:00:00 AM,215,32,183
5/12/2015 12:00:00 AM,7/28/2015 12:00:00 AM,215,32,183
5/12/2015 12:00:00 AM,7/29/2015 12:00:00 AM,280,32,248
5/12/2015 12:00:00 AM,7/30/2015 12:00:00 AM,215,32,183
5/12/2015 12:00:00 AM,7/31/2015 12:00:00 AM,215,32,183
5/12/2015 12:00:00 AM,8/1/2015 12:00:00 AM,182,32,150
5/12/2015 12:00:00 AM,8/2/2015 12:00:00 AM,169,19,150
5/12/2015 12:00:00 AM,8/3/2015 12:00:00 AM,214,32,182
5/12/2015 12:00:00 AM,8/4/2015 12:00:00 AM,214,32,182
5/12/2015 12:00:00 AM,8/5/2015 12:00:00 AM,214,32,182
5/12/2015 12:00:00 AM,8/6/2015 12:00:00 AM,149,32,117
5/12/2015 12:00:00 AM,8/7/2015 12:00:00 AM,149,32,117
5/12/2015 12:00:00 AM,8/8/2015 12:00:00 AM,149,32,117
5/12/2015 12:00:00 AM,8/9/2015 12:00:00 AM,136,19,117
5/12/2015 12:00:00 AM,8/10/2015 12:00:00 AM,136,19,117
5/12/2015 12:00:00 AM,8/11/2015 12:00:00 AM,136,19,117
5/11/2015 12:00:00 AM,5/12/2015 12:00:00 AM,36813,16997,19816
5/11/2015 12:00:00 AM,5/13/2015 12:00:00 AM,37151,16753,20398
5/11/2015 12:00:00 AM,5/14/2015 12:00:00 AM,35808,16643,19165
5/11/2015 12:00:00 AM,5/15/2015 12:00:00 AM,34455,16492,17963
5/11/2015 12:00:00 AM,5/16/2015 12:00:00 AM,35860,17466,18394
5/11/2015 12:00:00 AM,5/17/2015 12:00:00 AM,32637,15969,16668
5/11/2015 12:00:00 AM,5/18/2015 12:00:00 AM,32854,17022,15832
5/11/2015 12:00:00 AM,5/19/2015 12:00:00 AM,29365,13007,16358
5/11/2015 12:00:00 AM,5/20/2015 12:00:00 AM,27782,12590,15192
5/11/2015 12:00:00 AM,5/21/2015 12:00:00 AM,25997,11779,14218
5/11/2015 12:00:00 AM,5/22/2015 12:00:00 AM,25355,11957,13398
5/11/2015 12:00:00 AM,5/23/2015 12:00:00 AM,26178,13455,12723
5/11/2015 12:00:00 AM,5/24/2015 12:00:00 AM,24061,12053,12008
5/11/2015 12:00:00 AM,5/25/2015 12:00:00 AM,21270,10333,10937
5/11/2015 12:00:00 AM,5/26/2015 12:00:00 AM,18268,7615,10653
5/11/2015 12:00:00 AM,5/27/2015 12:00:00 AM,17132,6951,10181
5/11/2015 12:00:00 AM,5/28/2015 12:00:00 AM,18424,8243,10181
5/11/2015 12:00:00 AM,5/29/2015 12:00:00 AM,15507,6161,9346
5/11/2015 12:00:00 AM,5/30/2015 12:00:00 AM,16443,7018,9425
5/11/2015 12:00:00 AM,5/31/2015 12:00:00 AM,13521,6097,7424
5/11/2015 12:00:00 AM,6/1/2015 12:00:00 AM,9090,4349,4741
5/11/2015 12:00:00 AM,6/2/2015 12:00:00 AM,5237,1516,3721
5/11/2015 12:00:00 AM,6/3/2015 12:00:00 AM,6242,2147,4095
5/11/2015 12:00:00 AM,6/4/2015 12:00:00 AM,5129,1458,3671
5/11/2015 12:00:00 AM,6/5/2015 12:00:00 AM,5129,1458,3671
5/11/2015 12:00:00 AM,6/6/2015 12:00:00 AM,3631,1358,2273
5/11/2015 12:00:00 AM,6/7/2015 12:00:00 AM,2774,1358,1416
5/11/2015 12:00:00 AM,6/8/2015 12:00:00 AM,3632,1358,2274
5/11/2015 12:00:00 AM,6/9/2015 12:00:00 AM,2258,773,1485
5/11/2015 12:00:00 AM,6/10/2015 12:00:00 AM,2258,773,1485
5/11/2015 12:00:00 AM,6/11/2015 12:00:00 AM,2231,773,1458
5/11/2015 12:00:00 AM,6/12/2015 12:00:00 AM,2231,773,1458
5/11/2015 12:00:00 AM,6/13/2015 12:00:00 AM,2138,680,1458
5/11/2015 12:00:00 AM,6/14/2015 12:00:00 AM,2195,773,1422
5/11/2015 12:00:00 AM,6/15/2015 12:00:00 AM,159,19,140
5/11/2015 12:00:00 AM,6/16/2015 12:00:00 AM,310,170,140
5/11/2015 12:00:00 AM,6/17/2015 12:00:00 AM,310,170,140
5/11/2015 12:00:00 AM,6/18/2015 12:00:00 AM,159,19,140
5/11/2015 12:00:00 AM,6/19/2015 12:00:00 AM,159,19,140
5/11/2015 12:00:00 AM,6/20/2015 12:00:00 AM,120,19,101
5/11/2015 12:00:00 AM,6/21/2015 12:00:00 AM,120,19,101
5/11/2015 12:00:00 AM,6/22/2015 12:00:00 AM,120,19,101
5/11/2015 12:00:00 AM,6/23/2015 12:00:00 AM,120,19,101
5/11/2015 12:00:00 AM,6/24/2015 12:00:00 AM,120,19,101
5/11/2015 12:00:00 AM,6/25/2015 12:00:00 AM,185,19,166
5/11/2015 12:00:00 AM,6/26/2015 12:00:00 AM,120,19,101
5/11/2015 12:00:00 AM,6/27/2015 12:00:00 AM,72,19,53
5/11/2015 12:00:00 AM,6/28/2015 12:00:00 AM,72,19,53
5/11/2015 12:00:00 AM,6/29/2015 12:00:00 AM,72,19,53
5/11/2015 12:00:00 AM,6/30/2015 12:00:00 AM,72,19,53
5/11/2015 12:00:00 AM,7/1/2015 12:00:00 AM,72,19,53
5/11/2015 12:00:00 AM,7/2/2015 12:00:00 AM,72,19,53
5/11/2015 12:00:00 AM,7/3/2015 12:00:00 AM,72,19,53
5/11/2015 12:00:00 AM,7/4/2015 12:00:00 AM,72,19,53
5/11/2015 12:00:00 AM,7/5/2015 12:00:00 AM,72,19,53
5/11/2015 12:00:00 AM,7/6/2015 12:00:00 AM,72,19,53
5/11/2015 12:00:00 AM,7/7/2015 12:00:00 AM,149,19,130
5/11/2015 12:00:00 AM,7/8/2015 12:00:00 AM,202,19,183
5/11/2015 12:00:00 AM,7/9/2015 12:00:00 AM,137,19,118
5/11/2015 12:00:00 AM,7/10/2015 12:00:00 AM,137,19,118
5/11/2015 12:00:00 AM,7/11/2015 12:00:00 AM,104,19,85
5/11/2015 12:00:00 AM,7/12/2015 12:00:00 AM,104,19,85
5/11/2015 12:00:00 AM,7/13/2015 12:00:00 AM,117,32,85
5/11/2015 12:00:00 AM,7/14/2015 12:00:00 AM,117,32,85
5/11/2015 12:00:00 AM,7/15/2015 12:00:00 AM,117,32,85
5/11/2015 12:00:00 AM,7/16/2015 12:00:00 AM,117,32,85
5/11/2015 12:00:00 AM,7/17/2015 12:00:00 AM,117,32,85
5/11/2015 12:00:00 AM,7/18/2015 12:00:00 AM,117,32,85
5/11/2015 12:00:00 AM,7/19/2015 12:00:00 AM,104,19,85
5/11/2015 12:00:00 AM,7/20/2015 12:00:00 AM,150,32,118
5/11/2015 12:00:00 AM,7/21/2015 12:00:00 AM,150,32,118
5/11/2015 12:00:00 AM,7/22/2015 12:00:00 AM,150,32,118
5/11/2015 12:00:00 AM,7/23/2015 12:00:00 AM,150,32,118
5/11/2015 12:00:00 AM,7/24/2015 12:00:00 AM,150,32,118
5/11/2015 12:00:00 AM,7/25/2015 12:00:00 AM,150,32,118
5/11/2015 12:00:00 AM,7/26/2015 12:00:00 AM,137,19,118
5/11/2015 12:00:00 AM,7/27/2015 12:00:00 AM,215,32,183
5/11/2015 12:00:00 AM,7/28/2015 12:00:00 AM,215,32,183
5/11/2015 12:00:00 AM,7/29/2015 12:00:00 AM,280,32,248
5/11/2015 12:00:00 AM,7/30/2015 12:00:00 AM,215,32,183
5/11/2015 12:00:00 AM,7/31/2015 12:00:00 AM,215,32,183
5/11/2015 12:00:00 AM,8/1/2015 12:00:00 AM,182,32,150
5/11/2015 12:00:00 AM,8/2/2015 12:00:00 AM,169,19,150
5/11/2015 12:00:00 AM,8/3/2015 12:00:00 AM,214,32,182
5/11/2015 12:00:00 AM,8/4/2015 12:00:00 AM,214,32,182
5/11/2015 12:00:00 AM,8/5/2015 12:00:00 AM,214,32,182
5/11/2015 12:00:00 AM,8/6/2015 12:00:00 AM,149,32,117
5/11/2015 12:00:00 AM,8/7/2015 12:00:00 AM,149,32,117
5/11/2015 12:00:00 AM,8/8/2015 12:00:00 AM,149,32,117
5/11/2015 12:00:00 AM,8/9/2015 12:00:00 AM,136,19,117
5/11/2015 12:00:00 AM,8/10/2015 12:00:00 AM,136,19,117
5/10/2015 12:00:00 AM,5/11/2015 12:00:00 AM,36170,17624,18546
5/10/2015 12:00:00 AM,5/12/2015 12:00:00 AM,36650,16669,19981
5/10/2015 12:00:00 AM,5/13/2015 12:00:00 AM,37463,16900,20563
5/10/2015 12:00:00 AM,5/14/2015 12:00:00 AM,35335,16005,19330
5/10/2015 12:00:00 AM,5/15/2015 12:00:00 AM,33817,15854,17963
5/10/2015 12:00:00 AM,5/16/2015 12:00:00 AM,36025,17466,18559
5/10/2015 12:00:00 AM,5/17/2015 12:00:00 AM,31999,15331,16668
5/10/2015 12:00:00 AM,5/18/2015 12:00:00 AM,32854,17022,15832
5/10/2015 12:00:00 AM,5/19/2015 12:00:00 AM,29365,13007,16358
5/10/2015 12:00:00 AM,5/20/2015 12:00:00 AM,27782,12590,15192
5/10/2015 12:00:00 AM,5/21/2015 12:00:00 AM,25997,11779,14218
5/10/2015 12:00:00 AM,5/22/2015 12:00:00 AM,25355,11957,13398
5/10/2015 12:00:00 AM,5/23/2015 12:00:00 AM,26178,13455,12723
5/10/2015 12:00:00 AM,5/24/2015 12:00:00 AM,24061,12053,12008
5/10/2015 12:00:00 AM,5/25/2015 12:00:00 AM,21270,10333,10937
5/10/2015 12:00:00 AM,5/26/2015 12:00:00 AM,18268,7615,10653
5/10/2015 12:00:00 AM,5/27/2015 12:00:00 AM,17132,6951,10181
5/10/2015 12:00:00 AM,5/28/2015 12:00:00 AM,18424,8243,10181
5/10/2015 12:00:00 AM,5/29/2015 12:00:00 AM,15507,6161,9346
5/10/2015 12:00:00 AM,5/30/2015 12:00:00 AM,16443,7018,9425
5/10/2015 12:00:00 AM,5/31/2015 12:00:00 AM,13521,6097,7424
5/10/2015 12:00:00 AM,6/1/2015 12:00:00 AM,9090,4349,4741
5/10/2015 12:00:00 AM,6/2/2015 12:00:00 AM,5237,1516,3721
5/10/2015 12:00:00 AM,6/3/2015 12:00:00 AM,6242,2147,4095
5/10/2015 12:00:00 AM,6/4/2015 12:00:00 AM,5129,1458,3671
5/10/2015 12:00:00 AM,6/5/2015 12:00:00 AM,5129,1458,3671
5/10/2015 12:00:00 AM,6/6/2015 12:00:00 AM,3631,1358,2273
5/10/2015 12:00:00 AM,6/7/2015 12:00:00 AM,2774,1358,1416
5/10/2015 12:00:00 AM,6/8/2015 12:00:00 AM,3632,1358,2274
5/10/2015 12:00:00 AM,6/9/2015 12:00:00 AM,2258,773,1485
5/10/2015 12:00:00 AM,6/10/2015 12:00:00 AM,2258,773,1485
5/10/2015 12:00:00 AM,6/11/2015 12:00:00 AM,2231,773,1458
5/10/2015 12:00:00 AM,6/12/2015 12:00:00 AM,2231,773,1458
5/10/2015 12:00:00 AM,6/13/2015 12:00:00 AM,2138,680,1458
5/10/2015 12:00:00 AM,6/14/2015 12:00:00 AM,2195,773,1422
5/10/2015 12:00:00 AM,6/15/2015 12:00:00 AM,159,19,140
5/10/2015 12:00:00 AM,6/16/2015 12:00:00 AM,310,170,140
5/10/2015 12:00:00 AM,6/17/2015 12:00:00 AM,310,170,140
5/10/2015 12:00:00 AM,6/18/2015 12:00:00 AM,159,19,140
5/10/2015 12:00:00 AM,6/19/2015 12:00:00 AM,159,19,140
5/10/2015 12:00:00 AM,6/20/2015 12:00:00 AM,120,19,101
5/10/2015 12:00:00 AM,6/21/2015 12:00:00 AM,120,19,101
5/10/2015 12:00:00 AM,6/22/2015 12:00:00 AM,120,19,101
5/10/2015 12:00:00 AM,6/23/2015 12:00:00 AM,120,19,101
5/10/2015 12:00:00 AM,6/24/2015 12:00:00 AM,120,19,101
5/10/2015 12:00:00 AM,6/25/2015 12:00:00 AM,185,19,166
5/10/2015 12:00:00 AM,6/26/2015 12:00:00 AM,120,19,101
5/10/2015 12:00:00 AM,6/27/2015 12:00:00 AM,72,19,53
5/10/2015 12:00:00 AM,6/28/2015 12:00:00 AM,72,19,53
5/10/2015 12:00:00 AM,6/29/2015 12:00:00 AM,72,19,53
5/10/2015 12:00:00 AM,6/30/2015 12:00:00 AM,72,19,53
5/10/2015 12:00:00 AM,7/1/2015 12:00:00 AM,72,19,53
5/10/2015 12:00:00 AM,7/2/2015 12:00:00 AM,72,19,53
5/10/2015 12:00:00 AM,7/3/2015 12:00:00 AM,72,19,53
5/10/2015 12:00:00 AM,7/4/2015 12:00:00 AM,72,19,53
5/10/2015 12:00:00 AM,7/5/2015 12:00:00 AM,72,19,53
5/10/2015 12:00:00 AM,7/6/2015 12:00:00 AM,72,19,53
5/10/2015 12:00:00 AM,7/7/2015 12:00:00 AM,149,19,130
5/10/2015 12:00:00 AM,7/8/2015 12:00:00 AM,202,19,183
5/10/2015 12:00:00 AM,7/9/2015 12:00:00 AM,137,19,118
5/10/2015 12:00:00 AM,7/10/2015 12:00:00 AM,137,19,118
5/10/2015 12:00:00 AM,7/11/2015 12:00:00 AM,104,19,85
5/10/2015 12:00:00 AM,7/12/2015 12:00:00 AM,104,19,85
5/10/2015 12:00:00 AM,7/13/2015 12:00:00 AM,117,32,85
5/10/2015 12:00:00 AM,7/14/2015 12:00:00 AM,117,32,85
5/10/2015 12:00:00 AM,7/15/2015 12:00:00 AM,117,32,85
5/10/2015 12:00:00 AM,7/16/2015 12:00:00 AM,117,32,85
5/10/2015 12:00:00 AM,7/17/2015 12:00:00 AM,117,32,85
5/10/2015 12:00:00 AM,7/18/2015 12:00:00 AM,117,32,85
5/10/2015 12:00:00 AM,7/19/2015 12:00:00 AM,104,19,85
5/10/2015 12:00:00 AM,7/20/2015 12:00:00 AM,150,32,118
5/10/2015 12:00:00 AM,7/21/2015 12:00:00 AM,150,32,118
5/10/2015 12:00:00 AM,7/22/2015 12:00:00 AM,150,32,118
5/10/2015 12:00:00 AM,7/23/2015 12:00:00 AM,150,32,118
5/10/2015 12:00:00 AM,7/24/2015 12:00:00 AM,150,32,118
5/10/2015 12:00:00 AM,7/25/2015 12:00:00 AM,150,32,118
5/10/2015 12:00:00 AM,7/26/2015 12:00:00 AM,137,19,118
5/10/2015 12:00:00 AM,7/27/2015 12:00:00 AM,215,32,183
5/10/2015 12:00:00 AM,7/28/2015 12:00:00 AM,215,32,183
5/10/2015 12:00:00 AM,7/29/2015 12:00:00 AM,280,32,248
5/10/2015 12:00:00 AM,7/30/2015 12:00:00 AM,215,32,183
5/10/2015 12:00:00 AM,7/31/2015 12:00:00 AM,215,32,183
5/10/2015 12:00:00 AM,8/1/2015 12:00:00 AM,182,32,150
5/10/2015 12:00:00 AM,8/2/2015 12:00:00 AM,169,19,150
5/10/2015 12:00:00 AM,8/3/2015 12:00:00 AM,214,32,182
5/10/2015 12:00:00 AM,8/4/2015 12:00:00 AM,214,32,182
5/10/2015 12:00:00 AM,8/5/2015 12:00:00 AM,214,32,182
5/10/2015 12:00:00 AM,8/6/2015 12:00:00 AM,149,32,117
5/10/2015 12:00:00 AM,8/7/2015 12:00:00 AM,149,32,117
5/10/2015 12:00:00 AM,8/8/2015 12:00:00 AM,149,32,117
5/10/2015 12:00:00 AM,8/9/2015 12:00:00 AM,136,19,117
5/9/2015 12:00:00 AM,5/10/2015 12:00:00 AM,38880,18957,19923
5/9/2015 12:00:00 AM,5/11/2015 12:00:00 AM,38296,18513,19783
5/9/2015 12:00:00 AM,5/12/2015 12:00:00 AM,37546,17465,20081
5/9/2015 12:00:00 AM,5/13/2015 12:00:00 AM,37822,17159,20663
5/9/2015 12:00:00 AM,5/14/2015 12:00:00 AM,36619,17189,19430
5/9/2015 12:00:00 AM,5/15/2015 12:00:00 AM,34471,16408,18063
5/9/2015 12:00:00 AM,5/16/2015 12:00:00 AM,36679,18020,18659
5/9/2015 12:00:00 AM,5/17/2015 12:00:00 AM,32653,15885,16768
5/9/2015 12:00:00 AM,5/18/2015 12:00:00 AM,32854,17022,15832
5/9/2015 12:00:00 AM,5/19/2015 12:00:00 AM,29365,13007,16358
5/9/2015 12:00:00 AM,5/20/2015 12:00:00 AM,27782,12590,15192
5/9/2015 12:00:00 AM,5/21/2015 12:00:00 AM,25997,11779,14218
5/9/2015 12:00:00 AM,5/22/2015 12:00:00 AM,25355,11957,13398
5/9/2015 12:00:00 AM,5/23/2015 12:00:00 AM,26178,13455,12723
5/9/2015 12:00:00 AM,5/24/2015 12:00:00 AM,24061,12053,12008
5/9/2015 12:00:00 AM,5/25/2015 12:00:00 AM,21270,10333,10937
5/9/2015 12:00:00 AM,5/26/2015 12:00:00 AM,18268,7615,10653
5/9/2015 12:00:00 AM,5/27/2015 12:00:00 AM,17132,6951,10181
5/9/2015 12:00:00 AM,5/28/2015 12:00:00 AM,18424,8243,10181
5/9/2015 12:00:00 AM,5/29/2015 12:00:00 AM,15507,6161,9346
5/9/2015 12:00:00 AM,5/30/2015 12:00:00 AM,16443,7018,9425
5/9/2015 12:00:00 AM,5/31/2015 12:00:00 AM,13521,6097,7424
5/9/2015 12:00:00 AM,6/1/2015 12:00:00 AM,9090,4349,4741
5/9/2015 12:00:00 AM,6/2/2015 12:00:00 AM,5237,1516,3721
5/9/2015 12:00:00 AM,6/3/2015 12:00:00 AM,6242,2147,4095
5/9/2015 12:00:00 AM,6/4/2015 12:00:00 AM,5129,1458,3671
5/9/2015 12:00:00 AM,6/5/2015 12:00:00 AM,5129,1458,3671
5/9/2015 12:00:00 AM,6/6/2015 12:00:00 AM,3631,1358,2273
5/9/2015 12:00:00 AM,6/7/2015 12:00:00 AM,2774,1358,1416
5/9/2015 12:00:00 AM,6/8/2015 12:00:00 AM,3632,1358,2274
5/9/2015 12:00:00 AM,6/9/2015 12:00:00 AM,2258,773,1485
5/9/2015 12:00:00 AM,6/10/2015 12:00:00 AM,2258,773,1485
5/9/2015 12:00:00 AM,6/11/2015 12:00:00 AM,2231,773,1458
5/9/2015 12:00:00 AM,6/12/2015 12:00:00 AM,2231,773,1458
5/9/2015 12:00:00 AM,6/13/2015 12:00:00 AM,2138,680,1458
5/9/2015 12:00:00 AM,6/14/2015 12:00:00 AM,2195,773,1422
5/9/2015 12:00:00 AM,6/15/2015 12:00:00 AM,159,19,140
5/9/2015 12:00:00 AM,6/16/2015 12:00:00 AM,310,170,140
5/9/2015 12:00:00 AM,6/17/2015 12:00:00 AM,310,170,140
5/9/2015 12:00:00 AM,6/18/2015 12:00:00 AM,159,19,140
5/9/2015 12:00:00 AM,6/19/2015 12:00:00 AM,159,19,140
5/9/2015 12:00:00 AM,6/20/2015 12:00:00 AM,120,19,101
5/9/2015 12:00:00 AM,6/21/2015 12:00:00 AM,120,19,101
5/9/2015 12:00:00 AM,6/22/2015 12:00:00 AM,120,19,101
5/9/2015 12:00:00 AM,6/23/2015 12:00:00 AM,120,19,101
5/9/2015 12:00:00 AM,6/24/2015 12:00:00 AM,120,19,101
5/9/2015 12:00:00 AM,6/25/2015 12:00:00 AM,185,19,166
5/9/2015 12:00:00 AM,6/26/2015 12:00:00 AM,120,19,101
5/9/2015 12:00:00 AM,6/27/2015 12:00:00 AM,72,19,53
5/9/2015 12:00:00 AM,6/28/2015 12:00:00 AM,72,19,53
5/9/2015 12:00:00 AM,6/29/2015 12:00:00 AM,72,19,53
5/9/2015 12:00:00 AM,6/30/2015 12:00:00 AM,72,19,53
5/9/2015 12:00:00 AM,7/1/2015 12:00:00 AM,72,19,53
5/9/2015 12:00:00 AM,7/2/2015 12:00:00 AM,72,19,53
5/9/2015 12:00:00 AM,7/3/2015 12:00:00 AM,72,19,53
5/9/2015 12:00:00 AM,7/4/2015 12:00:00 AM,72,19,53
5/9/2015 12:00:00 AM,7/5/2015 12:00:00 AM,72,19,53
5/9/2015 12:00:00 AM,7/6/2015 12:00:00 AM,72,19,53
5/9/2015 12:00:00 AM,7/7/2015 12:00:00 AM,149,19,130
5/9/2015 12:00:00 AM,7/8/2015 12:00:00 AM,202,19,183
5/9/2015 12:00:00 AM,7/9/2015 12:00:00 AM,137,19,118
5/9/2015 12:00:00 AM,7/10/2015 12:00:00 AM,137,19,118
5/9/2015 12:00:00 AM,7/11/2015 12:00:00 AM,104,19,85
5/9/2015 12:00:00 AM,7/12/2015 12:00:00 AM,104,19,85
5/9/2015 12:00:00 AM,7/13/2015 12:00:00 AM,117,32,85
5/9/2015 12:00:00 AM,7/14/2015 12:00:00 AM,117,32,85
5/9/2015 12:00:00 AM,7/15/2015 12:00:00 AM,117,32,85
5/9/2015 12:00:00 AM,7/16/2015 12:00:00 AM,117,32,85
5/9/2015 12:00:00 AM,7/17/2015 12:00:00 AM,117,32,85
5/9/2015 12:00:00 AM,7/18/2015 12:00:00 AM,117,32,85
5/9/2015 12:00:00 AM,7/19/2015 12:00:00 AM,104,19,85
5/9/2015 12:00:00 AM,7/20/2015 12:00:00 AM,150,32,118
5/9/2015 12:00:00 AM,7/21/2015 12:00:00 AM,150,32,118
5/9/2015 12:00:00 AM,7/22/2015 12:00:00 AM,150,32,118
5/9/2015 12:00:00 AM,7/23/2015 12:00:00 AM,150,32,118
5/9/2015 12:00:00 AM,7/24/2015 12:00:00 AM,150,32,118
5/9/2015 12:00:00 AM,7/25/2015 12:00:00 AM,150,32,118
5/9/2015 12:00:00 AM,7/26/2015 12:00:00 AM,137,19,118
5/9/2015 12:00:00 AM,7/27/2015 12:00:00 AM,215,32,183
5/9/2015 12:00:00 AM,7/28/2015 12:00:00 AM,215,32,183
5/9/2015 12:00:00 AM,7/29/2015 12:00:00 AM,280,32,248
5/9/2015 12:00:00 AM,7/30/2015 12:00:00 AM,215,32,183
5/9/2015 12:00:00 AM,7/31/2015 12:00:00 AM,215,32,183
5/9/2015 12:00:00 AM,8/1/2015 12:00:00 AM,182,32,150
5/9/2015 12:00:00 AM,8/2/2015 12:00:00 AM,169,19,150
5/9/2015 12:00:00 AM,8/3/2015 12:00:00 AM,214,32,182
5/9/2015 12:00:00 AM,8/4/2015 12:00:00 AM,214,32,182
5/9/2015 12:00:00 AM,8/5/2015 12:00:00 AM,214,32,182
5/9/2015 12:00:00 AM,8/6/2015 12:00:00 AM,149,32,117
5/9/2015 12:00:00 AM,8/7/2015 12:00:00 AM,149,32,117
5/9/2015 12:00:00 AM,8/8/2015 12:00:00 AM,149,32,117
5/8/2015 12:00:00 AM,5/9/2015 12:00:00 AM,39786,19123,20663
5/8/2015 12:00:00 AM,5/10/2015 12:00:00 AM,38816,19193,19623
5/8/2015 12:00:00 AM,5/11/2015 12:00:00 AM,39266,18567,20699
5/8/2015 12:00:00 AM,5/12/2015 12:00:00 AM,37312,17519,19793
5/8/2015 12:00:00 AM,5/13/2015 12:00:00 AM,36670,17213,19457
5/8/2015 12:00:00 AM,5/14/2015 12:00:00 AM,36309,16913,19396
5/8/2015 12:00:00 AM,5/15/2015 12:00:00 AM,34161,16132,18029
5/8/2015 12:00:00 AM,5/16/2015 12:00:00 AM,36157,17744,18413
5/8/2015 12:00:00 AM,5/17/2015 12:00:00 AM,32131,15609,16522
5/8/2015 12:00:00 AM,5/18/2015 12:00:00 AM,32369,16654,15715
5/8/2015 12:00:00 AM,5/19/2015 12:00:00 AM,28972,12731,16241
5/8/2015 12:00:00 AM,5/20/2015 12:00:00 AM,27297,12222,15075
5/8/2015 12:00:00 AM,5/21/2015 12:00:00 AM,25422,11503,13919
5/8/2015 12:00:00 AM,5/22/2015 12:00:00 AM,24688,11589,13099
5/8/2015 12:00:00 AM,5/23/2015 12:00:00 AM,25558,13179,12379
5/8/2015 12:00:00 AM,5/24/2015 12:00:00 AM,23441,11777,11664
5/8/2015 12:00:00 AM,5/25/2015 12:00:00 AM,20832,10057,10775
5/8/2015 12:00:00 AM,5/26/2015 12:00:00 AM,17826,7335,10491
5/8/2015 12:00:00 AM,5/27/2015 12:00:00 AM,16690,6671,10019
5/8/2015 12:00:00 AM,5/28/2015 12:00:00 AM,17982,7963,10019
5/8/2015 12:00:00 AM,5/29/2015 12:00:00 AM,15345,6161,9184
5/8/2015 12:00:00 AM,5/30/2015 12:00:00 AM,16281,7018,9263
5/8/2015 12:00:00 AM,5/31/2015 12:00:00 AM,13339,6097,7242
5/8/2015 12:00:00 AM,6/1/2015 12:00:00 AM,9070,4349,4721
5/8/2015 12:00:00 AM,6/2/2015 12:00:00 AM,5217,1516,3701
5/8/2015 12:00:00 AM,6/3/2015 12:00:00 AM,6242,2147,4095
5/8/2015 12:00:00 AM,6/4/2015 12:00:00 AM,5129,1458,3671
5/8/2015 12:00:00 AM,6/5/2015 12:00:00 AM,5129,1458,3671
5/8/2015 12:00:00 AM,6/6/2015 12:00:00 AM,3631,1358,2273
5/8/2015 12:00:00 AM,6/7/2015 12:00:00 AM,2774,1358,1416
5/8/2015 12:00:00 AM,6/8/2015 12:00:00 AM,3632,1358,2274
5/8/2015 12:00:00 AM,6/9/2015 12:00:00 AM,2258,773,1485
5/8/2015 12:00:00 AM,6/10/2015 12:00:00 AM,2258,773,1485
5/8/2015 12:00:00 AM,6/11/2015 12:00:00 AM,2231,773,1458
5/8/2015 12:00:00 AM,6/12/2015 12:00:00 AM,2231,773,1458
5/8/2015 12:00:00 AM,6/13/2015 12:00:00 AM,2138,680,1458
5/8/2015 12:00:00 AM,6/14/2015 12:00:00 AM,2195,773,1422
5/8/2015 12:00:00 AM,6/15/2015 12:00:00 AM,159,19,140
5/8/2015 12:00:00 AM,6/16/2015 12:00:00 AM,310,170,140
5/8/2015 12:00:00 AM,6/17/2015 12:00:00 AM,310,170,140
5/8/2015 12:00:00 AM,6/18/2015 12:00:00 AM,159,19,140
5/8/2015 12:00:00 AM,6/19/2015 12:00:00 AM,159,19,140
5/8/2015 12:00:00 AM,6/20/2015 12:00:00 AM,120,19,101
5/8/2015 12:00:00 AM,6/21/2015 12:00:00 AM,120,19,101
5/8/2015 12:00:00 AM,6/22/2015 12:00:00 AM,120,19,101
5/8/2015 12:00:00 AM,6/23/2015 12:00:00 AM,120,19,101
5/8/2015 12:00:00 AM,6/24/2015 12:00:00 AM,120,19,101
5/8/2015 12:00:00 AM,6/25/2015 12:00:00 AM,185,19,166
5/8/2015 12:00:00 AM,6/26/2015 12:00:00 AM,120,19,101
5/8/2015 12:00:00 AM,6/27/2015 12:00:00 AM,72,19,53
5/8/2015 12:00:00 AM,6/28/2015 12:00:00 AM,72,19,53
5/8/2015 12:00:00 AM,6/29/2015 12:00:00 AM,72,19,53
5/8/2015 12:00:00 AM,6/30/2015 12:00:00 AM,72,19,53
5/8/2015 12:00:00 AM,7/1/2015 12:00:00 AM,72,19,53
5/8/2015 12:00:00 AM,7/2/2015 12:00:00 AM,72,19,53
5/8/2015 12:00:00 AM,7/3/2015 12:00:00 AM,72,19,53
5/8/2015 12:00:00 AM,7/4/2015 12:00:00 AM,72,19,53
5/8/2015 12:00:00 AM,7/5/2015 12:00:00 AM,72,19,53
5/8/2015 12:00:00 AM,7/6/2015 12:00:00 AM,72,19,53
5/8/2015 12:00:00 AM,7/7/2015 12:00:00 AM,149,19,130
5/8/2015 12:00:00 AM,7/8/2015 12:00:00 AM,202,19,183
5/8/2015 12:00:00 AM,7/9/2015 12:00:00 AM,137,19,118
5/8/2015 12:00:00 AM,7/10/2015 12:00:00 AM,137,19,118
5/8/2015 12:00:00 AM,7/11/2015 12:00:00 AM,104,19,85
5/8/2015 12:00:00 AM,7/12/2015 12:00:00 AM,104,19,85
5/8/2015 12:00:00 AM,7/13/2015 12:00:00 AM,117,32,85
5/8/2015 12:00:00 AM,7/14/2015 12:00:00 AM,117,32,85
5/8/2015 12:00:00 AM,7/15/2015 12:00:00 AM,117,32,85
5/8/2015 12:00:00 AM,7/16/2015 12:00:00 AM,117,32,85
5/8/2015 12:00:00 AM,7/17/2015 12:00:00 AM,117,32,85
5/8/2015 12:00:00 AM,7/18/2015 12:00:00 AM,117,32,85
5/8/2015 12:00:00 AM,7/19/2015 12:00:00 AM,104,19,85
5/8/2015 12:00:00 AM,7/20/2015 12:00:00 AM,150,32,118
5/8/2015 12:00:00 AM,7/21/2015 12:00:00 AM,150,32,118
5/8/2015 12:00:00 AM,7/22/2015 12:00:00 AM,150,32,118
5/8/2015 12:00:00 AM,7/23/2015 12:00:00 AM,150,32,118
5/8/2015 12:00:00 AM,7/24/2015 12:00:00 AM,150,32,118
5/8/2015 12:00:00 AM,7/25/2015 12:00:00 AM,150,32,118
5/8/2015 12:00:00 AM,7/26/2015 12:00:00 AM,137,19,118
5/8/2015 12:00:00 AM,7/27/2015 12:00:00 AM,215,32,183
5/8/2015 12:00:00 AM,7/28/2015 12:00:00 AM,215,32,183
5/8/2015 12:00:00 AM,7/29/2015 12:00:00 AM,280,32,248
5/8/2015 12:00:00 AM,7/30/2015 12:00:00 AM,215,32,183
5/8/2015 12:00:00 AM,7/31/2015 12:00:00 AM,215,32,183
5/8/2015 12:00:00 AM,8/1/2015 12:00:00 AM,182,32,150
5/8/2015 12:00:00 AM,8/2/2015 12:00:00 AM,169,19,150
5/8/2015 12:00:00 AM,8/3/2015 12:00:00 AM,214,32,182
5/8/2015 12:00:00 AM,8/4/2015 12:00:00 AM,214,32,182
5/8/2015 12:00:00 AM,8/5/2015 12:00:00 AM,214,32,182
5/8/2015 12:00:00 AM,8/6/2015 12:00:00 AM,149,32,117
5/8/2015 12:00:00 AM,8/7/2015 12:00:00 AM,149,32,117
5/7/2015 12:00:00 AM,5/8/2015 12:00:00 AM,37506,17112,20394
5/7/2015 12:00:00 AM,5/9/2015 12:00:00 AM,39946,19286,20660
5/7/2015 12:00:00 AM,5/10/2015 12:00:00 AM,40006,19344,20662
5/7/2015 12:00:00 AM,5/11/2015 12:00:00 AM,38794,18567,20227
5/7/2015 12:00:00 AM,5/12/2015 12:00:00 AM,37962,17519,20443
5/7/2015 12:00:00 AM,5/13/2015 12:00:00 AM,36670,17213,19457
5/7/2015 12:00:00 AM,5/14/2015 12:00:00 AM,36158,16762,19396
5/7/2015 12:00:00 AM,5/15/2015 12:00:00 AM,34161,16132,18029
5/7/2015 12:00:00 AM,5/16/2015 12:00:00 AM,36157,17744,18413
5/7/2015 12:00:00 AM,5/17/2015 12:00:00 AM,32131,15609,16522
5/7/2015 12:00:00 AM,5/18/2015 12:00:00 AM,32369,16654,15715
5/7/2015 12:00:00 AM,5/19/2015 12:00:00 AM,28322,12731,15591
5/7/2015 12:00:00 AM,5/20/2015 12:00:00 AM,26647,12222,14425
5/7/2015 12:00:00 AM,5/21/2015 12:00:00 AM,25422,11503,13919
5/7/2015 12:00:00 AM,5/22/2015 12:00:00 AM,24688,11589,13099
5/7/2015 12:00:00 AM,5/23/2015 12:00:00 AM,25558,13179,12379
5/7/2015 12:00:00 AM,5/24/2015 12:00:00 AM,23441,11777,11664
5/7/2015 12:00:00 AM,5/25/2015 12:00:00 AM,20832,10057,10775
5/7/2015 12:00:00 AM,5/26/2015 12:00:00 AM,17826,7335,10491
5/7/2015 12:00:00 AM,5/27/2015 12:00:00 AM,16690,6671,10019
5/7/2015 12:00:00 AM,5/28/2015 12:00:00 AM,17982,7963,10019
5/7/2015 12:00:00 AM,5/29/2015 12:00:00 AM,15345,6161,9184
5/7/2015 12:00:00 AM,5/30/2015 12:00:00 AM,16281,7018,9263
5/7/2015 12:00:00 AM,5/31/2015 12:00:00 AM,13339,6097,7242
5/7/2015 12:00:00 AM,6/1/2015 12:00:00 AM,9070,4349,4721
5/7/2015 12:00:00 AM,6/2/2015 12:00:00 AM,5217,1516,3701
5/7/2015 12:00:00 AM,6/3/2015 12:00:00 AM,6242,2147,4095
5/7/2015 12:00:00 AM,6/4/2015 12:00:00 AM,5129,1458,3671
5/7/2015 12:00:00 AM,6/5/2015 12:00:00 AM,5129,1458,3671
5/7/2015 12:00:00 AM,6/6/2015 12:00:00 AM,3631,1358,2273
5/7/2015 12:00:00 AM,6/7/2015 12:00:00 AM,2774,1358,1416
5/7/2015 12:00:00 AM,6/8/2015 12:00:00 AM,3632,1358,2274
5/7/2015 12:00:00 AM,6/9/2015 12:00:00 AM,2258,773,1485
5/7/2015 12:00:00 AM,6/10/2015 12:00:00 AM,2258,773,1485
5/7/2015 12:00:00 AM,6/11/2015 12:00:00 AM,2231,773,1458
5/7/2015 12:00:00 AM,6/12/2015 12:00:00 AM,2231,773,1458
5/7/2015 12:00:00 AM,6/13/2015 12:00:00 AM,2138,680,1458
5/7/2015 12:00:00 AM,6/14/2015 12:00:00 AM,2195,773,1422
5/7/2015 12:00:00 AM,6/15/2015 12:00:00 AM,159,19,140
5/7/2015 12:00:00 AM,6/16/2015 12:00:00 AM,310,170,140
5/7/2015 12:00:00 AM,6/17/2015 12:00:00 AM,310,170,140
5/7/2015 12:00:00 AM,6/18/2015 12:00:00 AM,159,19,140
5/7/2015 12:00:00 AM,6/19/2015 12:00:00 AM,159,19,140
5/7/2015 12:00:00 AM,6/20/2015 12:00:00 AM,120,19,101
5/7/2015 12:00:00 AM,6/21/2015 12:00:00 AM,120,19,101
5/7/2015 12:00:00 AM,6/22/2015 12:00:00 AM,120,19,101
5/7/2015 12:00:00 AM,6/23/2015 12:00:00 AM,120,19,101
5/7/2015 12:00:00 AM,6/24/2015 12:00:00 AM,120,19,101
5/7/2015 12:00:00 AM,6/25/2015 12:00:00 AM,185,19,166
5/7/2015 12:00:00 AM,6/26/2015 12:00:00 AM,120,19,101
5/7/2015 12:00:00 AM,6/27/2015 12:00:00 AM,72,19,53
5/7/2015 12:00:00 AM,6/28/2015 12:00:00 AM,72,19,53
5/7/2015 12:00:00 AM,6/29/2015 12:00:00 AM,72,19,53
5/7/2015 12:00:00 AM,6/30/2015 12:00:00 AM,72,19,53
5/7/2015 12:00:00 AM,7/1/2015 12:00:00 AM,72,19,53
5/7/2015 12:00:00 AM,7/2/2015 12:00:00 AM,72,19,53
5/7/2015 12:00:00 AM,7/3/2015 12:00:00 AM,72,19,53
5/7/2015 12:00:00 AM,7/4/2015 12:00:00 AM,72,19,53
5/7/2015 12:00:00 AM,7/5/2015 12:00:00 AM,72,19,53
5/7/2015 12:00:00 AM,7/6/2015 12:00:00 AM,72,19,53
5/7/2015 12:00:00 AM,7/7/2015 12:00:00 AM,149,19,130
5/7/2015 12:00:00 AM,7/8/2015 12:00:00 AM,202,19,183
5/7/2015 12:00:00 AM,7/9/2015 12:00:00 AM,137,19,118
5/7/2015 12:00:00 AM,7/10/2015 12:00:00 AM,137,19,118
5/7/2015 12:00:00 AM,7/11/2015 12:00:00 AM,104,19,85
5/7/2015 12:00:00 AM,7/12/2015 12:00:00 AM,104,19,85
5/7/2015 12:00:00 AM,7/13/2015 12:00:00 AM,117,32,85
5/7/2015 12:00:00 AM,7/14/2015 12:00:00 AM,117,32,85
5/7/2015 12:00:00 AM,7/15/2015 12:00:00 AM,117,32,85
5/7/2015 12:00:00 AM,7/16/2015 12:00:00 AM,117,32,85
5/7/2015 12:00:00 AM,7/17/2015 12:00:00 AM,117,32,85
5/7/2015 12:00:00 AM,7/18/2015 12:00:00 AM,117,32,85
5/7/2015 12:00:00 AM,7/19/2015 12:00:00 AM,104,19,85
5/7/2015 12:00:00 AM,7/20/2015 12:00:00 AM,150,32,118
5/7/2015 12:00:00 AM,7/21/2015 12:00:00 AM,150,32,118
5/7/2015 12:00:00 AM,7/22/2015 12:00:00 AM,150,32,118
5/7/2015 12:00:00 AM,7/23/2015 12:00:00 AM,150,32,118
5/7/2015 12:00:00 AM,7/24/2015 12:00:00 AM,150,32,118
5/7/2015 12:00:00 AM,7/25/2015 12:00:00 AM,150,32,118
5/7/2015 12:00:00 AM,7/26/2015 12:00:00 AM,137,19,118
5/7/2015 12:00:00 AM,7/27/2015 12:00:00 AM,215,32,183
5/7/2015 12:00:00 AM,7/28/2015 12:00:00 AM,215,32,183
5/7/2015 12:00:00 AM,7/29/2015 12:00:00 AM,280,32,248
5/7/2015 12:00:00 AM,7/30/2015 12:00:00 AM,215,32,183
5/7/2015 12:00:00 AM,7/31/2015 12:00:00 AM,215,32,183
5/7/2015 12:00:00 AM,8/1/2015 12:00:00 AM,182,32,150
5/7/2015 12:00:00 AM,8/2/2015 12:00:00 AM,169,19,150
5/7/2015 12:00:00 AM,8/3/2015 12:00:00 AM,214,32,182
5/7/2015 12:00:00 AM,8/4/2015 12:00:00 AM,214,32,182
5/7/2015 12:00:00 AM,8/5/2015 12:00:00 AM,214,32,182
5/7/2015 12:00:00 AM,8/6/2015 12:00:00 AM,149,32,117
5/6/2015 12:00:00 AM,5/7/2015 12:00:00 AM,37604,16707,20897
5/6/2015 12:00:00 AM,5/8/2015 12:00:00 AM,38328,17112,21216
5/6/2015 12:00:00 AM,5/9/2015 12:00:00 AM,40357,19286,21071
5/6/2015 12:00:00 AM,5/10/2015 12:00:00 AM,40116,19344,20772
5/6/2015 12:00:00 AM,5/11/2015 12:00:00 AM,38911,18404,20507
5/6/2015 12:00:00 AM,5/12/2015 12:00:00 AM,37429,17356,20073
5/6/2015 12:00:00 AM,5/13/2015 12:00:00 AM,36137,17050,19087
5/6/2015 12:00:00 AM,5/14/2015 12:00:00 AM,35788,16762,19026
5/6/2015 12:00:00 AM,5/15/2015 12:00:00 AM,33791,16132,17659
5/6/2015 12:00:00 AM,5/16/2015 12:00:00 AM,36037,17344,18693
5/6/2015 12:00:00 AM,5/17/2015 12:00:00 AM,31926,15209,16717
5/6/2015 12:00:00 AM,5/18/2015 12:00:00 AM,32115,16254,15861
5/6/2015 12:00:00 AM,5/19/2015 12:00:00 AM,28117,12331,15786
5/6/2015 12:00:00 AM,5/20/2015 12:00:00 AM,26393,11822,14571
5/6/2015 12:00:00 AM,5/21/2015 12:00:00 AM,25168,11103,14065
5/6/2015 12:00:00 AM,5/22/2015 12:00:00 AM,24434,11189,13245
5/6/2015 12:00:00 AM,5/23/2015 12:00:00 AM,25704,13179,12525
5/6/2015 12:00:00 AM,5/24/2015 12:00:00 AM,23392,11777,11615
5/6/2015 12:00:00 AM,5/25/2015 12:00:00 AM,20783,10057,10726
5/6/2015 12:00:00 AM,5/26/2015 12:00:00 AM,18177,7735,10442
5/6/2015 12:00:00 AM,5/27/2015 12:00:00 AM,17021,7071,9950
5/6/2015 12:00:00 AM,5/28/2015 12:00:00 AM,18313,8363,9950
5/6/2015 12:00:00 AM,5/29/2015 12:00:00 AM,15676,6561,9115
5/6/2015 12:00:00 AM,5/30/2015 12:00:00 AM,17077,7883,9194
5/6/2015 12:00:00 AM,5/31/2015 12:00:00 AM,14155,6962,7193
5/6/2015 12:00:00 AM,6/1/2015 12:00:00 AM,9886,5214,4672
5/6/2015 12:00:00 AM,6/2/2015 12:00:00 AM,5633,1981,3652
5/6/2015 12:00:00 AM,6/3/2015 12:00:00 AM,6658,2612,4046
5/6/2015 12:00:00 AM,6/4/2015 12:00:00 AM,5545,1923,3622
5/6/2015 12:00:00 AM,6/5/2015 12:00:00 AM,5545,1923,3622
5/6/2015 12:00:00 AM,6/6/2015 12:00:00 AM,4047,1823,2224
5/6/2015 12:00:00 AM,6/7/2015 12:00:00 AM,3190,1823,1367
5/6/2015 12:00:00 AM,6/8/2015 12:00:00 AM,4048,1823,2225
5/6/2015 12:00:00 AM,6/9/2015 12:00:00 AM,2674,1238,1436
5/6/2015 12:00:00 AM,6/10/2015 12:00:00 AM,2674,1238,1436
5/6/2015 12:00:00 AM,6/11/2015 12:00:00 AM,2647,1238,1409
5/6/2015 12:00:00 AM,6/12/2015 12:00:00 AM,2647,1238,1409
5/6/2015 12:00:00 AM,6/13/2015 12:00:00 AM,2554,1145,1409
5/6/2015 12:00:00 AM,6/14/2015 12:00:00 AM,2611,1238,1373
5/6/2015 12:00:00 AM,6/15/2015 12:00:00 AM,159,19,140
5/6/2015 12:00:00 AM,6/16/2015 12:00:00 AM,310,170,140
5/6/2015 12:00:00 AM,6/17/2015 12:00:00 AM,310,170,140
5/6/2015 12:00:00 AM,6/18/2015 12:00:00 AM,159,19,140
5/6/2015 12:00:00 AM,6/19/2015 12:00:00 AM,159,19,140
5/6/2015 12:00:00 AM,6/20/2015 12:00:00 AM,120,19,101
5/6/2015 12:00:00 AM,6/21/2015 12:00:00 AM,120,19,101
5/6/2015 12:00:00 AM,6/22/2015 12:00:00 AM,120,19,101
5/6/2015 12:00:00 AM,6/23/2015 12:00:00 AM,120,19,101
5/6/2015 12:00:00 AM,6/24/2015 12:00:00 AM,120,19,101
5/6/2015 12:00:00 AM,6/25/2015 12:00:00 AM,185,19,166
5/6/2015 12:00:00 AM,6/26/2015 12:00:00 AM,120,19,101
5/6/2015 12:00:00 AM,6/27/2015 12:00:00 AM,72,19,53
5/6/2015 12:00:00 AM,6/28/2015 12:00:00 AM,72,19,53
5/6/2015 12:00:00 AM,6/29/2015 12:00:00 AM,72,19,53
5/6/2015 12:00:00 AM,6/30/2015 12:00:00 AM,72,19,53
5/6/2015 12:00:00 AM,7/1/2015 12:00:00 AM,72,19,53
5/6/2015 12:00:00 AM,7/2/2015 12:00:00 AM,72,19,53
5/6/2015 12:00:00 AM,7/3/2015 12:00:00 AM,72,19,53
5/6/2015 12:00:00 AM,7/4/2015 12:00:00 AM,72,19,53
5/6/2015 12:00:00 AM,7/5/2015 12:00:00 AM,72,19,53
5/6/2015 12:00:00 AM,7/6/2015 12:00:00 AM,72,19,53
5/6/2015 12:00:00 AM,7/7/2015 12:00:00 AM,149,19,130
5/6/2015 12:00:00 AM,7/8/2015 12:00:00 AM,202,19,183
5/6/2015 12:00:00 AM,7/9/2015 12:00:00 AM,137,19,118
5/6/2015 12:00:00 AM,7/10/2015 12:00:00 AM,137,19,118
5/6/2015 12:00:00 AM,7/11/2015 12:00:00 AM,104,19,85
5/6/2015 12:00:00 AM,7/12/2015 12:00:00 AM,104,19,85
5/6/2015 12:00:00 AM,7/13/2015 12:00:00 AM,117,32,85
5/6/2015 12:00:00 AM,7/14/2015 12:00:00 AM,117,32,85
5/6/2015 12:00:00 AM,7/15/2015 12:00:00 AM,117,32,85
5/6/2015 12:00:00 AM,7/16/2015 12:00:00 AM,117,32,85
5/6/2015 12:00:00 AM,7/17/2015 12:00:00 AM,117,32,85
5/6/2015 12:00:00 AM,7/18/2015 12:00:00 AM,117,32,85
5/6/2015 12:00:00 AM,7/19/2015 12:00:00 AM,104,19,85
5/6/2015 12:00:00 AM,7/20/2015 12:00:00 AM,150,32,118
5/6/2015 12:00:00 AM,7/21/2015 12:00:00 AM,150,32,118
5/6/2015 12:00:00 AM,7/22/2015 12:00:00 AM,150,32,118
5/6/2015 12:00:00 AM,7/23/2015 12:00:00 AM,150,32,118
5/6/2015 12:00:00 AM,7/24/2015 12:00:00 AM,150,32,118
5/6/2015 12:00:00 AM,7/25/2015 12:00:00 AM,150,32,118
5/6/2015 12:00:00 AM,7/26/2015 12:00:00 AM,137,19,118
5/6/2015 12:00:00 AM,7/27/2015 12:00:00 AM,215,32,183
5/6/2015 12:00:00 AM,7/28/2015 12:00:00 AM,215,32,183
5/6/2015 12:00:00 AM,7/29/2015 12:00:00 AM,280,32,248
5/6/2015 12:00:00 AM,7/30/2015 12:00:00 AM,215,32,183
5/6/2015 12:00:00 AM,7/31/2015 12:00:00 AM,215,32,183
5/6/2015 12:00:00 AM,8/1/2015 12:00:00 AM,182,32,150
5/6/2015 12:00:00 AM,8/2/2015 12:00:00 AM,169,19,150
5/6/2015 12:00:00 AM,8/3/2015 12:00:00 AM,214,32,182
5/6/2015 12:00:00 AM,8/4/2015 12:00:00 AM,214,32,182
5/6/2015 12:00:00 AM,8/5/2015 12:00:00 AM,214,32,182
5/5/2015 12:00:00 AM,5/6/2015 12:00:00 AM,38300,16786,21514
5/5/2015 12:00:00 AM,5/7/2015 12:00:00 AM,37604,16707,20897
5/5/2015 12:00:00 AM,5/8/2015 12:00:00 AM,37658,17112,20546
5/5/2015 12:00:00 AM,5/9/2015 12:00:00 AM,39892,18821,21071
5/5/2015 12:00:00 AM,5/10/2015 12:00:00 AM,37859,18879,18980
5/5/2015 12:00:00 AM,5/11/2015 12:00:00 AM,37861,17939,19922
5/5/2015 12:00:00 AM,5/12/2015 12:00:00 AM,36379,16891,19488
5/5/2015 12:00:00 AM,5/13/2015 12:00:00 AM,35002,16585,18417
5/5/2015 12:00:00 AM,5/14/2015 12:00:00 AM,34738,16297,18441
5/5/2015 12:00:00 AM,5/15/2015 12:00:00 AM,32656,15667,16989
5/5/2015 12:00:00 AM,5/16/2015 12:00:00 AM,34902,16879,18023
5/5/2015 12:00:00 AM,5/17/2015 12:00:00 AM,31461,14744,16717
5/5/2015 12:00:00 AM,5/18/2015 12:00:00 AM,31650,15789,15861
5/5/2015 12:00:00 AM,5/19/2015 12:00:00 AM,27652,11866,15786
5/5/2015 12:00:00 AM,5/20/2015 12:00:00 AM,25928,11357,14571
5/5/2015 12:00:00 AM,5/21/2015 12:00:00 AM,24703,10638,14065
5/5/2015 12:00:00 AM,5/22/2015 12:00:00 AM,23969,10724,13245
5/5/2015 12:00:00 AM,5/23/2015 12:00:00 AM,25239,12714,12525
5/5/2015 12:00:00 AM,5/24/2015 12:00:00 AM,22927,11312,11615
5/5/2015 12:00:00 AM,5/25/2015 12:00:00 AM,20318,9592,10726
5/5/2015 12:00:00 AM,5/26/2015 12:00:00 AM,17712,7270,10442
5/5/2015 12:00:00 AM,5/27/2015 12:00:00 AM,16556,6606,9950
5/5/2015 12:00:00 AM,5/28/2015 12:00:00 AM,17793,7898,9895
5/5/2015 12:00:00 AM,5/29/2015 12:00:00 AM,15211,6096,9115
5/5/2015 12:00:00 AM,5/30/2015 12:00:00 AM,16612,7418,9194
5/5/2015 12:00:00 AM,5/31/2015 12:00:00 AM,13690,6497,7193
5/5/2015 12:00:00 AM,6/1/2015 12:00:00 AM,9421,4749,4672
5/5/2015 12:00:00 AM,6/2/2015 12:00:00 AM,5168,1516,3652
5/5/2015 12:00:00 AM,6/3/2015 12:00:00 AM,6193,2147,4046
5/5/2015 12:00:00 AM,6/4/2015 12:00:00 AM,5080,1458,3622
5/5/2015 12:00:00 AM,6/5/2015 12:00:00 AM,5080,1458,3622
5/5/2015 12:00:00 AM,6/6/2015 12:00:00 AM,3582,1358,2224
5/5/2015 12:00:00 AM,6/7/2015 12:00:00 AM,2725,1358,1367
5/5/2015 12:00:00 AM,6/8/2015 12:00:00 AM,3550,1358,2192
5/5/2015 12:00:00 AM,6/9/2015 12:00:00 AM,2176,773,1403
5/5/2015 12:00:00 AM,6/10/2015 12:00:00 AM,2176,773,1403
5/5/2015 12:00:00 AM,6/11/2015 12:00:00 AM,2149,773,1376
5/5/2015 12:00:00 AM,6/12/2015 12:00:00 AM,2149,773,1376
5/5/2015 12:00:00 AM,6/13/2015 12:00:00 AM,2056,680,1376
5/5/2015 12:00:00 AM,6/14/2015 12:00:00 AM,2113,773,1340
5/5/2015 12:00:00 AM,6/15/2015 12:00:00 AM,126,19,107
5/5/2015 12:00:00 AM,6/16/2015 12:00:00 AM,277,170,107
5/5/2015 12:00:00 AM,6/17/2015 12:00:00 AM,277,170,107
5/5/2015 12:00:00 AM,6/18/2015 12:00:00 AM,126,19,107
5/5/2015 12:00:00 AM,6/19/2015 12:00:00 AM,126,19,107
5/5/2015 12:00:00 AM,6/20/2015 12:00:00 AM,87,19,68
5/5/2015 12:00:00 AM,6/21/2015 12:00:00 AM,87,19,68
5/5/2015 12:00:00 AM,6/22/2015 12:00:00 AM,87,19,68
5/5/2015 12:00:00 AM,6/23/2015 12:00:00 AM,87,19,68
5/5/2015 12:00:00 AM,6/24/2015 12:00:00 AM,87,19,68
5/5/2015 12:00:00 AM,6/25/2015 12:00:00 AM,152,19,133
5/5/2015 12:00:00 AM,6/26/2015 12:00:00 AM,87,19,68
5/5/2015 12:00:00 AM,6/27/2015 12:00:00 AM,39,19,20
5/5/2015 12:00:00 AM,6/28/2015 12:00:00 AM,39,19,20
5/5/2015 12:00:00 AM,6/29/2015 12:00:00 AM,39,19,20
5/5/2015 12:00:00 AM,6/30/2015 12:00:00 AM,39,19,20
5/5/2015 12:00:00 AM,7/1/2015 12:00:00 AM,39,19,20
5/5/2015 12:00:00 AM,7/2/2015 12:00:00 AM,39,19,20
5/5/2015 12:00:00 AM,7/3/2015 12:00:00 AM,39,19,20
5/5/2015 12:00:00 AM,7/4/2015 12:00:00 AM,39,19,20
5/5/2015 12:00:00 AM,7/5/2015 12:00:00 AM,39,19,20
5/5/2015 12:00:00 AM,7/6/2015 12:00:00 AM,39,19,20
5/5/2015 12:00:00 AM,7/7/2015 12:00:00 AM,116,19,97
5/5/2015 12:00:00 AM,7/8/2015 12:00:00 AM,169,19,150
5/5/2015 12:00:00 AM,7/9/2015 12:00:00 AM,104,19,85
5/5/2015 12:00:00 AM,7/10/2015 12:00:00 AM,104,19,85
5/5/2015 12:00:00 AM,7/11/2015 12:00:00 AM,104,19,85
5/5/2015 12:00:00 AM,7/12/2015 12:00:00 AM,104,19,85
5/5/2015 12:00:00 AM,7/13/2015 12:00:00 AM,117,32,85
5/5/2015 12:00:00 AM,7/14/2015 12:00:00 AM,117,32,85
5/5/2015 12:00:00 AM,7/15/2015 12:00:00 AM,117,32,85
5/5/2015 12:00:00 AM,7/16/2015 12:00:00 AM,117,32,85
5/5/2015 12:00:00 AM,7/17/2015 12:00:00 AM,117,32,85
5/5/2015 12:00:00 AM,7/18/2015 12:00:00 AM,117,32,85
5/5/2015 12:00:00 AM,7/19/2015 12:00:00 AM,104,19,85
5/5/2015 12:00:00 AM,7/20/2015 12:00:00 AM,117,32,85
5/5/2015 12:00:00 AM,7/21/2015 12:00:00 AM,117,32,85
5/5/2015 12:00:00 AM,7/22/2015 12:00:00 AM,117,32,85
5/5/2015 12:00:00 AM,7/23/2015 12:00:00 AM,117,32,85
5/5/2015 12:00:00 AM,7/24/2015 12:00:00 AM,117,32,85
5/5/2015 12:00:00 AM,7/25/2015 12:00:00 AM,117,32,85
5/5/2015 12:00:00 AM,7/26/2015 12:00:00 AM,104,19,85
5/5/2015 12:00:00 AM,7/27/2015 12:00:00 AM,182,32,150
5/5/2015 12:00:00 AM,7/28/2015 12:00:00 AM,182,32,150
5/5/2015 12:00:00 AM,7/29/2015 12:00:00 AM,247,32,215
5/5/2015 12:00:00 AM,7/30/2015 12:00:00 AM,182,32,150
5/5/2015 12:00:00 AM,7/31/2015 12:00:00 AM,182,32,150
5/5/2015 12:00:00 AM,8/1/2015 12:00:00 AM,182,32,150
5/5/2015 12:00:00 AM,8/2/2015 12:00:00 AM,169,19,150
5/5/2015 12:00:00 AM,8/3/2015 12:00:00 AM,214,32,182
5/5/2015 12:00:00 AM,8/4/2015 12:00:00 AM,214,32,182
5/4/2015 12:00:00 AM,5/5/2015 12:00:00 AM,41415,17885,23530
5/4/2015 12:00:00 AM,5/6/2015 12:00:00 AM,39164,16786,22378
5/4/2015 12:00:00 AM,5/7/2015 12:00:00 AM,38429,16707,21722
5/4/2015 12:00:00 AM,5/8/2015 12:00:00 AM,38573,17112,21461
5/4/2015 12:00:00 AM,5/9/2015 12:00:00 AM,40411,18767,21644
5/4/2015 12:00:00 AM,5/10/2015 12:00:00 AM,38429,18825,19604
5/4/2015 12:00:00 AM,5/11/2015 12:00:00 AM,38261,17885,20376
5/4/2015 12:00:00 AM,5/12/2015 12:00:00 AM,36136,16837,19299
5/4/2015 12:00:00 AM,5/13/2015 12:00:00 AM,34759,16531,18228
5/4/2015 12:00:00 AM,5/14/2015 12:00:00 AM,34495,16243,18252
5/4/2015 12:00:00 AM,5/15/2015 12:00:00 AM,32517,15613,16904
5/4/2015 12:00:00 AM,5/16/2015 12:00:00 AM,34659,16825,17834
5/4/2015 12:00:00 AM,5/17/2015 12:00:00 AM,31322,14690,16632
5/4/2015 12:00:00 AM,5/18/2015 12:00:00 AM,31329,15735,15594
5/4/2015 12:00:00 AM,5/19/2015 12:00:00 AM,27247,11866,15381
5/4/2015 12:00:00 AM,5/20/2015 12:00:00 AM,25608,11357,14251
5/4/2015 12:00:00 AM,5/21/2015 12:00:00 AM,24480,10638,13842
5/4/2015 12:00:00 AM,5/22/2015 12:00:00 AM,23831,10724,13107
5/4/2015 12:00:00 AM,5/23/2015 12:00:00 AM,24950,12563,12387
5/4/2015 12:00:00 AM,5/24/2015 12:00:00 AM,22447,11161,11286
5/4/2015 12:00:00 AM,5/25/2015 12:00:00 AM,19838,9441,10397
5/4/2015 12:00:00 AM,5/26/2015 12:00:00 AM,17232,7119,10113
5/4/2015 12:00:00 AM,5/27/2015 12:00:00 AM,16227,6606,9621
5/4/2015 12:00:00 AM,5/28/2015 12:00:00 AM,17313,7747,9566
5/4/2015 12:00:00 AM,5/29/2015 12:00:00 AM,14882,6096,8786
5/4/2015 12:00:00 AM,5/30/2015 12:00:00 AM,16612,7418,9194
5/4/2015 12:00:00 AM,5/31/2015 12:00:00 AM,13690,6497,7193
5/4/2015 12:00:00 AM,6/1/2015 12:00:00 AM,9421,4749,4672
5/4/2015 12:00:00 AM,6/2/2015 12:00:00 AM,5168,1516,3652
5/4/2015 12:00:00 AM,6/3/2015 12:00:00 AM,5955,1909,4046
5/4/2015 12:00:00 AM,6/4/2015 12:00:00 AM,5080,1458,3622
5/4/2015 12:00:00 AM,6/5/2015 12:00:00 AM,5080,1458,3622
5/4/2015 12:00:00 AM,6/6/2015 12:00:00 AM,3582,1358,2224
5/4/2015 12:00:00 AM,6/7/2015 12:00:00 AM,2725,1358,1367
5/4/2015 12:00:00 AM,6/8/2015 12:00:00 AM,3550,1358,2192
5/4/2015 12:00:00 AM,6/9/2015 12:00:00 AM,2176,773,1403
5/4/2015 12:00:00 AM,6/10/2015 12:00:00 AM,2176,773,1403
5/4/2015 12:00:00 AM,6/11/2015 12:00:00 AM,2149,773,1376
5/4/2015 12:00:00 AM,6/12/2015 12:00:00 AM,2149,773,1376
5/4/2015 12:00:00 AM,6/13/2015 12:00:00 AM,2056,680,1376
5/4/2015 12:00:00 AM,6/14/2015 12:00:00 AM,2113,773,1340
5/4/2015 12:00:00 AM,6/15/2015 12:00:00 AM,126,19,107
5/4/2015 12:00:00 AM,6/16/2015 12:00:00 AM,277,170,107
5/4/2015 12:00:00 AM,6/17/2015 12:00:00 AM,277,170,107
5/4/2015 12:00:00 AM,6/18/2015 12:00:00 AM,126,19,107
5/4/2015 12:00:00 AM,6/19/2015 12:00:00 AM,126,19,107
5/4/2015 12:00:00 AM,6/20/2015 12:00:00 AM,87,19,68
5/4/2015 12:00:00 AM,6/21/2015 12:00:00 AM,87,19,68
5/4/2015 12:00:00 AM,6/22/2015 12:00:00 AM,87,19,68
5/4/2015 12:00:00 AM,6/23/2015 12:00:00 AM,87,19,68
5/4/2015 12:00:00 AM,6/24/2015 12:00:00 AM,87,19,68
5/4/2015 12:00:00 AM,6/25/2015 12:00:00 AM,152,19,133
5/4/2015 12:00:00 AM,6/26/2015 12:00:00 AM,87,19,68
5/4/2015 12:00:00 AM,6/27/2015 12:00:00 AM,39,19,20
5/4/2015 12:00:00 AM,6/28/2015 12:00:00 AM,39,19,20
5/4/2015 12:00:00 AM,6/29/2015 12:00:00 AM,39,19,20
5/4/2015 12:00:00 AM,6/30/2015 12:00:00 AM,39,19,20
5/4/2015 12:00:00 AM,7/1/2015 12:00:00 AM,39,19,20
5/4/2015 12:00:00 AM,7/2/2015 12:00:00 AM,39,19,20
5/4/2015 12:00:00 AM,7/3/2015 12:00:00 AM,39,19,20
5/4/2015 12:00:00 AM,7/4/2015 12:00:00 AM,39,19,20
5/4/2015 12:00:00 AM,7/5/2015 12:00:00 AM,39,19,20
5/4/2015 12:00:00 AM,7/6/2015 12:00:00 AM,39,19,20
5/4/2015 12:00:00 AM,7/7/2015 12:00:00 AM,116,19,97
5/4/2015 12:00:00 AM,7/8/2015 12:00:00 AM,169,19,150
5/4/2015 12:00:00 AM,7/9/2015 12:00:00 AM,104,19,85
5/4/2015 12:00:00 AM,7/10/2015 12:00:00 AM,104,19,85
5/4/2015 12:00:00 AM,7/11/2015 12:00:00 AM,104,19,85
5/4/2015 12:00:00 AM,7/12/2015 12:00:00 AM,104,19,85
5/4/2015 12:00:00 AM,7/13/2015 12:00:00 AM,117,32,85
5/4/2015 12:00:00 AM,7/14/2015 12:00:00 AM,117,32,85
5/4/2015 12:00:00 AM,7/15/2015 12:00:00 AM,117,32,85
5/4/2015 12:00:00 AM,7/16/2015 12:00:00 AM,117,32,85
5/4/2015 12:00:00 AM,7/17/2015 12:00:00 AM,117,32,85
5/4/2015 12:00:00 AM,7/18/2015 12:00:00 AM,117,32,85
5/4/2015 12:00:00 AM,7/19/2015 12:00:00 AM,104,19,85
5/4/2015 12:00:00 AM,7/20/2015 12:00:00 AM,117,32,85
5/4/2015 12:00:00 AM,7/21/2015 12:00:00 AM,117,32,85
5/4/2015 12:00:00 AM,7/22/2015 12:00:00 AM,117,32,85
5/4/2015 12:00:00 AM,7/23/2015 12:00:00 AM,117,32,85
5/4/2015 12:00:00 AM,7/24/2015 12:00:00 AM,117,32,85
5/4/2015 12:00:00 AM,7/25/2015 12:00:00 AM,117,32,85
5/4/2015 12:00:00 AM,7/26/2015 12:00:00 AM,104,19,85
5/4/2015 12:00:00 AM,7/27/2015 12:00:00 AM,182,32,150
5/4/2015 12:00:00 AM,7/28/2015 12:00:00 AM,182,32,150
5/4/2015 12:00:00 AM,7/29/2015 12:00:00 AM,247,32,215
5/4/2015 12:00:00 AM,7/30/2015 12:00:00 AM,182,32,150
5/4/2015 12:00:00 AM,7/31/2015 12:00:00 AM,182,32,150
5/4/2015 12:00:00 AM,8/1/2015 12:00:00 AM,182,32,150
5/4/2015 12:00:00 AM,8/2/2015 12:00:00 AM,169,19,150
5/4/2015 12:00:00 AM,8/3/2015 12:00:00 AM,214,32,182
5/3/2015 12:00:00 AM,5/4/2015 12:00:00 AM,41715,17501,24214
5/3/2015 12:00:00 AM,5/5/2015 12:00:00 AM,41477,17320,24157
5/3/2015 12:00:00 AM,5/6/2015 12:00:00 AM,39791,16786,23005
5/3/2015 12:00:00 AM,5/7/2015 12:00:00 AM,38429,16707,21722
5/3/2015 12:00:00 AM,5/8/2015 12:00:00 AM,39035,17112,21923
5/3/2015 12:00:00 AM,5/9/2015 12:00:00 AM,40411,18767,21644
5/3/2015 12:00:00 AM,5/10/2015 12:00:00 AM,38429,18825,19604
5/3/2015 12:00:00 AM,5/11/2015 12:00:00 AM,38261,17885,20376
5/3/2015 12:00:00 AM,5/12/2015 12:00:00 AM,36136,16837,19299
5/3/2015 12:00:00 AM,5/13/2015 12:00:00 AM,34759,16531,18228
5/3/2015 12:00:00 AM,5/14/2015 12:00:00 AM,34495,16243,18252
5/3/2015 12:00:00 AM,5/15/2015 12:00:00 AM,32517,15613,16904
5/3/2015 12:00:00 AM,5/16/2015 12:00:00 AM,34659,16825,17834
5/3/2015 12:00:00 AM,5/17/2015 12:00:00 AM,31322,14690,16632
5/3/2015 12:00:00 AM,5/18/2015 12:00:00 AM,31329,15735,15594
5/3/2015 12:00:00 AM,5/19/2015 12:00:00 AM,27247,11866,15381
5/3/2015 12:00:00 AM,5/20/2015 12:00:00 AM,25608,11357,14251
5/3/2015 12:00:00 AM,5/21/2015 12:00:00 AM,24480,10638,13842
5/3/2015 12:00:00 AM,5/22/2015 12:00:00 AM,23831,10724,13107
5/3/2015 12:00:00 AM,5/23/2015 12:00:00 AM,24950,12563,12387
5/3/2015 12:00:00 AM,5/24/2015 12:00:00 AM,22447,11161,11286
5/3/2015 12:00:00 AM,5/25/2015 12:00:00 AM,19838,9441,10397
5/3/2015 12:00:00 AM,5/26/2015 12:00:00 AM,17232,7119,10113
5/3/2015 12:00:00 AM,5/27/2015 12:00:00 AM,16227,6606,9621
5/3/2015 12:00:00 AM,5/28/2015 12:00:00 AM,17313,7747,9566
5/3/2015 12:00:00 AM,5/29/2015 12:00:00 AM,14882,6096,8786
5/3/2015 12:00:00 AM,5/30/2015 12:00:00 AM,16612,7418,9194
5/3/2015 12:00:00 AM,5/31/2015 12:00:00 AM,13690,6497,7193
5/3/2015 12:00:00 AM,6/1/2015 12:00:00 AM,9421,4749,4672
5/3/2015 12:00:00 AM,6/2/2015 12:00:00 AM,5168,1516,3652
5/3/2015 12:00:00 AM,6/3/2015 12:00:00 AM,5955,1909,4046
5/3/2015 12:00:00 AM,6/4/2015 12:00:00 AM,5080,1458,3622
5/3/2015 12:00:00 AM,6/5/2015 12:00:00 AM,5080,1458,3622
5/3/2015 12:00:00 AM,6/6/2015 12:00:00 AM,3582,1358,2224
5/3/2015 12:00:00 AM,6/7/2015 12:00:00 AM,2725,1358,1367
5/3/2015 12:00:00 AM,6/8/2015 12:00:00 AM,3550,1358,2192
5/3/2015 12:00:00 AM,6/9/2015 12:00:00 AM,2176,773,1403
5/3/2015 12:00:00 AM,6/10/2015 12:00:00 AM,2176,773,1403
5/3/2015 12:00:00 AM,6/11/2015 12:00:00 AM,2149,773,1376
5/3/2015 12:00:00 AM,6/12/2015 12:00:00 AM,2149,773,1376
5/3/2015 12:00:00 AM,6/13/2015 12:00:00 AM,2056,680,1376
5/3/2015 12:00:00 AM,6/14/2015 12:00:00 AM,2113,773,1340
5/3/2015 12:00:00 AM,6/15/2015 12:00:00 AM,126,19,107
5/3/2015 12:00:00 AM,6/16/2015 12:00:00 AM,277,170,107
5/3/2015 12:00:00 AM,6/17/2015 12:00:00 AM,277,170,107
5/3/2015 12:00:00 AM,6/18/2015 12:00:00 AM,126,19,107
5/3/2015 12:00:00 AM,6/19/2015 12:00:00 AM,126,19,107
5/3/2015 12:00:00 AM,6/20/2015 12:00:00 AM,87,19,68
5/3/2015 12:00:00 AM,6/21/2015 12:00:00 AM,87,19,68
5/3/2015 12:00:00 AM,6/22/2015 12:00:00 AM,87,19,68
5/3/2015 12:00:00 AM,6/23/2015 12:00:00 AM,87,19,68
5/3/2015 12:00:00 AM,6/24/2015 12:00:00 AM,87,19,68
5/3/2015 12:00:00 AM,6/25/2015 12:00:00 AM,152,19,133
5/3/2015 12:00:00 AM,6/26/2015 12:00:00 AM,87,19,68
5/3/2015 12:00:00 AM,6/27/2015 12:00:00 AM,39,19,20
5/3/2015 12:00:00 AM,6/28/2015 12:00:00 AM,39,19,20
5/3/2015 12:00:00 AM,6/29/2015 12:00:00 AM,39,19,20
5/3/2015 12:00:00 AM,6/30/2015 12:00:00 AM,39,19,20
5/3/2015 12:00:00 AM,7/1/2015 12:00:00 AM,39,19,20
5/3/2015 12:00:00 AM,7/2/2015 12:00:00 AM,39,19,20
5/3/2015 12:00:00 AM,7/3/2015 12:00:00 AM,39,19,20
5/3/2015 12:00:00 AM,7/4/2015 12:00:00 AM,39,19,20
5/3/2015 12:00:00 AM,7/5/2015 12:00:00 AM,39,19,20
5/3/2015 12:00:00 AM,7/6/2015 12:00:00 AM,39,19,20
5/3/2015 12:00:00 AM,7/7/2015 12:00:00 AM,116,19,97
5/3/2015 12:00:00 AM,7/8/2015 12:00:00 AM,169,19,150
5/3/2015 12:00:00 AM,7/9/2015 12:00:00 AM,104,19,85
5/3/2015 12:00:00 AM,7/10/2015 12:00:00 AM,104,19,85
5/3/2015 12:00:00 AM,7/11/2015 12:00:00 AM,104,19,85
5/3/2015 12:00:00 AM,7/12/2015 12:00:00 AM,104,19,85
5/3/2015 12:00:00 AM,7/13/2015 12:00:00 AM,117,32,85
5/3/2015 12:00:00 AM,7/14/2015 12:00:00 AM,117,32,85
5/3/2015 12:00:00 AM,7/15/2015 12:00:00 AM,117,32,85
5/3/2015 12:00:00 AM,7/16/2015 12:00:00 AM,117,32,85
5/3/2015 12:00:00 AM,7/17/2015 12:00:00 AM,117,32,85
5/3/2015 12:00:00 AM,7/18/2015 12:00:00 AM,117,32,85
5/3/2015 12:00:00 AM,7/19/2015 12:00:00 AM,104,19,85
5/3/2015 12:00:00 AM,7/20/2015 12:00:00 AM,117,32,85
5/3/2015 12:00:00 AM,7/21/2015 12:00:00 AM,117,32,85
5/3/2015 12:00:00 AM,7/22/2015 12:00:00 AM,117,32,85
5/3/2015 12:00:00 AM,7/23/2015 12:00:00 AM,117,32,85
5/3/2015 12:00:00 AM,7/24/2015 12:00:00 AM,117,32,85
5/3/2015 12:00:00 AM,7/25/2015 12:00:00 AM,117,32,85
5/3/2015 12:00:00 AM,7/26/2015 12:00:00 AM,104,19,85
5/3/2015 12:00:00 AM,7/27/2015 12:00:00 AM,182,32,150
5/3/2015 12:00:00 AM,7/28/2015 12:00:00 AM,182,32,150
5/3/2015 12:00:00 AM,7/29/2015 12:00:00 AM,247,32,215
5/3/2015 12:00:00 AM,7/30/2015 12:00:00 AM,182,32,150
5/3/2015 12:00:00 AM,7/31/2015 12:00:00 AM,182,32,150
5/3/2015 12:00:00 AM,8/1/2015 12:00:00 AM,182,32,150
5/3/2015 12:00:00 AM,8/2/2015 12:00:00 AM,169,19,150
5/2/2015 12:00:00 AM,5/3/2015 12:00:00 AM,40177,16853,23324
5/2/2015 12:00:00 AM,5/4/2015 12:00:00 AM,41927,17543,24384
5/2/2015 12:00:00 AM,5/5/2015 12:00:00 AM,41647,17320,24327
5/2/2015 12:00:00 AM,5/6/2015 12:00:00 AM,39961,16786,23175
5/2/2015 12:00:00 AM,5/7/2015 12:00:00 AM,38599,16707,21892
5/2/2015 12:00:00 AM,5/8/2015 12:00:00 AM,37998,17112,20886
5/2/2015 12:00:00 AM,5/9/2015 12:00:00 AM,39459,18767,20692
5/2/2015 12:00:00 AM,5/10/2015 12:00:00 AM,38514,18825,19689
5/2/2015 12:00:00 AM,5/11/2015 12:00:00 AM,38346,17885,20461
5/2/2015 12:00:00 AM,5/12/2015 12:00:00 AM,36221,16837,19384
5/2/2015 12:00:00 AM,5/13/2015 12:00:00 AM,34759,16531,18228
5/2/2015 12:00:00 AM,5/14/2015 12:00:00 AM,34580,16243,18337
5/2/2015 12:00:00 AM,5/15/2015 12:00:00 AM,32517,15613,16904
5/2/2015 12:00:00 AM,5/16/2015 12:00:00 AM,34659,16825,17834
5/2/2015 12:00:00 AM,5/17/2015 12:00:00 AM,31322,14690,16632
5/2/2015 12:00:00 AM,5/18/2015 12:00:00 AM,31329,15735,15594
5/2/2015 12:00:00 AM,5/19/2015 12:00:00 AM,27247,11866,15381
5/2/2015 12:00:00 AM,5/20/2015 12:00:00 AM,25608,11357,14251
5/2/2015 12:00:00 AM,5/21/2015 12:00:00 AM,24480,10638,13842
5/2/2015 12:00:00 AM,5/22/2015 12:00:00 AM,23831,10724,13107
5/2/2015 12:00:00 AM,5/23/2015 12:00:00 AM,24950,12563,12387
5/2/2015 12:00:00 AM,5/24/2015 12:00:00 AM,22447,11161,11286
5/2/2015 12:00:00 AM,5/25/2015 12:00:00 AM,19838,9441,10397
5/2/2015 12:00:00 AM,5/26/2015 12:00:00 AM,17232,7119,10113
5/2/2015 12:00:00 AM,5/27/2015 12:00:00 AM,16227,6606,9621
5/2/2015 12:00:00 AM,5/28/2015 12:00:00 AM,17313,7747,9566
5/2/2015 12:00:00 AM,5/29/2015 12:00:00 AM,14882,6096,8786
5/2/2015 12:00:00 AM,5/30/2015 12:00:00 AM,16612,7418,9194
5/2/2015 12:00:00 AM,5/31/2015 12:00:00 AM,13690,6497,7193
5/2/2015 12:00:00 AM,6/1/2015 12:00:00 AM,9421,4749,4672
5/2/2015 12:00:00 AM,6/2/2015 12:00:00 AM,5168,1516,3652
5/2/2015 12:00:00 AM,6/3/2015 12:00:00 AM,5955,1909,4046
5/2/2015 12:00:00 AM,6/4/2015 12:00:00 AM,5080,1458,3622
5/2/2015 12:00:00 AM,6/5/2015 12:00:00 AM,5080,1458,3622
5/2/2015 12:00:00 AM,6/6/2015 12:00:00 AM,3582,1358,2224
5/2/2015 12:00:00 AM,6/7/2015 12:00:00 AM,2725,1358,1367
5/2/2015 12:00:00 AM,6/8/2015 12:00:00 AM,3550,1358,2192
5/2/2015 12:00:00 AM,6/9/2015 12:00:00 AM,2176,773,1403
5/2/2015 12:00:00 AM,6/10/2015 12:00:00 AM,2176,773,1403
5/2/2015 12:00:00 AM,6/11/2015 12:00:00 AM,2149,773,1376
5/2/2015 12:00:00 AM,6/12/2015 12:00:00 AM,2149,773,1376
5/2/2015 12:00:00 AM,6/13/2015 12:00:00 AM,2056,680,1376
5/2/2015 12:00:00 AM,6/14/2015 12:00:00 AM,2113,773,1340
5/2/2015 12:00:00 AM,6/15/2015 12:00:00 AM,126,19,107
5/2/2015 12:00:00 AM,6/16/2015 12:00:00 AM,277,170,107
5/2/2015 12:00:00 AM,6/17/2015 12:00:00 AM,277,170,107
5/2/2015 12:00:00 AM,6/18/2015 12:00:00 AM,126,19,107
5/2/2015 12:00:00 AM,6/19/2015 12:00:00 AM,126,19,107
5/2/2015 12:00:00 AM,6/20/2015 12:00:00 AM,87,19,68
5/2/2015 12:00:00 AM,6/21/2015 12:00:00 AM,87,19,68
5/2/2015 12:00:00 AM,6/22/2015 12:00:00 AM,87,19,68
5/2/2015 12:00:00 AM,6/23/2015 12:00:00 AM,87,19,68
5/2/2015 12:00:00 AM,6/24/2015 12:00:00 AM,87,19,68
5/2/2015 12:00:00 AM,6/25/2015 12:00:00 AM,152,19,133
5/2/2015 12:00:00 AM,6/26/2015 12:00:00 AM,87,19,68
5/2/2015 12:00:00 AM,6/27/2015 12:00:00 AM,39,19,20
5/2/2015 12:00:00 AM,6/28/2015 12:00:00 AM,39,19,20
5/2/2015 12:00:00 AM,6/29/2015 12:00:00 AM,39,19,20
5/2/2015 12:00:00 AM,6/30/2015 12:00:00 AM,39,19,20
5/2/2015 12:00:00 AM,7/1/2015 12:00:00 AM,39,19,20
5/2/2015 12:00:00 AM,7/2/2015 12:00:00 AM,39,19,20
5/2/2015 12:00:00 AM,7/3/2015 12:00:00 AM,39,19,20
5/2/2015 12:00:00 AM,7/4/2015 12:00:00 AM,39,19,20
5/2/2015 12:00:00 AM,7/5/2015 12:00:00 AM,39,19,20
5/2/2015 12:00:00 AM,7/6/2015 12:00:00 AM,39,19,20
5/2/2015 12:00:00 AM,7/7/2015 12:00:00 AM,116,19,97
5/2/2015 12:00:00 AM,7/8/2015 12:00:00 AM,169,19,150
5/2/2015 12:00:00 AM,7/9/2015 12:00:00 AM,104,19,85
5/2/2015 12:00:00 AM,7/10/2015 12:00:00 AM,104,19,85
5/2/2015 12:00:00 AM,7/11/2015 12:00:00 AM,104,19,85
5/2/2015 12:00:00 AM,7/12/2015 12:00:00 AM,104,19,85
5/2/2015 12:00:00 AM,7/13/2015 12:00:00 AM,117,32,85
5/2/2015 12:00:00 AM,7/14/2015 12:00:00 AM,117,32,85
5/2/2015 12:00:00 AM,7/15/2015 12:00:00 AM,117,32,85
5/2/2015 12:00:00 AM,7/16/2015 12:00:00 AM,117,32,85
5/2/2015 12:00:00 AM,7/17/2015 12:00:00 AM,117,32,85
5/2/2015 12:00:00 AM,7/18/2015 12:00:00 AM,117,32,85
5/2/2015 12:00:00 AM,7/19/2015 12:00:00 AM,104,19,85
5/2/2015 12:00:00 AM,7/20/2015 12:00:00 AM,117,32,85
5/2/2015 12:00:00 AM,7/21/2015 12:00:00 AM,117,32,85
5/2/2015 12:00:00 AM,7/22/2015 12:00:00 AM,117,32,85
5/2/2015 12:00:00 AM,7/23/2015 12:00:00 AM,117,32,85
5/2/2015 12:00:00 AM,7/24/2015 12:00:00 AM,117,32,85
5/2/2015 12:00:00 AM,7/25/2015 12:00:00 AM,117,32,85
5/2/2015 12:00:00 AM,7/26/2015 12:00:00 AM,104,19,85
5/2/2015 12:00:00 AM,7/27/2015 12:00:00 AM,182,32,150
5/2/2015 12:00:00 AM,7/28/2015 12:00:00 AM,182,32,150
5/2/2015 12:00:00 AM,7/29/2015 12:00:00 AM,247,32,215
5/2/2015 12:00:00 AM,7/30/2015 12:00:00 AM,182,32,150
5/2/2015 12:00:00 AM,7/31/2015 12:00:00 AM,182,32,150
5/2/2015 12:00:00 AM,8/1/2015 12:00:00 AM,182,32,150
5/1/2015 12:00:00 AM,5/2/2015 12:00:00 AM,40215,17769,22446
5/1/2015 12:00:00 AM,5/3/2015 12:00:00 AM,41066,17722,23344
5/1/2015 12:00:00 AM,5/4/2015 12:00:00 AM,41876,18086,23790
5/1/2015 12:00:00 AM,5/5/2015 12:00:00 AM,41265,16918,24347
5/1/2015 12:00:00 AM,5/6/2015 12:00:00 AM,40292,16902,23390
5/1/2015 12:00:00 AM,5/7/2015 12:00:00 AM,37593,16823,20770
5/1/2015 12:00:00 AM,5/8/2015 12:00:00 AM,38114,17228,20886
5/1/2015 12:00:00 AM,5/9/2015 12:00:00 AM,40234,19542,20692
5/1/2015 12:00:00 AM,5/10/2015 12:00:00 AM,39138,19449,19689
5/1/2015 12:00:00 AM,5/11/2015 12:00:00 AM,39005,18544,20461
5/1/2015 12:00:00 AM,5/12/2015 12:00:00 AM,36729,17345,19384
5/1/2015 12:00:00 AM,5/13/2015 12:00:00 AM,34759,16531,18228
5/1/2015 12:00:00 AM,5/14/2015 12:00:00 AM,35332,16995,18337
5/1/2015 12:00:00 AM,5/15/2015 12:00:00 AM,32517,15613,16904
5/1/2015 12:00:00 AM,5/16/2015 12:00:00 AM,34752,16918,17834
5/1/2015 12:00:00 AM,5/17/2015 12:00:00 AM,31322,14690,16632
5/1/2015 12:00:00 AM,5/18/2015 12:00:00 AM,30809,15735,15074
5/1/2015 12:00:00 AM,5/19/2015 12:00:00 AM,26865,11866,14999
5/1/2015 12:00:00 AM,5/20/2015 12:00:00 AM,25319,11450,13869
5/1/2015 12:00:00 AM,5/21/2015 12:00:00 AM,24191,10731,13460
5/1/2015 12:00:00 AM,5/22/2015 12:00:00 AM,23542,10817,12725
5/1/2015 12:00:00 AM,5/23/2015 12:00:00 AM,24060,12055,12005
5/1/2015 12:00:00 AM,5/24/2015 12:00:00 AM,22163,10897,11266
5/1/2015 12:00:00 AM,5/25/2015 12:00:00 AM,19417,8933,10484
5/1/2015 12:00:00 AM,5/26/2015 12:00:00 AM,16962,6762,10200
5/1/2015 12:00:00 AM,5/27/2015 12:00:00 AM,16334,6606,9728
5/1/2015 12:00:00 AM,5/28/2015 12:00:00 AM,16912,7239,9673
5/1/2015 12:00:00 AM,5/29/2015 12:00:00 AM,14989,6096,8893
5/1/2015 12:00:00 AM,5/30/2015 12:00:00 AM,16719,7418,9301
5/1/2015 12:00:00 AM,5/31/2015 12:00:00 AM,13890,6590,7300
5/1/2015 12:00:00 AM,6/1/2015 12:00:00 AM,9772,4993,4779
5/1/2015 12:00:00 AM,6/2/2015 12:00:00 AM,5124,1365,3759
5/1/2015 12:00:00 AM,6/3/2015 12:00:00 AM,6306,2153,4153
5/1/2015 12:00:00 AM,6/4/2015 12:00:00 AM,5187,1458,3729
5/1/2015 12:00:00 AM,6/5/2015 12:00:00 AM,5187,1458,3729
5/1/2015 12:00:00 AM,6/6/2015 12:00:00 AM,3689,1358,2331
5/1/2015 12:00:00 AM,6/7/2015 12:00:00 AM,2832,1358,1474
5/1/2015 12:00:00 AM,6/8/2015 12:00:00 AM,3657,1358,2299
5/1/2015 12:00:00 AM,6/9/2015 12:00:00 AM,2283,773,1510
5/1/2015 12:00:00 AM,6/10/2015 12:00:00 AM,2283,773,1510
5/1/2015 12:00:00 AM,6/11/2015 12:00:00 AM,2256,773,1483
5/1/2015 12:00:00 AM,6/12/2015 12:00:00 AM,2256,773,1483
5/1/2015 12:00:00 AM,6/13/2015 12:00:00 AM,2163,680,1483
5/1/2015 12:00:00 AM,6/14/2015 12:00:00 AM,2220,773,1447
5/1/2015 12:00:00 AM,6/15/2015 12:00:00 AM,126,19,107
5/1/2015 12:00:00 AM,6/16/2015 12:00:00 AM,126,19,107
5/1/2015 12:00:00 AM,6/17/2015 12:00:00 AM,126,19,107
5/1/2015 12:00:00 AM,6/18/2015 12:00:00 AM,126,19,107
5/1/2015 12:00:00 AM,6/19/2015 12:00:00 AM,126,19,107
5/1/2015 12:00:00 AM,6/20/2015 12:00:00 AM,87,19,68
5/1/2015 12:00:00 AM,6/21/2015 12:00:00 AM,87,19,68
5/1/2015 12:00:00 AM,6/22/2015 12:00:00 AM,87,19,68
5/1/2015 12:00:00 AM,6/23/2015 12:00:00 AM,87,19,68
5/1/2015 12:00:00 AM,6/24/2015 12:00:00 AM,87,19,68
5/1/2015 12:00:00 AM,6/25/2015 12:00:00 AM,152,19,133
5/1/2015 12:00:00 AM,6/26/2015 12:00:00 AM,87,19,68
5/1/2015 12:00:00 AM,6/27/2015 12:00:00 AM,39,19,20
5/1/2015 12:00:00 AM,6/28/2015 12:00:00 AM,39,19,20
5/1/2015 12:00:00 AM,6/29/2015 12:00:00 AM,39,19,20
5/1/2015 12:00:00 AM,6/30/2015 12:00:00 AM,39,19,20
5/1/2015 12:00:00 AM,7/1/2015 12:00:00 AM,39,19,20
5/1/2015 12:00:00 AM,7/2/2015 12:00:00 AM,39,19,20
5/1/2015 12:00:00 AM,7/3/2015 12:00:00 AM,39,19,20
5/1/2015 12:00:00 AM,7/4/2015 12:00:00 AM,39,19,20
5/1/2015 12:00:00 AM,7/5/2015 12:00:00 AM,39,19,20
5/1/2015 12:00:00 AM,7/6/2015 12:00:00 AM,39,19,20
5/1/2015 12:00:00 AM,7/7/2015 12:00:00 AM,116,19,97
5/1/2015 12:00:00 AM,7/8/2015 12:00:00 AM,169,19,150
5/1/2015 12:00:00 AM,7/9/2015 12:00:00 AM,104,19,85
5/1/2015 12:00:00 AM,7/10/2015 12:00:00 AM,104,19,85
5/1/2015 12:00:00 AM,7/11/2015 12:00:00 AM,104,19,85
5/1/2015 12:00:00 AM,7/12/2015 12:00:00 AM,104,19,85
5/1/2015 12:00:00 AM,7/13/2015 12:00:00 AM,117,32,85
5/1/2015 12:00:00 AM,7/14/2015 12:00:00 AM,117,32,85
5/1/2015 12:00:00 AM,7/15/2015 12:00:00 AM,117,32,85
5/1/2015 12:00:00 AM,7/16/2015 12:00:00 AM,117,32,85
5/1/2015 12:00:00 AM,7/17/2015 12:00:00 AM,117,32,85
5/1/2015 12:00:00 AM,7/18/2015 12:00:00 AM,117,32,85
5/1/2015 12:00:00 AM,7/19/2015 12:00:00 AM,104,19,85
5/1/2015 12:00:00 AM,7/20/2015 12:00:00 AM,117,32,85
5/1/2015 12:00:00 AM,7/21/2015 12:00:00 AM,117,32,85
5/1/2015 12:00:00 AM,7/22/2015 12:00:00 AM,117,32,85
5/1/2015 12:00:00 AM,7/23/2015 12:00:00 AM,117,32,85
5/1/2015 12:00:00 AM,7/24/2015 12:00:00 AM,117,32,85
5/1/2015 12:00:00 AM,7/25/2015 12:00:00 AM,117,32,85
5/1/2015 12:00:00 AM,7/26/2015 12:00:00 AM,104,19,85
5/1/2015 12:00:00 AM,7/27/2015 12:00:00 AM,182,32,150
5/1/2015 12:00:00 AM,7/28/2015 12:00:00 AM,182,32,150
5/1/2015 12:00:00 AM,7/29/2015 12:00:00 AM,247,32,215
5/1/2015 12:00:00 AM,7/30/2015 12:00:00 AM,182,32,150
5/1/2015 12:00:00 AM,7/31/2015 12:00:00 AM,182,32,150
4/30/2015 12:00:00 AM,5/1/2015 12:00:00 AM,38059,15431,22628
4/30/2015 12:00:00 AM,5/2/2015 12:00:00 AM,40838,17769,23069
4/30/2015 12:00:00 AM,5/3/2015 12:00:00 AM,42209,17722,24487
4/30/2015 12:00:00 AM,5/4/2015 12:00:00 AM,43038,18270,24768
4/30/2015 12:00:00 AM,5/5/2015 12:00:00 AM,40447,16918,23529
4/30/2015 12:00:00 AM,5/6/2015 12:00:00 AM,40605,16809,23796
4/30/2015 12:00:00 AM,5/7/2015 12:00:00 AM,38062,16823,21239
4/30/2015 12:00:00 AM,5/8/2015 12:00:00 AM,38634,17228,21406
4/30/2015 12:00:00 AM,5/9/2015 12:00:00 AM,38969,19449,19520
4/30/2015 12:00:00 AM,5/10/2015 12:00:00 AM,37966,19449,18517
4/30/2015 12:00:00 AM,5/11/2015 12:00:00 AM,37833,18544,19289
4/30/2015 12:00:00 AM,5/12/2015 12:00:00 AM,35557,17345,18212
4/30/2015 12:00:00 AM,5/13/2015 12:00:00 AM,34759,16531,18228
4/30/2015 12:00:00 AM,5/14/2015 12:00:00 AM,35332,16995,18337
4/30/2015 12:00:00 AM,5/15/2015 12:00:00 AM,32517,15613,16904
4/30/2015 12:00:00 AM,5/16/2015 12:00:00 AM,34752,16918,17834
4/30/2015 12:00:00 AM,5/17/2015 12:00:00 AM,31322,14690,16632
4/30/2015 12:00:00 AM,5/18/2015 12:00:00 AM,30625,15551,15074
4/30/2015 12:00:00 AM,5/19/2015 12:00:00 AM,26865,11866,14999
4/30/2015 12:00:00 AM,5/20/2015 12:00:00 AM,25319,11450,13869
4/30/2015 12:00:00 AM,5/21/2015 12:00:00 AM,24191,10731,13460
4/30/2015 12:00:00 AM,5/22/2015 12:00:00 AM,23542,10817,12725
4/30/2015 12:00:00 AM,5/23/2015 12:00:00 AM,24060,12055,12005
4/30/2015 12:00:00 AM,5/24/2015 12:00:00 AM,22163,10897,11266
4/30/2015 12:00:00 AM,5/25/2015 12:00:00 AM,18673,8749,9924
4/30/2015 12:00:00 AM,5/26/2015 12:00:00 AM,16402,6762,9640
4/30/2015 12:00:00 AM,5/27/2015 12:00:00 AM,15774,6606,9168
4/30/2015 12:00:00 AM,5/28/2015 12:00:00 AM,16352,7239,9113
4/30/2015 12:00:00 AM,5/29/2015 12:00:00 AM,14429,6096,8333
4/30/2015 12:00:00 AM,5/30/2015 12:00:00 AM,16459,7718,8741
4/30/2015 12:00:00 AM,5/31/2015 12:00:00 AM,13630,6890,6740
4/30/2015 12:00:00 AM,6/1/2015 12:00:00 AM,9512,5293,4219
4/30/2015 12:00:00 AM,6/2/2015 12:00:00 AM,4864,1665,3199
4/30/2015 12:00:00 AM,6/3/2015 12:00:00 AM,6046,2453,3593
4/30/2015 12:00:00 AM,6/4/2015 12:00:00 AM,4927,1758,3169
4/30/2015 12:00:00 AM,6/5/2015 12:00:00 AM,4927,1758,3169
4/30/2015 12:00:00 AM,6/6/2015 12:00:00 AM,3989,1658,2331
4/30/2015 12:00:00 AM,6/7/2015 12:00:00 AM,3132,1658,1474
4/30/2015 12:00:00 AM,6/8/2015 12:00:00 AM,3657,1358,2299
4/30/2015 12:00:00 AM,6/9/2015 12:00:00 AM,2283,773,1510
4/30/2015 12:00:00 AM,6/10/2015 12:00:00 AM,2283,773,1510
4/30/2015 12:00:00 AM,6/11/2015 12:00:00 AM,2256,773,1483
4/30/2015 12:00:00 AM,6/12/2015 12:00:00 AM,2256,773,1483
4/30/2015 12:00:00 AM,6/13/2015 12:00:00 AM,2163,680,1483
4/30/2015 12:00:00 AM,6/14/2015 12:00:00 AM,2220,773,1447
4/30/2015 12:00:00 AM,6/15/2015 12:00:00 AM,126,19,107
4/30/2015 12:00:00 AM,6/16/2015 12:00:00 AM,126,19,107
4/30/2015 12:00:00 AM,6/17/2015 12:00:00 AM,126,19,107
4/30/2015 12:00:00 AM,6/18/2015 12:00:00 AM,126,19,107
4/30/2015 12:00:00 AM,6/19/2015 12:00:00 AM,126,19,107
4/30/2015 12:00:00 AM,6/20/2015 12:00:00 AM,87,19,68
4/30/2015 12:00:00 AM,6/21/2015 12:00:00 AM,87,19,68
4/30/2015 12:00:00 AM,6/22/2015 12:00:00 AM,87,19,68
4/30/2015 12:00:00 AM,6/23/2015 12:00:00 AM,87,19,68
4/30/2015 12:00:00 AM,6/24/2015 12:00:00 AM,87,19,68
4/30/2015 12:00:00 AM,6/25/2015 12:00:00 AM,152,19,133
4/30/2015 12:00:00 AM,6/26/2015 12:00:00 AM,87,19,68
4/30/2015 12:00:00 AM,6/27/2015 12:00:00 AM,39,19,20
4/30/2015 12:00:00 AM,6/28/2015 12:00:00 AM,39,19,20
4/30/2015 12:00:00 AM,6/29/2015 12:00:00 AM,39,19,20
4/30/2015 12:00:00 AM,6/30/2015 12:00:00 AM,39,19,20
4/30/2015 12:00:00 AM,7/1/2015 12:00:00 AM,39,19,20
4/30/2015 12:00:00 AM,7/2/2015 12:00:00 AM,39,19,20
4/30/2015 12:00:00 AM,7/3/2015 12:00:00 AM,39,19,20
4/30/2015 12:00:00 AM,7/4/2015 12:00:00 AM,39,19,20
4/30/2015 12:00:00 AM,7/5/2015 12:00:00 AM,39,19,20
4/30/2015 12:00:00 AM,7/6/2015 12:00:00 AM,39,19,20
4/30/2015 12:00:00 AM,7/7/2015 12:00:00 AM,116,19,97
4/30/2015 12:00:00 AM,7/8/2015 12:00:00 AM,169,19,150
4/30/2015 12:00:00 AM,7/9/2015 12:00:00 AM,104,19,85
4/30/2015 12:00:00 AM,7/10/2015 12:00:00 AM,104,19,85
4/30/2015 12:00:00 AM,7/11/2015 12:00:00 AM,104,19,85
4/30/2015 12:00:00 AM,7/12/2015 12:00:00 AM,104,19,85
4/30/2015 12:00:00 AM,7/13/2015 12:00:00 AM,117,32,85
4/30/2015 12:00:00 AM,7/14/2015 12:00:00 AM,117,32,85
4/30/2015 12:00:00 AM,7/15/2015 12:00:00 AM,117,32,85
4/30/2015 12:00:00 AM,7/16/2015 12:00:00 AM,117,32,85
4/30/2015 12:00:00 AM,7/17/2015 12:00:00 AM,117,32,85
4/30/2015 12:00:00 AM,7/18/2015 12:00:00 AM,117,32,85
4/30/2015 12:00:00 AM,7/19/2015 12:00:00 AM,104,19,85
4/30/2015 12:00:00 AM,7/20/2015 12:00:00 AM,117,32,85
4/30/2015 12:00:00 AM,7/21/2015 12:00:00 AM,117,32,85
4/30/2015 12:00:00 AM,7/22/2015 12:00:00 AM,117,32,85
4/30/2015 12:00:00 AM,7/23/2015 12:00:00 AM,117,32,85
4/30/2015 12:00:00 AM,7/24/2015 12:00:00 AM,117,32,85
4/30/2015 12:00:00 AM,7/25/2015 12:00:00 AM,117,32,85
4/30/2015 12:00:00 AM,7/26/2015 12:00:00 AM,104,19,85
4/30/2015 12:00:00 AM,7/27/2015 12:00:00 AM,182,32,150
4/30/2015 12:00:00 AM,7/28/2015 12:00:00 AM,182,32,150
4/30/2015 12:00:00 AM,7/29/2015 12:00:00 AM,247,32,215
4/30/2015 12:00:00 AM,7/30/2015 12:00:00 AM,182,32,150
4/29/2015 12:00:00 AM,4/30/2015 12:00:00 AM,40327,17410,22917
4/29/2015 12:00:00 AM,5/1/2015 12:00:00 AM,38362,15273,23089
4/29/2015 12:00:00 AM,5/2/2015 12:00:00 AM,40838,17611,23227
4/29/2015 12:00:00 AM,5/3/2015 12:00:00 AM,41890,17564,24326
4/29/2015 12:00:00 AM,5/4/2015 12:00:00 AM,42719,18112,24607
4/29/2015 12:00:00 AM,5/5/2015 12:00:00 AM,39007,16760,22247
4/29/2015 12:00:00 AM,5/6/2015 12:00:00 AM,39114,16651,22463
4/29/2015 12:00:00 AM,5/7/2015 12:00:00 AM,36622,16665,19957
4/29/2015 12:00:00 AM,5/8/2015 12:00:00 AM,37194,17070,20124
4/29/2015 12:00:00 AM,5/9/2015 12:00:00 AM,38701,19291,19410
4/29/2015 12:00:00 AM,5/10/2015 12:00:00 AM,37698,19291,18407
4/29/2015 12:00:00 AM,5/11/2015 12:00:00 AM,37723,18544,19179
4/29/2015 12:00:00 AM,5/12/2015 12:00:00 AM,35447,17345,18102
4/29/2015 12:00:00 AM,5/13/2015 12:00:00 AM,34649,16531,18118
4/29/2015 12:00:00 AM,5/14/2015 12:00:00 AM,35222,16995,18227
4/29/2015 12:00:00 AM,5/15/2015 12:00:00 AM,32407,15613,16794
4/29/2015 12:00:00 AM,5/16/2015 12:00:00 AM,34642,16918,17724
4/29/2015 12:00:00 AM,5/17/2015 12:00:00 AM,31212,14690,16522
4/29/2015 12:00:00 AM,5/18/2015 12:00:00 AM,30515,15551,14964
4/29/2015 12:00:00 AM,5/19/2015 12:00:00 AM,26755,11866,14889
4/29/2015 12:00:00 AM,5/20/2015 12:00:00 AM,24873,11450,13423
4/29/2015 12:00:00 AM,5/21/2015 12:00:00 AM,23745,10731,13014
4/29/2015 12:00:00 AM,5/22/2015 12:00:00 AM,23096,10817,12279
4/29/2015 12:00:00 AM,5/23/2015 12:00:00 AM,23614,12055,11559
4/29/2015 12:00:00 AM,5/24/2015 12:00:00 AM,21847,10897,10950
4/29/2015 12:00:00 AM,5/25/2015 12:00:00 AM,18357,8749,9608
4/29/2015 12:00:00 AM,5/26/2015 12:00:00 AM,16086,6762,9324
4/29/2015 12:00:00 AM,5/27/2015 12:00:00 AM,15458,6606,8852
4/29/2015 12:00:00 AM,5/28/2015 12:00:00 AM,16036,7239,8797
4/29/2015 12:00:00 AM,5/29/2015 12:00:00 AM,14113,6096,8017
4/29/2015 12:00:00 AM,5/30/2015 12:00:00 AM,16143,7718,8425
4/29/2015 12:00:00 AM,5/31/2015 12:00:00 AM,13314,6890,6424
4/29/2015 12:00:00 AM,6/1/2015 12:00:00 AM,9512,5293,4219
4/29/2015 12:00:00 AM,6/2/2015 12:00:00 AM,4864,1665,3199
4/29/2015 12:00:00 AM,6/3/2015 12:00:00 AM,6046,2453,3593
4/29/2015 12:00:00 AM,6/4/2015 12:00:00 AM,4927,1758,3169
4/29/2015 12:00:00 AM,6/5/2015 12:00:00 AM,4927,1758,3169
4/29/2015 12:00:00 AM,6/6/2015 12:00:00 AM,3989,1658,2331
4/29/2015 12:00:00 AM,6/7/2015 12:00:00 AM,3132,1658,1474
4/29/2015 12:00:00 AM,6/8/2015 12:00:00 AM,3657,1358,2299
4/29/2015 12:00:00 AM,6/9/2015 12:00:00 AM,2283,773,1510
4/29/2015 12:00:00 AM,6/10/2015 12:00:00 AM,2283,773,1510
4/29/2015 12:00:00 AM,6/11/2015 12:00:00 AM,2256,773,1483
4/29/2015 12:00:00 AM,6/12/2015 12:00:00 AM,2256,773,1483
4/29/2015 12:00:00 AM,6/13/2015 12:00:00 AM,2163,680,1483
4/29/2015 12:00:00 AM,6/14/2015 12:00:00 AM,2220,773,1447
4/29/2015 12:00:00 AM,6/15/2015 12:00:00 AM,126,19,107
4/29/2015 12:00:00 AM,6/16/2015 12:00:00 AM,126,19,107
4/29/2015 12:00:00 AM,6/17/2015 12:00:00 AM,126,19,107
4/29/2015 12:00:00 AM,6/18/2015 12:00:00 AM,126,19,107
4/29/2015 12:00:00 AM,6/19/2015 12:00:00 AM,126,19,107
4/29/2015 12:00:00 AM,6/20/2015 12:00:00 AM,87,19,68
4/29/2015 12:00:00 AM,6/21/2015 12:00:00 AM,87,19,68
4/29/2015 12:00:00 AM,6/22/2015 12:00:00 AM,87,19,68
4/29/2015 12:00:00 AM,6/23/2015 12:00:00 AM,87,19,68
4/29/2015 12:00:00 AM,6/24/2015 12:00:00 AM,87,19,68
4/29/2015 12:00:00 AM,6/25/2015 12:00:00 AM,152,19,133
4/29/2015 12:00:00 AM,6/26/2015 12:00:00 AM,87,19,68
4/29/2015 12:00:00 AM,6/27/2015 12:00:00 AM,39,19,20
4/29/2015 12:00:00 AM,6/28/2015 12:00:00 AM,39,19,20
4/29/2015 12:00:00 AM,6/29/2015 12:00:00 AM,39,19,20
4/29/2015 12:00:00 AM,6/30/2015 12:00:00 AM,39,19,20
4/29/2015 12:00:00 AM,7/1/2015 12:00:00 AM,39,19,20
4/29/2015 12:00:00 AM,7/2/2015 12:00:00 AM,39,19,20
4/29/2015 12:00:00 AM,7/3/2015 12:00:00 AM,39,19,20
4/29/2015 12:00:00 AM,7/4/2015 12:00:00 AM,39,19,20
4/29/2015 12:00:00 AM,7/5/2015 12:00:00 AM,39,19,20
4/29/2015 12:00:00 AM,7/6/2015 12:00:00 AM,39,19,20
4/29/2015 12:00:00 AM,7/7/2015 12:00:00 AM,116,19,97
4/29/2015 12:00:00 AM,7/8/2015 12:00:00 AM,169,19,150
4/29/2015 12:00:00 AM,7/9/2015 12:00:00 AM,104,19,85
4/29/2015 12:00:00 AM,7/10/2015 12:00:00 AM,104,19,85
4/29/2015 12:00:00 AM,7/11/2015 12:00:00 AM,104,19,85
4/29/2015 12:00:00 AM,7/12/2015 12:00:00 AM,104,19,85
4/29/2015 12:00:00 AM,7/13/2015 12:00:00 AM,117,32,85
4/29/2015 12:00:00 AM,7/14/2015 12:00:00 AM,117,32,85
4/29/2015 12:00:00 AM,7/15/2015 12:00:00 AM,117,32,85
4/29/2015 12:00:00 AM,7/16/2015 12:00:00 AM,117,32,85
4/29/2015 12:00:00 AM,7/17/2015 12:00:00 AM,117,32,85
4/29/2015 12:00:00 AM,7/18/2015 12:00:00 AM,117,32,85
4/29/2015 12:00:00 AM,7/19/2015 12:00:00 AM,104,19,85
4/29/2015 12:00:00 AM,7/20/2015 12:00:00 AM,117,32,85
4/29/2015 12:00:00 AM,7/21/2015 12:00:00 AM,117,32,85
4/29/2015 12:00:00 AM,7/22/2015 12:00:00 AM,117,32,85
4/29/2015 12:00:00 AM,7/23/2015 12:00:00 AM,117,32,85
4/29/2015 12:00:00 AM,7/24/2015 12:00:00 AM,117,32,85
4/29/2015 12:00:00 AM,7/25/2015 12:00:00 AM,117,32,85
4/29/2015 12:00:00 AM,7/26/2015 12:00:00 AM,104,19,85
4/29/2015 12:00:00 AM,7/27/2015 12:00:00 AM,182,32,150
4/29/2015 12:00:00 AM,7/28/2015 12:00:00 AM,182,32,150
4/29/2015 12:00:00 AM,7/29/2015 12:00:00 AM,247,32,215
4/28/2015 12:00:00 AM,4/29/2015 12:00:00 AM,38326,14883,23443
4/28/2015 12:00:00 AM,4/30/2015 12:00:00 AM,40668,16685,23983
4/28/2015 12:00:00 AM,5/1/2015 12:00:00 AM,37893,14901,22992
4/28/2015 12:00:00 AM,5/2/2015 12:00:00 AM,41308,17658,23650
4/28/2015 12:00:00 AM,5/3/2015 12:00:00 AM,41421,17192,24229
4/28/2015 12:00:00 AM,5/4/2015 12:00:00 AM,43141,18631,24510
4/28/2015 12:00:00 AM,5/5/2015 12:00:00 AM,39010,16860,22150
4/28/2015 12:00:00 AM,5/6/2015 12:00:00 AM,39214,16751,22463
4/28/2015 12:00:00 AM,5/7/2015 12:00:00 AM,36722,16765,19957
4/28/2015 12:00:00 AM,5/8/2015 12:00:00 AM,37294,17170,20124
4/28/2015 12:00:00 AM,5/9/2015 12:00:00 AM,38158,19391,18767
4/28/2015 12:00:00 AM,5/10/2015 12:00:00 AM,37155,19391,17764
4/28/2015 12:00:00 AM,5/11/2015 12:00:00 AM,36783,18247,18536
4/28/2015 12:00:00 AM,5/12/2015 12:00:00 AM,35150,17048,18102
4/28/2015 12:00:00 AM,5/13/2015 12:00:00 AM,34352,16234,18118
4/28/2015 12:00:00 AM,5/14/2015 12:00:00 AM,34925,16698,18227
4/28/2015 12:00:00 AM,5/15/2015 12:00:00 AM,32110,15316,16794
4/28/2015 12:00:00 AM,5/16/2015 12:00:00 AM,34345,16621,17724
4/28/2015 12:00:00 AM,5/17/2015 12:00:00 AM,30915,14393,16522
4/28/2015 12:00:00 AM,5/18/2015 12:00:00 AM,30065,15101,14964
4/28/2015 12:00:00 AM,5/19/2015 12:00:00 AM,26305,11416,14889
4/28/2015 12:00:00 AM,5/20/2015 12:00:00 AM,24423,11000,13423
4/28/2015 12:00:00 AM,5/21/2015 12:00:00 AM,23592,10578,13014
4/28/2015 12:00:00 AM,5/22/2015 12:00:00 AM,22646,10367,12279
4/28/2015 12:00:00 AM,5/23/2015 12:00:00 AM,23773,12214,11559
4/28/2015 12:00:00 AM,5/24/2015 12:00:00 AM,22006,11056,10950
4/28/2015 12:00:00 AM,5/25/2015 12:00:00 AM,18516,8908,9608
4/28/2015 12:00:00 AM,5/26/2015 12:00:00 AM,16245,6921,9324
4/28/2015 12:00:00 AM,5/27/2015 12:00:00 AM,15770,6918,8852
4/28/2015 12:00:00 AM,5/28/2015 12:00:00 AM,16195,7398,8797
4/28/2015 12:00:00 AM,5/29/2015 12:00:00 AM,14425,6408,8017
4/28/2015 12:00:00 AM,5/30/2015 12:00:00 AM,16455,8030,8425
4/28/2015 12:00:00 AM,5/31/2015 12:00:00 AM,13626,7202,6424
4/28/2015 12:00:00 AM,6/1/2015 12:00:00 AM,9512,5293,4219
4/28/2015 12:00:00 AM,6/2/2015 12:00:00 AM,4864,1665,3199
4/28/2015 12:00:00 AM,6/3/2015 12:00:00 AM,6046,2453,3593
4/28/2015 12:00:00 AM,6/4/2015 12:00:00 AM,4927,1758,3169
4/28/2015 12:00:00 AM,6/5/2015 12:00:00 AM,4927,1758,3169
4/28/2015 12:00:00 AM,6/6/2015 12:00:00 AM,3989,1658,2331
4/28/2015 12:00:00 AM,6/7/2015 12:00:00 AM,3132,1658,1474
4/28/2015 12:00:00 AM,6/8/2015 12:00:00 AM,3657,1358,2299
4/28/2015 12:00:00 AM,6/9/2015 12:00:00 AM,2283,773,1510
4/28/2015 12:00:00 AM,6/10/2015 12:00:00 AM,2283,773,1510
4/28/2015 12:00:00 AM,6/11/2015 12:00:00 AM,2256,773,1483
4/28/2015 12:00:00 AM,6/12/2015 12:00:00 AM,2256,773,1483
4/28/2015 12:00:00 AM,6/13/2015 12:00:00 AM,2163,680,1483
4/28/2015 12:00:00 AM,6/14/2015 12:00:00 AM,2220,773,1447
4/28/2015 12:00:00 AM,6/15/2015 12:00:00 AM,126,19,107
4/28/2015 12:00:00 AM,6/16/2015 12:00:00 AM,126,19,107
4/28/2015 12:00:00 AM,6/17/2015 12:00:00 AM,126,19,107
4/28/2015 12:00:00 AM,6/18/2015 12:00:00 AM,126,19,107
4/28/2015 12:00:00 AM,6/19/2015 12:00:00 AM,126,19,107
4/28/2015 12:00:00 AM,6/20/2015 12:00:00 AM,87,19,68
4/28/2015 12:00:00 AM,6/21/2015 12:00:00 AM,87,19,68
4/28/2015 12:00:00 AM,6/22/2015 12:00:00 AM,87,19,68
4/28/2015 12:00:00 AM,6/23/2015 12:00:00 AM,87,19,68
4/28/2015 12:00:00 AM,6/24/2015 12:00:00 AM,87,19,68
4/28/2015 12:00:00 AM,6/25/2015 12:00:00 AM,152,19,133
4/28/2015 12:00:00 AM,6/26/2015 12:00:00 AM,87,19,68
4/28/2015 12:00:00 AM,6/27/2015 12:00:00 AM,39,19,20
4/28/2015 12:00:00 AM,6/28/2015 12:00:00 AM,39,19,20
4/28/2015 12:00:00 AM,6/29/2015 12:00:00 AM,39,19,20
4/28/2015 12:00:00 AM,6/30/2015 12:00:00 AM,39,19,20
4/28/2015 12:00:00 AM,7/1/2015 12:00:00 AM,39,19,20
4/28/2015 12:00:00 AM,7/2/2015 12:00:00 AM,39,19,20
4/28/2015 12:00:00 AM,7/3/2015 12:00:00 AM,39,19,20
4/28/2015 12:00:00 AM,7/4/2015 12:00:00 AM,39,19,20
4/28/2015 12:00:00 AM,7/5/2015 12:00:00 AM,39,19,20
4/28/2015 12:00:00 AM,7/6/2015 12:00:00 AM,39,19,20
4/28/2015 12:00:00 AM,7/7/2015 12:00:00 AM,116,19,97
4/28/2015 12:00:00 AM,7/8/2015 12:00:00 AM,169,19,150
4/28/2015 12:00:00 AM,7/9/2015 12:00:00 AM,104,19,85
4/28/2015 12:00:00 AM,7/10/2015 12:00:00 AM,104,19,85
4/28/2015 12:00:00 AM,7/11/2015 12:00:00 AM,104,19,85
4/28/2015 12:00:00 AM,7/12/2015 12:00:00 AM,104,19,85
4/28/2015 12:00:00 AM,7/13/2015 12:00:00 AM,117,32,85
4/28/2015 12:00:00 AM,7/14/2015 12:00:00 AM,117,32,85
4/28/2015 12:00:00 AM,7/15/2015 12:00:00 AM,117,32,85
4/28/2015 12:00:00 AM,7/16/2015 12:00:00 AM,117,32,85
4/28/2015 12:00:00 AM,7/17/2015 12:00:00 AM,117,32,85
4/28/2015 12:00:00 AM,7/18/2015 12:00:00 AM,117,32,85
4/28/2015 12:00:00 AM,7/19/2015 12:00:00 AM,104,19,85
4/28/2015 12:00:00 AM,7/20/2015 12:00:00 AM,117,32,85
4/28/2015 12:00:00 AM,7/21/2015 12:00:00 AM,117,32,85
4/28/2015 12:00:00 AM,7/22/2015 12:00:00 AM,117,32,85
4/28/2015 12:00:00 AM,7/23/2015 12:00:00 AM,117,32,85
4/28/2015 12:00:00 AM,7/24/2015 12:00:00 AM,117,32,85
4/28/2015 12:00:00 AM,7/25/2015 12:00:00 AM,117,32,85
4/28/2015 12:00:00 AM,7/26/2015 12:00:00 AM,104,19,85
4/28/2015 12:00:00 AM,7/27/2015 12:00:00 AM,182,32,150
4/28/2015 12:00:00 AM,7/28/2015 12:00:00 AM,182,32,150
4/27/2015 12:00:00 AM,4/28/2015 12:00:00 AM,39075,14212,24863
4/27/2015 12:00:00 AM,4/29/2015 12:00:00 AM,39364,15514,23850
4/27/2015 12:00:00 AM,4/30/2015 12:00:00 AM,38906,14606,24300
4/27/2015 12:00:00 AM,5/1/2015 12:00:00 AM,37150,14212,22938
4/27/2015 12:00:00 AM,5/2/2015 12:00:00 AM,40151,17637,22514
4/27/2015 12:00:00 AM,5/3/2015 12:00:00 AM,41302,17127,24175
4/27/2015 12:00:00 AM,5/4/2015 12:00:00 AM,41724,18610,23114
4/27/2015 12:00:00 AM,5/5/2015 12:00:00 AM,37603,16795,20808
4/27/2015 12:00:00 AM,5/6/2015 12:00:00 AM,39149,16686,22463
4/27/2015 12:00:00 AM,5/7/2015 12:00:00 AM,36657,16700,19957
4/27/2015 12:00:00 AM,5/8/2015 12:00:00 AM,37229,17105,20124
4/27/2015 12:00:00 AM,5/9/2015 12:00:00 AM,37899,19132,18767
4/27/2015 12:00:00 AM,5/10/2015 12:00:00 AM,37047,19283,17764
4/27/2015 12:00:00 AM,5/11/2015 12:00:00 AM,36524,17988,18536
4/27/2015 12:00:00 AM,5/12/2015 12:00:00 AM,34735,16633,18102
4/27/2015 12:00:00 AM,5/13/2015 12:00:00 AM,34445,16327,18118
4/27/2015 12:00:00 AM,5/14/2015 12:00:00 AM,34266,16039,18227
4/27/2015 12:00:00 AM,5/15/2015 12:00:00 AM,32110,15316,16794
4/27/2015 12:00:00 AM,5/16/2015 12:00:00 AM,34345,16621,17724
4/27/2015 12:00:00 AM,5/17/2015 12:00:00 AM,30915,14393,16522
4/27/2015 12:00:00 AM,5/18/2015 12:00:00 AM,30065,15101,14964
4/27/2015 12:00:00 AM,5/19/2015 12:00:00 AM,26305,11416,14889
4/27/2015 12:00:00 AM,5/20/2015 12:00:00 AM,24423,11000,13423
4/27/2015 12:00:00 AM,5/21/2015 12:00:00 AM,23592,10578,13014
4/27/2015 12:00:00 AM,5/22/2015 12:00:00 AM,22772,10493,12279
4/27/2015 12:00:00 AM,5/23/2015 12:00:00 AM,23838,12279,11559
4/27/2015 12:00:00 AM,5/24/2015 12:00:00 AM,22071,11121,10950
4/27/2015 12:00:00 AM,5/25/2015 12:00:00 AM,18581,8973,9608
4/27/2015 12:00:00 AM,5/26/2015 12:00:00 AM,16310,6986,9324
4/27/2015 12:00:00 AM,5/27/2015 12:00:00 AM,15835,6983,8852
4/27/2015 12:00:00 AM,5/28/2015 12:00:00 AM,16260,7463,8797
4/27/2015 12:00:00 AM,5/29/2015 12:00:00 AM,14490,6473,8017
4/27/2015 12:00:00 AM,5/30/2015 12:00:00 AM,16520,8095,8425
4/27/2015 12:00:00 AM,5/31/2015 12:00:00 AM,13691,7267,6424
4/27/2015 12:00:00 AM,6/1/2015 12:00:00 AM,9451,5232,4219
4/27/2015 12:00:00 AM,6/2/2015 12:00:00 AM,4864,1665,3199
4/27/2015 12:00:00 AM,6/3/2015 12:00:00 AM,6046,2453,3593
4/27/2015 12:00:00 AM,6/4/2015 12:00:00 AM,4927,1758,3169
4/27/2015 12:00:00 AM,6/5/2015 12:00:00 AM,4927,1758,3169
4/27/2015 12:00:00 AM,6/6/2015 12:00:00 AM,3989,1658,2331
4/27/2015 12:00:00 AM,6/7/2015 12:00:00 AM,3132,1658,1474
4/27/2015 12:00:00 AM,6/8/2015 12:00:00 AM,3657,1358,2299
4/27/2015 12:00:00 AM,6/9/2015 12:00:00 AM,2283,773,1510
4/27/2015 12:00:00 AM,6/10/2015 12:00:00 AM,2283,773,1510
4/27/2015 12:00:00 AM,6/11/2015 12:00:00 AM,2256,773,1483
4/27/2015 12:00:00 AM,6/12/2015 12:00:00 AM,2256,773,1483
4/27/2015 12:00:00 AM,6/13/2015 12:00:00 AM,2163,680,1483
4/27/2015 12:00:00 AM,6/14/2015 12:00:00 AM,2220,773,1447
4/27/2015 12:00:00 AM,6/15/2015 12:00:00 AM,126,19,107
4/27/2015 12:00:00 AM,6/16/2015 12:00:00 AM,126,19,107
4/27/2015 12:00:00 AM,6/17/2015 12:00:00 AM,126,19,107
4/27/2015 12:00:00 AM,6/18/2015 12:00:00 AM,126,19,107
4/27/2015 12:00:00 AM,6/19/2015 12:00:00 AM,126,19,107
4/27/2015 12:00:00 AM,6/20/2015 12:00:00 AM,87,19,68
4/27/2015 12:00:00 AM,6/21/2015 12:00:00 AM,87,19,68
4/27/2015 12:00:00 AM,6/22/2015 12:00:00 AM,87,19,68
4/27/2015 12:00:00 AM,6/23/2015 12:00:00 AM,87,19,68
4/27/2015 12:00:00 AM,6/24/2015 12:00:00 AM,87,19,68
4/27/2015 12:00:00 AM,6/25/2015 12:00:00 AM,152,19,133
4/27/2015 12:00:00 AM,6/26/2015 12:00:00 AM,87,19,68
4/27/2015 12:00:00 AM,6/27/2015 12:00:00 AM,39,19,20
4/27/2015 12:00:00 AM,6/28/2015 12:00:00 AM,39,19,20
4/27/2015 12:00:00 AM,6/29/2015 12:00:00 AM,39,19,20
4/27/2015 12:00:00 AM,6/30/2015 12:00:00 AM,39,19,20
4/27/2015 12:00:00 AM,7/1/2015 12:00:00 AM,39,19,20
4/27/2015 12:00:00 AM,7/2/2015 12:00:00 AM,39,19,20
4/27/2015 12:00:00 AM,7/3/2015 12:00:00 AM,39,19,20
4/27/2015 12:00:00 AM,7/4/2015 12:00:00 AM,39,19,20
4/27/2015 12:00:00 AM,7/5/2015 12:00:00 AM,39,19,20
4/27/2015 12:00:00 AM,7/6/2015 12:00:00 AM,39,19,20
4/27/2015 12:00:00 AM,7/7/2015 12:00:00 AM,116,19,97
4/27/2015 12:00:00 AM,7/8/2015 12:00:00 AM,169,19,150
4/27/2015 12:00:00 AM,7/9/2015 12:00:00 AM,104,19,85
4/27/2015 12:00:00 AM,7/10/2015 12:00:00 AM,104,19,85
4/27/2015 12:00:00 AM,7/11/2015 12:00:00 AM,104,19,85
4/27/2015 12:00:00 AM,7/12/2015 12:00:00 AM,104,19,85
4/27/2015 12:00:00 AM,7/13/2015 12:00:00 AM,117,32,85
4/27/2015 12:00:00 AM,7/14/2015 12:00:00 AM,117,32,85
4/27/2015 12:00:00 AM,7/15/2015 12:00:00 AM,117,32,85
4/27/2015 12:00:00 AM,7/16/2015 12:00:00 AM,117,32,85
4/27/2015 12:00:00 AM,7/17/2015 12:00:00 AM,117,32,85
4/27/2015 12:00:00 AM,7/18/2015 12:00:00 AM,117,32,85
4/27/2015 12:00:00 AM,7/19/2015 12:00:00 AM,104,19,85
4/27/2015 12:00:00 AM,7/20/2015 12:00:00 AM,117,32,85
4/27/2015 12:00:00 AM,7/21/2015 12:00:00 AM,117,32,85
4/27/2015 12:00:00 AM,7/22/2015 12:00:00 AM,117,32,85
4/27/2015 12:00:00 AM,7/23/2015 12:00:00 AM,117,32,85
4/27/2015 12:00:00 AM,7/24/2015 12:00:00 AM,117,32,85
4/27/2015 12:00:00 AM,7/25/2015 12:00:00 AM,117,32,85
4/27/2015 12:00:00 AM,7/26/2015 12:00:00 AM,104,19,85
4/27/2015 12:00:00 AM,7/27/2015 12:00:00 AM,182,32,150
4/26/2015 12:00:00 AM,4/27/2015 12:00:00 AM,43442,18647,24795
4/26/2015 12:00:00 AM,4/28/2015 12:00:00 AM,39465,14212,25253
4/26/2015 12:00:00 AM,4/29/2015 12:00:00 AM,38434,14194,24240
4/26/2015 12:00:00 AM,4/30/2015 12:00:00 AM,39296,14606,24690
4/26/2015 12:00:00 AM,5/1/2015 12:00:00 AM,37540,14212,23328
4/26/2015 12:00:00 AM,5/2/2015 12:00:00 AM,40209,17637,22572
4/26/2015 12:00:00 AM,5/3/2015 12:00:00 AM,41360,17127,24233
4/26/2015 12:00:00 AM,5/4/2015 12:00:00 AM,41724,18610,23114
4/26/2015 12:00:00 AM,5/5/2015 12:00:00 AM,37603,16795,20808
4/26/2015 12:00:00 AM,5/6/2015 12:00:00 AM,39149,16686,22463
4/26/2015 12:00:00 AM,5/7/2015 12:00:00 AM,36657,16700,19957
4/26/2015 12:00:00 AM,5/8/2015 12:00:00 AM,37229,17105,20124
4/26/2015 12:00:00 AM,5/9/2015 12:00:00 AM,37899,19132,18767
4/26/2015 12:00:00 AM,5/10/2015 12:00:00 AM,37047,19283,17764
4/26/2015 12:00:00 AM,5/11/2015 12:00:00 AM,36524,17988,18536
4/26/2015 12:00:00 AM,5/12/2015 12:00:00 AM,34735,16633,18102
4/26/2015 12:00:00 AM,5/13/2015 12:00:00 AM,34445,16327,18118
4/26/2015 12:00:00 AM,5/14/2015 12:00:00 AM,34266,16039,18227
4/26/2015 12:00:00 AM,5/15/2015 12:00:00 AM,32110,15316,16794
4/26/2015 12:00:00 AM,5/16/2015 12:00:00 AM,34345,16621,17724
4/26/2015 12:00:00 AM,5/17/2015 12:00:00 AM,30915,14393,16522
4/26/2015 12:00:00 AM,5/18/2015 12:00:00 AM,30065,15101,14964
4/26/2015 12:00:00 AM,5/19/2015 12:00:00 AM,26305,11416,14889
4/26/2015 12:00:00 AM,5/20/2015 12:00:00 AM,24423,11000,13423
4/26/2015 12:00:00 AM,5/21/2015 12:00:00 AM,23592,10578,13014
4/26/2015 12:00:00 AM,5/22/2015 12:00:00 AM,22772,10493,12279
4/26/2015 12:00:00 AM,5/23/2015 12:00:00 AM,23838,12279,11559
4/26/2015 12:00:00 AM,5/24/2015 12:00:00 AM,22071,11121,10950
4/26/2015 12:00:00 AM,5/25/2015 12:00:00 AM,18581,8973,9608
4/26/2015 12:00:00 AM,5/26/2015 12:00:00 AM,16310,6986,9324
4/26/2015 12:00:00 AM,5/27/2015 12:00:00 AM,15835,6983,8852
4/26/2015 12:00:00 AM,5/28/2015 12:00:00 AM,16260,7463,8797
4/26/2015 12:00:00 AM,5/29/2015 12:00:00 AM,14490,6473,8017
4/26/2015 12:00:00 AM,5/30/2015 12:00:00 AM,16520,8095,8425
4/26/2015 12:00:00 AM,5/31/2015 12:00:00 AM,13691,7267,6424
4/26/2015 12:00:00 AM,6/1/2015 12:00:00 AM,9451,5232,4219
4/26/2015 12:00:00 AM,6/2/2015 12:00:00 AM,4864,1665,3199
4/26/2015 12:00:00 AM,6/3/2015 12:00:00 AM,6046,2453,3593
4/26/2015 12:00:00 AM,6/4/2015 12:00:00 AM,4927,1758,3169
4/26/2015 12:00:00 AM,6/5/2015 12:00:00 AM,4927,1758,3169
4/26/2015 12:00:00 AM,6/6/2015 12:00:00 AM,3989,1658,2331
4/26/2015 12:00:00 AM,6/7/2015 12:00:00 AM,3132,1658,1474
4/26/2015 12:00:00 AM,6/8/2015 12:00:00 AM,3657,1358,2299
4/26/2015 12:00:00 AM,6/9/2015 12:00:00 AM,2283,773,1510
4/26/2015 12:00:00 AM,6/10/2015 12:00:00 AM,2283,773,1510
4/26/2015 12:00:00 AM,6/11/2015 12:00:00 AM,2256,773,1483
4/26/2015 12:00:00 AM,6/12/2015 12:00:00 AM,2256,773,1483
4/26/2015 12:00:00 AM,6/13/2015 12:00:00 AM,2163,680,1483
4/26/2015 12:00:00 AM,6/14/2015 12:00:00 AM,2220,773,1447
4/26/2015 12:00:00 AM,6/15/2015 12:00:00 AM,126,19,107
4/26/2015 12:00:00 AM,6/16/2015 12:00:00 AM,126,19,107
4/26/2015 12:00:00 AM,6/17/2015 12:00:00 AM,126,19,107
4/26/2015 12:00:00 AM,6/18/2015 12:00:00 AM,126,19,107
4/26/2015 12:00:00 AM,6/19/2015 12:00:00 AM,126,19,107
4/26/2015 12:00:00 AM,6/20/2015 12:00:00 AM,87,19,68
4/26/2015 12:00:00 AM,6/21/2015 12:00:00 AM,87,19,68
4/26/2015 12:00:00 AM,6/22/2015 12:00:00 AM,87,19,68
4/26/2015 12:00:00 AM,6/23/2015 12:00:00 AM,87,19,68
4/26/2015 12:00:00 AM,6/24/2015 12:00:00 AM,87,19,68
4/26/2015 12:00:00 AM,6/25/2015 12:00:00 AM,152,19,133
4/26/2015 12:00:00 AM,6/26/2015 12:00:00 AM,87,19,68
4/26/2015 12:00:00 AM,6/27/2015 12:00:00 AM,39,19,20
4/26/2015 12:00:00 AM,6/28/2015 12:00:00 AM,39,19,20
4/26/2015 12:00:00 AM,6/29/2015 12:00:00 AM,39,19,20
4/26/2015 12:00:00 AM,6/30/2015 12:00:00 AM,39,19,20
4/26/2015 12:00:00 AM,7/1/2015 12:00:00 AM,39,19,20
4/26/2015 12:00:00 AM,7/2/2015 12:00:00 AM,39,19,20
4/26/2015 12:00:00 AM,7/3/2015 12:00:00 AM,39,19,20
4/26/2015 12:00:00 AM,7/4/2015 12:00:00 AM,39,19,20
4/26/2015 12:00:00 AM,7/5/2015 12:00:00 AM,39,19,20
4/26/2015 12:00:00 AM,7/6/2015 12:00:00 AM,39,19,20
4/26/2015 12:00:00 AM,7/7/2015 12:00:00 AM,116,19,97
4/26/2015 12:00:00 AM,7/8/2015 12:00:00 AM,169,19,150
4/26/2015 12:00:00 AM,7/9/2015 12:00:00 AM,104,19,85
4/26/2015 12:00:00 AM,7/10/2015 12:00:00 AM,104,19,85
4/26/2015 12:00:00 AM,7/11/2015 12:00:00 AM,104,19,85
4/26/2015 12:00:00 AM,7/12/2015 12:00:00 AM,104,19,85
4/26/2015 12:00:00 AM,7/13/2015 12:00:00 AM,117,32,85
4/26/2015 12:00:00 AM,7/14/2015 12:00:00 AM,117,32,85
4/26/2015 12:00:00 AM,7/15/2015 12:00:00 AM,117,32,85
4/26/2015 12:00:00 AM,7/16/2015 12:00:00 AM,117,32,85
4/26/2015 12:00:00 AM,7/17/2015 12:00:00 AM,117,32,85
4/26/2015 12:00:00 AM,7/18/2015 12:00:00 AM,117,32,85
4/26/2015 12:00:00 AM,7/19/2015 12:00:00 AM,104,19,85
4/26/2015 12:00:00 AM,7/20/2015 12:00:00 AM,117,32,85
4/26/2015 12:00:00 AM,7/21/2015 12:00:00 AM,117,32,85
4/26/2015 12:00:00 AM,7/22/2015 12:00:00 AM,117,32,85
4/26/2015 12:00:00 AM,7/23/2015 12:00:00 AM,117,32,85
4/26/2015 12:00:00 AM,7/24/2015 12:00:00 AM,117,32,85
4/26/2015 12:00:00 AM,7/25/2015 12:00:00 AM,117,32,85
4/26/2015 12:00:00 AM,7/26/2015 12:00:00 AM,104,19,85
4/25/2015 12:00:00 AM,4/26/2015 12:00:00 AM,44812,20303,24509
4/25/2015 12:00:00 AM,4/27/2015 12:00:00 AM,44281,19481,24800
4/25/2015 12:00:00 AM,4/28/2015 12:00:00 AM,40299,15046,25253
4/25/2015 12:00:00 AM,4/29/2015 12:00:00 AM,38848,14608,24240
4/25/2015 12:00:00 AM,4/30/2015 12:00:00 AM,40130,15440,24690
4/25/2015 12:00:00 AM,5/1/2015 12:00:00 AM,37618,14626,22992
4/25/2015 12:00:00 AM,5/2/2015 12:00:00 AM,40959,18051,22908
4/25/2015 12:00:00 AM,5/3/2015 12:00:00 AM,41438,17541,23897
4/25/2015 12:00:00 AM,5/4/2015 12:00:00 AM,42138,19024,23114
4/25/2015 12:00:00 AM,5/5/2015 12:00:00 AM,37603,16795,20808
4/25/2015 12:00:00 AM,5/6/2015 12:00:00 AM,39149,16686,22463
4/25/2015 12:00:00 AM,5/7/2015 12:00:00 AM,36657,16700,19957
4/25/2015 12:00:00 AM,5/8/2015 12:00:00 AM,37229,17105,20124
4/25/2015 12:00:00 AM,5/9/2015 12:00:00 AM,37899,19132,18767
4/25/2015 12:00:00 AM,5/10/2015 12:00:00 AM,37047,19283,17764
4/25/2015 12:00:00 AM,5/11/2015 12:00:00 AM,36524,17988,18536
4/25/2015 12:00:00 AM,5/12/2015 12:00:00 AM,34735,16633,18102
4/25/2015 12:00:00 AM,5/13/2015 12:00:00 AM,34445,16327,18118
4/25/2015 12:00:00 AM,5/14/2015 12:00:00 AM,34266,16039,18227
4/25/2015 12:00:00 AM,5/15/2015 12:00:00 AM,32110,15316,16794
4/25/2015 12:00:00 AM,5/16/2015 12:00:00 AM,34345,16621,17724
4/25/2015 12:00:00 AM,5/17/2015 12:00:00 AM,30915,14393,16522
4/25/2015 12:00:00 AM,5/18/2015 12:00:00 AM,30065,15101,14964
4/25/2015 12:00:00 AM,5/19/2015 12:00:00 AM,26305,11416,14889
4/25/2015 12:00:00 AM,5/20/2015 12:00:00 AM,24423,11000,13423
4/25/2015 12:00:00 AM,5/21/2015 12:00:00 AM,23592,10578,13014
4/25/2015 12:00:00 AM,5/22/2015 12:00:00 AM,22772,10493,12279
4/25/2015 12:00:00 AM,5/23/2015 12:00:00 AM,23838,12279,11559
4/25/2015 12:00:00 AM,5/24/2015 12:00:00 AM,22071,11121,10950
4/25/2015 12:00:00 AM,5/25/2015 12:00:00 AM,18581,8973,9608
4/25/2015 12:00:00 AM,5/26/2015 12:00:00 AM,16310,6986,9324
4/25/2015 12:00:00 AM,5/27/2015 12:00:00 AM,15835,6983,8852
4/25/2015 12:00:00 AM,5/28/2015 12:00:00 AM,16260,7463,8797
4/25/2015 12:00:00 AM,5/29/2015 12:00:00 AM,14490,6473,8017
4/25/2015 12:00:00 AM,5/30/2015 12:00:00 AM,16520,8095,8425
4/25/2015 12:00:00 AM,5/31/2015 12:00:00 AM,13691,7267,6424
4/25/2015 12:00:00 AM,6/1/2015 12:00:00 AM,9451,5232,4219
4/25/2015 12:00:00 AM,6/2/2015 12:00:00 AM,4864,1665,3199
4/25/2015 12:00:00 AM,6/3/2015 12:00:00 AM,6046,2453,3593
4/25/2015 12:00:00 AM,6/4/2015 12:00:00 AM,4927,1758,3169
4/25/2015 12:00:00 AM,6/5/2015 12:00:00 AM,4927,1758,3169
4/25/2015 12:00:00 AM,6/6/2015 12:00:00 AM,3989,1658,2331
4/25/2015 12:00:00 AM,6/7/2015 12:00:00 AM,3132,1658,1474
4/25/2015 12:00:00 AM,6/8/2015 12:00:00 AM,3657,1358,2299
4/25/2015 12:00:00 AM,6/9/2015 12:00:00 AM,2283,773,1510
4/25/2015 12:00:00 AM,6/10/2015 12:00:00 AM,2283,773,1510
4/25/2015 12:00:00 AM,6/11/2015 12:00:00 AM,2256,773,1483
4/25/2015 12:00:00 AM,6/12/2015 12:00:00 AM,2256,773,1483
4/25/2015 12:00:00 AM,6/13/2015 12:00:00 AM,2163,680,1483
4/25/2015 12:00:00 AM,6/14/2015 12:00:00 AM,2220,773,1447
4/25/2015 12:00:00 AM,6/15/2015 12:00:00 AM,126,19,107
4/25/2015 12:00:00 AM,6/16/2015 12:00:00 AM,126,19,107
4/25/2015 12:00:00 AM,6/17/2015 12:00:00 AM,126,19,107
4/25/2015 12:00:00 AM,6/18/2015 12:00:00 AM,126,19,107
4/25/2015 12:00:00 AM,6/19/2015 12:00:00 AM,126,19,107
4/25/2015 12:00:00 AM,6/20/2015 12:00:00 AM,87,19,68
4/25/2015 12:00:00 AM,6/21/2015 12:00:00 AM,87,19,68
4/25/2015 12:00:00 AM,6/22/2015 12:00:00 AM,87,19,68
4/25/2015 12:00:00 AM,6/23/2015 12:00:00 AM,87,19,68
4/25/2015 12:00:00 AM,6/24/2015 12:00:00 AM,87,19,68
4/25/2015 12:00:00 AM,6/25/2015 12:00:00 AM,152,19,133
4/25/2015 12:00:00 AM,6/26/2015 12:00:00 AM,87,19,68
4/25/2015 12:00:00 AM,6/27/2015 12:00:00 AM,39,19,20
4/25/2015 12:00:00 AM,6/28/2015 12:00:00 AM,39,19,20
4/25/2015 12:00:00 AM,6/29/2015 12:00:00 AM,39,19,20
4/25/2015 12:00:00 AM,6/30/2015 12:00:00 AM,39,19,20
4/25/2015 12:00:00 AM,7/1/2015 12:00:00 AM,39,19,20
4/25/2015 12:00:00 AM,7/2/2015 12:00:00 AM,39,19,20
4/25/2015 12:00:00 AM,7/3/2015 12:00:00 AM,39,19,20
4/25/2015 12:00:00 AM,7/4/2015 12:00:00 AM,39,19,20
4/25/2015 12:00:00 AM,7/5/2015 12:00:00 AM,39,19,20
4/25/2015 12:00:00 AM,7/6/2015 12:00:00 AM,39,19,20
4/25/2015 12:00:00 AM,7/7/2015 12:00:00 AM,116,19,97
4/25/2015 12:00:00 AM,7/8/2015 12:00:00 AM,169,19,150
4/25/2015 12:00:00 AM,7/9/2015 12:00:00 AM,104,19,85
4/25/2015 12:00:00 AM,7/10/2015 12:00:00 AM,104,19,85
4/25/2015 12:00:00 AM,7/11/2015 12:00:00 AM,104,19,85
4/25/2015 12:00:00 AM,7/12/2015 12:00:00 AM,104,19,85
4/25/2015 12:00:00 AM,7/13/2015 12:00:00 AM,117,32,85
4/25/2015 12:00:00 AM,7/14/2015 12:00:00 AM,117,32,85
4/25/2015 12:00:00 AM,7/15/2015 12:00:00 AM,117,32,85
4/25/2015 12:00:00 AM,7/16/2015 12:00:00 AM,117,32,85
4/25/2015 12:00:00 AM,7/17/2015 12:00:00 AM,117,32,85
4/25/2015 12:00:00 AM,7/18/2015 12:00:00 AM,117,32,85
4/25/2015 12:00:00 AM,7/19/2015 12:00:00 AM,104,19,85
4/25/2015 12:00:00 AM,7/20/2015 12:00:00 AM,117,32,85
4/25/2015 12:00:00 AM,7/21/2015 12:00:00 AM,117,32,85
4/25/2015 12:00:00 AM,7/22/2015 12:00:00 AM,117,32,85
4/25/2015 12:00:00 AM,7/23/2015 12:00:00 AM,117,32,85
4/25/2015 12:00:00 AM,7/24/2015 12:00:00 AM,117,32,85
4/25/2015 12:00:00 AM,7/25/2015 12:00:00 AM,117,32,85
4/24/2015 12:00:00 AM,4/25/2015 12:00:00 AM,44485,21129,23356
4/24/2015 12:00:00 AM,4/26/2015 12:00:00 AM,44222,19493,24729
4/24/2015 12:00:00 AM,4/27/2015 12:00:00 AM,44483,19693,24790
4/24/2015 12:00:00 AM,4/28/2015 12:00:00 AM,40040,14838,25202
4/24/2015 12:00:00 AM,4/29/2015 12:00:00 AM,38964,14775,24189
4/24/2015 12:00:00 AM,4/30/2015 12:00:00 AM,39871,15232,24639
4/24/2015 12:00:00 AM,5/1/2015 12:00:00 AM,37845,14793,23052
4/24/2015 12:00:00 AM,5/2/2015 12:00:00 AM,41172,18218,22954
4/24/2015 12:00:00 AM,5/3/2015 12:00:00 AM,41651,17708,23943
4/24/2015 12:00:00 AM,5/4/2015 12:00:00 AM,41971,19191,22780
4/24/2015 12:00:00 AM,5/5/2015 12:00:00 AM,37436,16962,20474
4/24/2015 12:00:00 AM,5/6/2015 12:00:00 AM,38982,16853,22129
4/24/2015 12:00:00 AM,5/7/2015 12:00:00 AM,36444,16867,19577
4/24/2015 12:00:00 AM,5/8/2015 12:00:00 AM,37016,17272,19744
4/24/2015 12:00:00 AM,5/9/2015 12:00:00 AM,37519,19132,18387
4/24/2015 12:00:00 AM,5/10/2015 12:00:00 AM,36667,19283,17384
4/24/2015 12:00:00 AM,5/11/2015 12:00:00 AM,36144,17988,18156
4/24/2015 12:00:00 AM,5/12/2015 12:00:00 AM,34355,16633,17722
4/24/2015 12:00:00 AM,5/13/2015 12:00:00 AM,34065,16327,17738
4/24/2015 12:00:00 AM,5/14/2015 12:00:00 AM,33886,16039,17847
4/24/2015 12:00:00 AM,5/15/2015 12:00:00 AM,31730,15316,16414
4/24/2015 12:00:00 AM,5/16/2015 12:00:00 AM,34475,17131,17344
4/24/2015 12:00:00 AM,5/17/2015 12:00:00 AM,31048,14903,16145
4/24/2015 12:00:00 AM,5/18/2015 12:00:00 AM,29846,15611,14235
4/24/2015 12:00:00 AM,5/19/2015 12:00:00 AM,26086,11926,14160
4/24/2015 12:00:00 AM,5/20/2015 12:00:00 AM,24739,11510,13229
4/24/2015 12:00:00 AM,5/21/2015 12:00:00 AM,23373,11088,12285
4/24/2015 12:00:00 AM,5/22/2015 12:00:00 AM,22553,11003,11550
4/24/2015 12:00:00 AM,5/23/2015 12:00:00 AM,23591,12789,10802
4/24/2015 12:00:00 AM,5/24/2015 12:00:00 AM,21824,11631,10193
4/24/2015 12:00:00 AM,5/25/2015 12:00:00 AM,17824,8973,8851
4/24/2015 12:00:00 AM,5/26/2015 12:00:00 AM,15553,6986,8567
4/24/2015 12:00:00 AM,5/27/2015 12:00:00 AM,15078,6983,8095
4/24/2015 12:00:00 AM,5/28/2015 12:00:00 AM,15503,7463,8040
4/24/2015 12:00:00 AM,5/29/2015 12:00:00 AM,13733,6473,7260
4/24/2015 12:00:00 AM,5/30/2015 12:00:00 AM,15763,8095,7668
4/24/2015 12:00:00 AM,5/31/2015 12:00:00 AM,12937,7267,5670
4/24/2015 12:00:00 AM,6/1/2015 12:00:00 AM,8694,5232,3462
4/24/2015 12:00:00 AM,6/2/2015 12:00:00 AM,4107,1665,2442
4/24/2015 12:00:00 AM,6/3/2015 12:00:00 AM,5289,2453,2836
4/24/2015 12:00:00 AM,6/4/2015 12:00:00 AM,4170,1758,2412
4/24/2015 12:00:00 AM,6/5/2015 12:00:00 AM,4170,1758,2412
4/24/2015 12:00:00 AM,6/6/2015 12:00:00 AM,3232,1658,1574
4/24/2015 12:00:00 AM,6/7/2015 12:00:00 AM,2375,1658,717
4/24/2015 12:00:00 AM,6/8/2015 12:00:00 AM,2900,1358,1542
4/24/2015 12:00:00 AM,6/9/2015 12:00:00 AM,1526,773,753
4/24/2015 12:00:00 AM,6/10/2015 12:00:00 AM,1526,773,753
4/24/2015 12:00:00 AM,6/11/2015 12:00:00 AM,1499,773,726
4/24/2015 12:00:00 AM,6/12/2015 12:00:00 AM,1499,773,726
4/24/2015 12:00:00 AM,6/13/2015 12:00:00 AM,1406,680,726
4/24/2015 12:00:00 AM,6/14/2015 12:00:00 AM,1463,773,690
4/24/2015 12:00:00 AM,6/15/2015 12:00:00 AM,126,19,107
4/24/2015 12:00:00 AM,6/16/2015 12:00:00 AM,126,19,107
4/24/2015 12:00:00 AM,6/17/2015 12:00:00 AM,126,19,107
4/24/2015 12:00:00 AM,6/18/2015 12:00:00 AM,126,19,107
4/24/2015 12:00:00 AM,6/19/2015 12:00:00 AM,126,19,107
4/24/2015 12:00:00 AM,6/20/2015 12:00:00 AM,87,19,68
4/24/2015 12:00:00 AM,6/21/2015 12:00:00 AM,87,19,68
4/24/2015 12:00:00 AM,6/22/2015 12:00:00 AM,87,19,68
4/24/2015 12:00:00 AM,6/23/2015 12:00:00 AM,87,19,68
4/24/2015 12:00:00 AM,6/24/2015 12:00:00 AM,87,19,68
4/24/2015 12:00:00 AM,6/25/2015 12:00:00 AM,152,19,133
4/24/2015 12:00:00 AM,6/26/2015 12:00:00 AM,87,19,68
4/24/2015 12:00:00 AM,6/27/2015 12:00:00 AM,39,19,20
4/24/2015 12:00:00 AM,6/28/2015 12:00:00 AM,39,19,20
4/24/2015 12:00:00 AM,6/29/2015 12:00:00 AM,39,19,20
4/24/2015 12:00:00 AM,6/30/2015 12:00:00 AM,39,19,20
4/24/2015 12:00:00 AM,7/1/2015 12:00:00 AM,39,19,20
4/24/2015 12:00:00 AM,7/2/2015 12:00:00 AM,39,19,20
4/24/2015 12:00:00 AM,7/3/2015 12:00:00 AM,39,19,20
4/24/2015 12:00:00 AM,7/4/2015 12:00:00 AM,39,19,20
4/24/2015 12:00:00 AM,7/5/2015 12:00:00 AM,39,19,20
4/24/2015 12:00:00 AM,7/6/2015 12:00:00 AM,39,19,20
4/24/2015 12:00:00 AM,7/7/2015 12:00:00 AM,116,19,97
4/24/2015 12:00:00 AM,7/8/2015 12:00:00 AM,169,19,150
4/24/2015 12:00:00 AM,7/9/2015 12:00:00 AM,104,19,85
4/24/2015 12:00:00 AM,7/10/2015 12:00:00 AM,104,19,85
4/24/2015 12:00:00 AM,7/11/2015 12:00:00 AM,104,19,85
4/24/2015 12:00:00 AM,7/12/2015 12:00:00 AM,104,19,85
4/24/2015 12:00:00 AM,7/13/2015 12:00:00 AM,117,32,85
4/24/2015 12:00:00 AM,7/14/2015 12:00:00 AM,117,32,85
4/24/2015 12:00:00 AM,7/15/2015 12:00:00 AM,117,32,85
4/24/2015 12:00:00 AM,7/16/2015 12:00:00 AM,117,32,85
4/24/2015 12:00:00 AM,7/17/2015 12:00:00 AM,117,32,85
4/24/2015 12:00:00 AM,7/18/2015 12:00:00 AM,117,32,85
4/24/2015 12:00:00 AM,7/19/2015 12:00:00 AM,104,19,85
4/24/2015 12:00:00 AM,7/20/2015 12:00:00 AM,117,32,85
4/24/2015 12:00:00 AM,7/21/2015 12:00:00 AM,117,32,85
4/24/2015 12:00:00 AM,7/22/2015 12:00:00 AM,117,32,85
4/24/2015 12:00:00 AM,7/23/2015 12:00:00 AM,117,32,85
4/24/2015 12:00:00 AM,7/24/2015 12:00:00 AM,117,32,85
4/23/2015 12:00:00 AM,4/24/2015 12:00:00 AM,44575,20671,23904
4/23/2015 12:00:00 AM,4/25/2015 12:00:00 AM,43969,20076,23893
4/23/2015 12:00:00 AM,4/26/2015 12:00:00 AM,43063,18440,24623
4/23/2015 12:00:00 AM,4/27/2015 12:00:00 AM,43377,18640,24737
4/23/2015 12:00:00 AM,4/28/2015 12:00:00 AM,39638,14436,25202
4/23/2015 12:00:00 AM,4/29/2015 12:00:00 AM,38647,14373,24274
4/23/2015 12:00:00 AM,4/30/2015 12:00:00 AM,39554,14830,24724
4/23/2015 12:00:00 AM,5/1/2015 12:00:00 AM,37528,14391,23137
4/23/2015 12:00:00 AM,5/2/2015 12:00:00 AM,40855,17816,23039
4/23/2015 12:00:00 AM,5/3/2015 12:00:00 AM,41334,17306,24028
4/23/2015 12:00:00 AM,5/4/2015 12:00:00 AM,41555,18605,22950
4/23/2015 12:00:00 AM,5/5/2015 12:00:00 AM,37422,16778,20644
4/23/2015 12:00:00 AM,5/6/2015 12:00:00 AM,38883,16669,22214
4/23/2015 12:00:00 AM,5/7/2015 12:00:00 AM,36430,16683,19747
4/23/2015 12:00:00 AM,5/8/2015 12:00:00 AM,37016,17272,19744
4/23/2015 12:00:00 AM,5/9/2015 12:00:00 AM,37884,19412,18472
4/23/2015 12:00:00 AM,5/10/2015 12:00:00 AM,36947,19563,17384
4/23/2015 12:00:00 AM,5/11/2015 12:00:00 AM,35864,17708,18156
4/23/2015 12:00:00 AM,5/12/2015 12:00:00 AM,34075,16353,17722
4/23/2015 12:00:00 AM,5/13/2015 12:00:00 AM,33785,16047,17738
4/23/2015 12:00:00 AM,5/14/2015 12:00:00 AM,33691,15759,17932
4/23/2015 12:00:00 AM,5/15/2015 12:00:00 AM,31450,15036,16414
4/23/2015 12:00:00 AM,5/16/2015 12:00:00 AM,34560,17131,17429
4/23/2015 12:00:00 AM,5/17/2015 12:00:00 AM,31048,14903,16145
4/23/2015 12:00:00 AM,5/18/2015 12:00:00 AM,29566,15331,14235
4/23/2015 12:00:00 AM,5/19/2015 12:00:00 AM,25806,11646,14160
4/23/2015 12:00:00 AM,5/20/2015 12:00:00 AM,24739,11510,13229
4/23/2015 12:00:00 AM,5/21/2015 12:00:00 AM,23373,11088,12285
4/23/2015 12:00:00 AM,5/22/2015 12:00:00 AM,21953,10403,11550
4/23/2015 12:00:00 AM,5/23/2015 12:00:00 AM,23591,12789,10802
4/23/2015 12:00:00 AM,5/24/2015 12:00:00 AM,21824,11631,10193
4/23/2015 12:00:00 AM,5/25/2015 12:00:00 AM,18104,9253,8851
4/23/2015 12:00:00 AM,5/26/2015 12:00:00 AM,15833,7266,8567
4/23/2015 12:00:00 AM,5/27/2015 12:00:00 AM,15358,7263,8095
4/23/2015 12:00:00 AM,5/28/2015 12:00:00 AM,15503,7463,8040
4/23/2015 12:00:00 AM,5/29/2015 12:00:00 AM,13733,6473,7260
4/23/2015 12:00:00 AM,5/30/2015 12:00:00 AM,15253,7585,7668
4/23/2015 12:00:00 AM,5/31/2015 12:00:00 AM,12427,6757,5670
4/23/2015 12:00:00 AM,6/1/2015 12:00:00 AM,8184,4722,3462
4/23/2015 12:00:00 AM,6/2/2015 12:00:00 AM,3597,1155,2442
4/23/2015 12:00:00 AM,6/3/2015 12:00:00 AM,4779,1943,2836
4/23/2015 12:00:00 AM,6/4/2015 12:00:00 AM,3660,1248,2412
4/23/2015 12:00:00 AM,6/5/2015 12:00:00 AM,3660,1248,2412
4/23/2015 12:00:00 AM,6/6/2015 12:00:00 AM,2722,1148,1574
4/23/2015 12:00:00 AM,6/7/2015 12:00:00 AM,1865,1148,717
4/23/2015 12:00:00 AM,6/8/2015 12:00:00 AM,2390,848,1542
4/23/2015 12:00:00 AM,6/9/2015 12:00:00 AM,1016,263,753
4/23/2015 12:00:00 AM,6/10/2015 12:00:00 AM,1016,263,753
4/23/2015 12:00:00 AM,6/11/2015 12:00:00 AM,989,263,726
4/23/2015 12:00:00 AM,6/12/2015 12:00:00 AM,989,263,726
4/23/2015 12:00:00 AM,6/13/2015 12:00:00 AM,896,170,726
4/23/2015 12:00:00 AM,6/14/2015 12:00:00 AM,953,263,690
4/23/2015 12:00:00 AM,6/15/2015 12:00:00 AM,126,19,107
4/23/2015 12:00:00 AM,6/16/2015 12:00:00 AM,126,19,107
4/23/2015 12:00:00 AM,6/17/2015 12:00:00 AM,126,19,107
4/23/2015 12:00:00 AM,6/18/2015 12:00:00 AM,126,19,107
4/23/2015 12:00:00 AM,6/19/2015 12:00:00 AM,126,19,107
4/23/2015 12:00:00 AM,6/20/2015 12:00:00 AM,87,19,68
4/23/2015 12:00:00 AM,6/21/2015 12:00:00 AM,87,19,68
4/23/2015 12:00:00 AM,6/22/2015 12:00:00 AM,87,19,68
4/23/2015 12:00:00 AM,6/23/2015 12:00:00 AM,87,19,68
4/23/2015 12:00:00 AM,6/24/2015 12:00:00 AM,87,19,68
4/23/2015 12:00:00 AM,6/25/2015 12:00:00 AM,152,19,133
4/23/2015 12:00:00 AM,6/26/2015 12:00:00 AM,87,19,68
4/23/2015 12:00:00 AM,6/27/2015 12:00:00 AM,39,19,20
4/23/2015 12:00:00 AM,6/28/2015 12:00:00 AM,39,19,20
4/23/2015 12:00:00 AM,6/29/2015 12:00:00 AM,39,19,20
4/23/2015 12:00:00 AM,6/30/2015 12:00:00 AM,39,19,20
4/23/2015 12:00:00 AM,7/1/2015 12:00:00 AM,39,19,20
4/23/2015 12:00:00 AM,7/2/2015 12:00:00 AM,39,19,20
4/23/2015 12:00:00 AM,7/3/2015 12:00:00 AM,39,19,20
4/23/2015 12:00:00 AM,7/4/2015 12:00:00 AM,39,19,20
4/23/2015 12:00:00 AM,7/5/2015 12:00:00 AM,39,19,20
4/23/2015 12:00:00 AM,7/6/2015 12:00:00 AM,39,19,20
4/23/2015 12:00:00 AM,7/7/2015 12:00:00 AM,116,19,97
4/23/2015 12:00:00 AM,7/8/2015 12:00:00 AM,169,19,150
4/23/2015 12:00:00 AM,7/9/2015 12:00:00 AM,104,19,85
4/23/2015 12:00:00 AM,7/10/2015 12:00:00 AM,104,19,85
4/23/2015 12:00:00 AM,7/11/2015 12:00:00 AM,104,19,85
4/23/2015 12:00:00 AM,7/12/2015 12:00:00 AM,104,19,85
4/23/2015 12:00:00 AM,7/13/2015 12:00:00 AM,117,32,85
4/23/2015 12:00:00 AM,7/14/2015 12:00:00 AM,117,32,85
4/23/2015 12:00:00 AM,7/15/2015 12:00:00 AM,117,32,85
4/23/2015 12:00:00 AM,7/16/2015 12:00:00 AM,117,32,85
4/23/2015 12:00:00 AM,7/17/2015 12:00:00 AM,117,32,85
4/23/2015 12:00:00 AM,7/18/2015 12:00:00 AM,117,32,85
4/23/2015 12:00:00 AM,7/19/2015 12:00:00 AM,104,19,85
4/23/2015 12:00:00 AM,7/20/2015 12:00:00 AM,117,32,85
4/23/2015 12:00:00 AM,7/21/2015 12:00:00 AM,117,32,85
4/23/2015 12:00:00 AM,7/22/2015 12:00:00 AM,117,32,85
4/23/2015 12:00:00 AM,7/23/2015 12:00:00 AM,117,32,85
4/22/2015 12:00:00 AM,4/23/2015 12:00:00 AM,46155,22658,23497
4/22/2015 12:00:00 AM,4/24/2015 12:00:00 AM,45547,22171,23376
4/22/2015 12:00:00 AM,4/25/2015 12:00:00 AM,45611,21576,24035
4/22/2015 12:00:00 AM,4/26/2015 12:00:00 AM,42775,18620,24155
4/22/2015 12:00:00 AM,4/27/2015 12:00:00 AM,42801,18640,24161
4/22/2015 12:00:00 AM,4/28/2015 12:00:00 AM,39062,14436,24626
4/22/2015 12:00:00 AM,4/29/2015 12:00:00 AM,38681,14373,24308
4/22/2015 12:00:00 AM,4/30/2015 12:00:00 AM,38978,14830,24148
4/22/2015 12:00:00 AM,5/1/2015 12:00:00 AM,37528,14391,23137
4/22/2015 12:00:00 AM,5/2/2015 12:00:00 AM,40889,17816,23073
4/22/2015 12:00:00 AM,5/3/2015 12:00:00 AM,41334,17306,24028
4/22/2015 12:00:00 AM,5/4/2015 12:00:00 AM,41640,18605,23035
4/22/2015 12:00:00 AM,5/5/2015 12:00:00 AM,37507,16778,20729
4/22/2015 12:00:00 AM,5/6/2015 12:00:00 AM,38968,16669,22299
4/22/2015 12:00:00 AM,5/7/2015 12:00:00 AM,36430,16683,19747
4/22/2015 12:00:00 AM,5/8/2015 12:00:00 AM,37101,17272,19829
4/22/2015 12:00:00 AM,5/9/2015 12:00:00 AM,37884,19412,18472
4/22/2015 12:00:00 AM,5/10/2015 12:00:00 AM,36947,19563,17384
4/22/2015 12:00:00 AM,5/11/2015 12:00:00 AM,35864,17708,18156
4/22/2015 12:00:00 AM,5/12/2015 12:00:00 AM,34075,16353,17722
4/22/2015 12:00:00 AM,5/13/2015 12:00:00 AM,33785,16047,17738
4/22/2015 12:00:00 AM,5/14/2015 12:00:00 AM,33691,15759,17932
4/22/2015 12:00:00 AM,5/15/2015 12:00:00 AM,31450,15036,16414
4/22/2015 12:00:00 AM,5/16/2015 12:00:00 AM,34560,17131,17429
4/22/2015 12:00:00 AM,5/17/2015 12:00:00 AM,31048,14903,16145
4/22/2015 12:00:00 AM,5/18/2015 12:00:00 AM,29006,15331,13675
4/22/2015 12:00:00 AM,5/19/2015 12:00:00 AM,25246,11646,13600
4/22/2015 12:00:00 AM,5/20/2015 12:00:00 AM,24179,11510,12669
4/22/2015 12:00:00 AM,5/21/2015 12:00:00 AM,22813,11088,11725
4/22/2015 12:00:00 AM,5/22/2015 12:00:00 AM,21393,10403,10990
4/22/2015 12:00:00 AM,5/23/2015 12:00:00 AM,23031,12789,10242
4/22/2015 12:00:00 AM,5/24/2015 12:00:00 AM,21264,11631,9633
4/22/2015 12:00:00 AM,5/25/2015 12:00:00 AM,18104,9253,8851
4/22/2015 12:00:00 AM,5/26/2015 12:00:00 AM,15833,7266,8567
4/22/2015 12:00:00 AM,5/27/2015 12:00:00 AM,15358,7263,8095
4/22/2015 12:00:00 AM,5/28/2015 12:00:00 AM,15503,7463,8040
4/22/2015 12:00:00 AM,5/29/2015 12:00:00 AM,13733,6473,7260
4/22/2015 12:00:00 AM,5/30/2015 12:00:00 AM,15253,7585,7668
4/22/2015 12:00:00 AM,5/31/2015 12:00:00 AM,12427,6757,5670
4/22/2015 12:00:00 AM,6/1/2015 12:00:00 AM,8184,4722,3462
4/22/2015 12:00:00 AM,6/2/2015 12:00:00 AM,3597,1155,2442
4/22/2015 12:00:00 AM,6/3/2015 12:00:00 AM,4779,1943,2836
4/22/2015 12:00:00 AM,6/4/2015 12:00:00 AM,3660,1248,2412
4/22/2015 12:00:00 AM,6/5/2015 12:00:00 AM,3660,1248,2412
4/22/2015 12:00:00 AM,6/6/2015 12:00:00 AM,2722,1148,1574
4/22/2015 12:00:00 AM,6/7/2015 12:00:00 AM,1865,1148,717
4/22/2015 12:00:00 AM,6/8/2015 12:00:00 AM,2390,848,1542
4/22/2015 12:00:00 AM,6/9/2015 12:00:00 AM,1016,263,753
4/22/2015 12:00:00 AM,6/10/2015 12:00:00 AM,1016,263,753
4/22/2015 12:00:00 AM,6/11/2015 12:00:00 AM,989,263,726
4/22/2015 12:00:00 AM,6/12/2015 12:00:00 AM,989,263,726
4/22/2015 12:00:00 AM,6/13/2015 12:00:00 AM,896,170,726
4/22/2015 12:00:00 AM,6/14/2015 12:00:00 AM,953,263,690
4/22/2015 12:00:00 AM,6/15/2015 12:00:00 AM,126,19,107
4/22/2015 12:00:00 AM,6/16/2015 12:00:00 AM,126,19,107
4/22/2015 12:00:00 AM,6/17/2015 12:00:00 AM,126,19,107
4/22/2015 12:00:00 AM,6/18/2015 12:00:00 AM,126,19,107
4/22/2015 12:00:00 AM,6/19/2015 12:00:00 AM,126,19,107
4/22/2015 12:00:00 AM,6/20/2015 12:00:00 AM,87,19,68
4/22/2015 12:00:00 AM,6/21/2015 12:00:00 AM,87,19,68
4/22/2015 12:00:00 AM,6/22/2015 12:00:00 AM,87,19,68
4/22/2015 12:00:00 AM,6/23/2015 12:00:00 AM,87,19,68
4/22/2015 12:00:00 AM,6/24/2015 12:00:00 AM,87,19,68
4/22/2015 12:00:00 AM,6/25/2015 12:00:00 AM,152,19,133
4/22/2015 12:00:00 AM,6/26/2015 12:00:00 AM,87,19,68
4/22/2015 12:00:00 AM,6/27/2015 12:00:00 AM,39,19,20
4/22/2015 12:00:00 AM,6/28/2015 12:00:00 AM,39,19,20
4/22/2015 12:00:00 AM,6/29/2015 12:00:00 AM,39,19,20
4/22/2015 12:00:00 AM,6/30/2015 12:00:00 AM,39,19,20
4/22/2015 12:00:00 AM,7/1/2015 12:00:00 AM,39,19,20
4/22/2015 12:00:00 AM,7/2/2015 12:00:00 AM,39,19,20
4/22/2015 12:00:00 AM,7/3/2015 12:00:00 AM,39,19,20
4/22/2015 12:00:00 AM,7/4/2015 12:00:00 AM,39,19,20
4/22/2015 12:00:00 AM,7/5/2015 12:00:00 AM,39,19,20
4/22/2015 12:00:00 AM,7/6/2015 12:00:00 AM,39,19,20
4/22/2015 12:00:00 AM,7/7/2015 12:00:00 AM,116,19,97
4/22/2015 12:00:00 AM,7/8/2015 12:00:00 AM,169,19,150
4/22/2015 12:00:00 AM,7/9/2015 12:00:00 AM,104,19,85
4/22/2015 12:00:00 AM,7/10/2015 12:00:00 AM,104,19,85
4/22/2015 12:00:00 AM,7/11/2015 12:00:00 AM,104,19,85
4/22/2015 12:00:00 AM,7/12/2015 12:00:00 AM,104,19,85
4/22/2015 12:00:00 AM,7/13/2015 12:00:00 AM,117,32,85
4/22/2015 12:00:00 AM,7/14/2015 12:00:00 AM,117,32,85
4/22/2015 12:00:00 AM,7/15/2015 12:00:00 AM,117,32,85
4/22/2015 12:00:00 AM,7/16/2015 12:00:00 AM,117,32,85
4/22/2015 12:00:00 AM,7/17/2015 12:00:00 AM,117,32,85
4/22/2015 12:00:00 AM,7/18/2015 12:00:00 AM,117,32,85
4/22/2015 12:00:00 AM,7/19/2015 12:00:00 AM,104,19,85
4/22/2015 12:00:00 AM,7/20/2015 12:00:00 AM,117,32,85
4/22/2015 12:00:00 AM,7/21/2015 12:00:00 AM,117,32,85
4/22/2015 12:00:00 AM,7/22/2015 12:00:00 AM,117,32,85
4/21/2015 12:00:00 AM,4/22/2015 12:00:00 AM,48314,23173,25141
4/21/2015 12:00:00 AM,4/23/2015 12:00:00 AM,48448,23446,25002
4/21/2015 12:00:00 AM,4/24/2015 12:00:00 AM,46742,22775,23967
4/21/2015 12:00:00 AM,4/25/2015 12:00:00 AM,46578,21628,24950
4/21/2015 12:00:00 AM,4/26/2015 12:00:00 AM,43406,18672,24734
4/21/2015 12:00:00 AM,4/27/2015 12:00:00 AM,43390,18692,24698
4/21/2015 12:00:00 AM,4/28/2015 12:00:00 AM,39398,14890,24508
4/21/2015 12:00:00 AM,4/29/2015 12:00:00 AM,38491,14827,23664
4/21/2015 12:00:00 AM,4/30/2015 12:00:00 AM,37596,14646,22950
4/21/2015 12:00:00 AM,5/1/2015 12:00:00 AM,37863,14391,23472
4/21/2015 12:00:00 AM,5/2/2015 12:00:00 AM,40333,17816,22517
4/21/2015 12:00:00 AM,5/3/2015 12:00:00 AM,41095,17306,23789
4/21/2015 12:00:00 AM,5/4/2015 12:00:00 AM,41420,18605,22815
4/21/2015 12:00:00 AM,5/5/2015 12:00:00 AM,36629,16140,20489
4/21/2015 12:00:00 AM,5/6/2015 12:00:00 AM,38425,16669,21756
4/21/2015 12:00:00 AM,5/7/2015 12:00:00 AM,35249,16045,19204
4/21/2015 12:00:00 AM,5/8/2015 12:00:00 AM,35920,16634,19286
4/21/2015 12:00:00 AM,5/9/2015 12:00:00 AM,37901,18774,19127
4/21/2015 12:00:00 AM,5/10/2015 12:00:00 AM,36409,18925,17484
4/21/2015 12:00:00 AM,5/11/2015 12:00:00 AM,35881,17070,18811
4/21/2015 12:00:00 AM,5/12/2015 12:00:00 AM,34087,16353,17734
4/21/2015 12:00:00 AM,5/13/2015 12:00:00 AM,33159,15409,17750
4/21/2015 12:00:00 AM,5/14/2015 12:00:00 AM,33703,15759,17944
4/21/2015 12:00:00 AM,5/15/2015 12:00:00 AM,31450,15036,16414
4/21/2015 12:00:00 AM,5/16/2015 12:00:00 AM,34560,17131,17429
4/21/2015 12:00:00 AM,5/17/2015 12:00:00 AM,31048,14903,16145
4/21/2015 12:00:00 AM,5/18/2015 12:00:00 AM,29006,15331,13675
4/21/2015 12:00:00 AM,5/19/2015 12:00:00 AM,25246,11646,13600
4/21/2015 12:00:00 AM,5/20/2015 12:00:00 AM,24179,11510,12669
4/21/2015 12:00:00 AM,5/21/2015 12:00:00 AM,22813,11088,11725
4/21/2015 12:00:00 AM,5/22/2015 12:00:00 AM,21393,10403,10990
4/21/2015 12:00:00 AM,5/23/2015 12:00:00 AM,22611,12369,10242
4/21/2015 12:00:00 AM,5/24/2015 12:00:00 AM,20994,11361,9633
4/21/2015 12:00:00 AM,5/25/2015 12:00:00 AM,18104,9253,8851
4/21/2015 12:00:00 AM,5/26/2015 12:00:00 AM,15833,7266,8567
4/21/2015 12:00:00 AM,5/27/2015 12:00:00 AM,15358,7263,8095
4/21/2015 12:00:00 AM,5/28/2015 12:00:00 AM,15503,7463,8040
4/21/2015 12:00:00 AM,5/29/2015 12:00:00 AM,13733,6473,7260
4/21/2015 12:00:00 AM,5/30/2015 12:00:00 AM,15253,7585,7668
4/21/2015 12:00:00 AM,5/31/2015 12:00:00 AM,12427,6757,5670
4/21/2015 12:00:00 AM,6/1/2015 12:00:00 AM,8184,4722,3462
4/21/2015 12:00:00 AM,6/2/2015 12:00:00 AM,3597,1155,2442
4/21/2015 12:00:00 AM,6/3/2015 12:00:00 AM,4779,1943,2836
4/21/2015 12:00:00 AM,6/4/2015 12:00:00 AM,3660,1248,2412
4/21/2015 12:00:00 AM,6/5/2015 12:00:00 AM,3660,1248,2412
4/21/2015 12:00:00 AM,6/6/2015 12:00:00 AM,2722,1148,1574
4/21/2015 12:00:00 AM,6/7/2015 12:00:00 AM,1865,1148,717
4/21/2015 12:00:00 AM,6/8/2015 12:00:00 AM,2390,848,1542
4/21/2015 12:00:00 AM,6/9/2015 12:00:00 AM,1016,263,753
4/21/2015 12:00:00 AM,6/10/2015 12:00:00 AM,1016,263,753
4/21/2015 12:00:00 AM,6/11/2015 12:00:00 AM,989,263,726
4/21/2015 12:00:00 AM,6/12/2015 12:00:00 AM,989,263,726
4/21/2015 12:00:00 AM,6/13/2015 12:00:00 AM,896,170,726
4/21/2015 12:00:00 AM,6/14/2015 12:00:00 AM,953,263,690
4/21/2015 12:00:00 AM,6/15/2015 12:00:00 AM,126,19,107
4/21/2015 12:00:00 AM,6/16/2015 12:00:00 AM,126,19,107
4/21/2015 12:00:00 AM,6/17/2015 12:00:00 AM,126,19,107
4/21/2015 12:00:00 AM,6/18/2015 12:00:00 AM,126,19,107
4/21/2015 12:00:00 AM,6/19/2015 12:00:00 AM,126,19,107
4/21/2015 12:00:00 AM,6/20/2015 12:00:00 AM,87,19,68
4/21/2015 12:00:00 AM,6/21/2015 12:00:00 AM,87,19,68
4/21/2015 12:00:00 AM,6/22/2015 12:00:00 AM,87,19,68
4/21/2015 12:00:00 AM,6/23/2015 12:00:00 AM,87,19,68
4/21/2015 12:00:00 AM,6/24/2015 12:00:00 AM,87,19,68
4/21/2015 12:00:00 AM,6/25/2015 12:00:00 AM,152,19,133
4/21/2015 12:00:00 AM,6/26/2015 12:00:00 AM,87,19,68
4/21/2015 12:00:00 AM,6/27/2015 12:00:00 AM,39,19,20
4/21/2015 12:00:00 AM,6/28/2015 12:00:00 AM,39,19,20
4/21/2015 12:00:00 AM,6/29/2015 12:00:00 AM,39,19,20
4/21/2015 12:00:00 AM,6/30/2015 12:00:00 AM,39,19,20
4/21/2015 12:00:00 AM,7/1/2015 12:00:00 AM,39,19,20
4/21/2015 12:00:00 AM,7/2/2015 12:00:00 AM,39,19,20
4/21/2015 12:00:00 AM,7/3/2015 12:00:00 AM,39,19,20
4/21/2015 12:00:00 AM,7/4/2015 12:00:00 AM,39,19,20
4/21/2015 12:00:00 AM,7/5/2015 12:00:00 AM,39,19,20
4/21/2015 12:00:00 AM,7/6/2015 12:00:00 AM,39,19,20
4/21/2015 12:00:00 AM,7/7/2015 12:00:00 AM,116,19,97
4/21/2015 12:00:00 AM,7/8/2015 12:00:00 AM,169,19,150
4/21/2015 12:00:00 AM,7/9/2015 12:00:00 AM,104,19,85
4/21/2015 12:00:00 AM,7/10/2015 12:00:00 AM,104,19,85
4/21/2015 12:00:00 AM,7/11/2015 12:00:00 AM,104,19,85
4/21/2015 12:00:00 AM,7/12/2015 12:00:00 AM,104,19,85
4/21/2015 12:00:00 AM,7/13/2015 12:00:00 AM,117,32,85
4/21/2015 12:00:00 AM,7/14/2015 12:00:00 AM,117,32,85
4/21/2015 12:00:00 AM,7/15/2015 12:00:00 AM,117,32,85
4/21/2015 12:00:00 AM,7/16/2015 12:00:00 AM,117,32,85
4/21/2015 12:00:00 AM,7/17/2015 12:00:00 AM,117,32,85
4/21/2015 12:00:00 AM,7/18/2015 12:00:00 AM,117,32,85
4/21/2015 12:00:00 AM,7/19/2015 12:00:00 AM,104,19,85
4/21/2015 12:00:00 AM,7/20/2015 12:00:00 AM,117,32,85
4/21/2015 12:00:00 AM,7/21/2015 12:00:00 AM,117,32,85
4/20/2015 12:00:00 AM,4/21/2015 12:00:00 AM,50252,25000,25252
4/20/2015 12:00:00 AM,4/22/2015 12:00:00 AM,48007,22866,25141
4/20/2015 12:00:00 AM,4/23/2015 12:00:00 AM,48141,23139,25002
4/20/2015 12:00:00 AM,4/24/2015 12:00:00 AM,47040,23073,23967
4/20/2015 12:00:00 AM,4/25/2015 12:00:00 AM,45636,20686,24950
4/20/2015 12:00:00 AM,4/26/2015 12:00:00 AM,43929,19195,24734
4/20/2015 12:00:00 AM,4/27/2015 12:00:00 AM,43390,18692,24698
4/20/2015 12:00:00 AM,4/28/2015 12:00:00 AM,39203,14890,24313
4/20/2015 12:00:00 AM,4/29/2015 12:00:00 AM,38296,14827,23469
4/20/2015 12:00:00 AM,4/30/2015 12:00:00 AM,37596,14646,22950
4/20/2015 12:00:00 AM,5/1/2015 12:00:00 AM,37863,14391,23472
4/20/2015 12:00:00 AM,5/2/2015 12:00:00 AM,40333,17816,22517
4/20/2015 12:00:00 AM,5/3/2015 12:00:00 AM,41095,17306,23789
4/20/2015 12:00:00 AM,5/4/2015 12:00:00 AM,41265,18605,22660
4/20/2015 12:00:00 AM,5/5/2015 12:00:00 AM,36474,16140,20334
4/20/2015 12:00:00 AM,5/6/2015 12:00:00 AM,38270,16669,21601
4/20/2015 12:00:00 AM,5/7/2015 12:00:00 AM,35094,16045,19049
4/20/2015 12:00:00 AM,5/8/2015 12:00:00 AM,35765,16634,19131
4/20/2015 12:00:00 AM,5/9/2015 12:00:00 AM,37746,18774,18972
4/20/2015 12:00:00 AM,5/10/2015 12:00:00 AM,36254,18925,17329
4/20/2015 12:00:00 AM,5/11/2015 12:00:00 AM,35881,17070,18811
4/20/2015 12:00:00 AM,5/12/2015 12:00:00 AM,34087,16353,17734
4/20/2015 12:00:00 AM,5/13/2015 12:00:00 AM,33159,15409,17750
4/20/2015 12:00:00 AM,5/14/2015 12:00:00 AM,33703,15759,17944
4/20/2015 12:00:00 AM,5/15/2015 12:00:00 AM,31450,15036,16414
4/20/2015 12:00:00 AM,5/16/2015 12:00:00 AM,34560,17131,17429
4/20/2015 12:00:00 AM,5/17/2015 12:00:00 AM,31048,14903,16145
4/20/2015 12:00:00 AM,5/18/2015 12:00:00 AM,29006,15331,13675
4/20/2015 12:00:00 AM,5/19/2015 12:00:00 AM,25246,11646,13600
4/20/2015 12:00:00 AM,5/20/2015 12:00:00 AM,24179,11510,12669
4/20/2015 12:00:00 AM,5/21/2015 12:00:00 AM,22813,11088,11725
4/20/2015 12:00:00 AM,5/22/2015 12:00:00 AM,21393,10403,10990
4/20/2015 12:00:00 AM,5/23/2015 12:00:00 AM,22611,12369,10242
4/20/2015 12:00:00 AM,5/24/2015 12:00:00 AM,20994,11361,9633
4/20/2015 12:00:00 AM,5/25/2015 12:00:00 AM,18104,9253,8851
4/20/2015 12:00:00 AM,5/26/2015 12:00:00 AM,15833,7266,8567
4/20/2015 12:00:00 AM,5/27/2015 12:00:00 AM,15358,7263,8095
4/20/2015 12:00:00 AM,5/28/2015 12:00:00 AM,15503,7463,8040
4/20/2015 12:00:00 AM,5/29/2015 12:00:00 AM,13733,6473,7260
4/20/2015 12:00:00 AM,5/30/2015 12:00:00 AM,15253,7585,7668
4/20/2015 12:00:00 AM,5/31/2015 12:00:00 AM,12427,6757,5670
4/20/2015 12:00:00 AM,6/1/2015 12:00:00 AM,8184,4722,3462
4/20/2015 12:00:00 AM,6/2/2015 12:00:00 AM,3597,1155,2442
4/20/2015 12:00:00 AM,6/3/2015 12:00:00 AM,4779,1943,2836
4/20/2015 12:00:00 AM,6/4/2015 12:00:00 AM,3660,1248,2412
4/20/2015 12:00:00 AM,6/5/2015 12:00:00 AM,3660,1248,2412
4/20/2015 12:00:00 AM,6/6/2015 12:00:00 AM,2722,1148,1574
4/20/2015 12:00:00 AM,6/7/2015 12:00:00 AM,1865,1148,717
4/20/2015 12:00:00 AM,6/8/2015 12:00:00 AM,2390,848,1542
4/20/2015 12:00:00 AM,6/9/2015 12:00:00 AM,1016,263,753
4/20/2015 12:00:00 AM,6/10/2015 12:00:00 AM,1016,263,753
4/20/2015 12:00:00 AM,6/11/2015 12:00:00 AM,989,263,726
4/20/2015 12:00:00 AM,6/12/2015 12:00:00 AM,989,263,726
4/20/2015 12:00:00 AM,6/13/2015 12:00:00 AM,896,170,726
4/20/2015 12:00:00 AM,6/14/2015 12:00:00 AM,953,263,690
4/20/2015 12:00:00 AM,6/15/2015 12:00:00 AM,126,19,107
4/20/2015 12:00:00 AM,6/16/2015 12:00:00 AM,126,19,107
4/20/2015 12:00:00 AM,6/17/2015 12:00:00 AM,126,19,107
4/20/2015 12:00:00 AM,6/18/2015 12:00:00 AM,126,19,107
4/20/2015 12:00:00 AM,6/19/2015 12:00:00 AM,126,19,107
4/20/2015 12:00:00 AM,6/20/2015 12:00:00 AM,87,19,68
4/20/2015 12:00:00 AM,6/21/2015 12:00:00 AM,87,19,68
4/20/2015 12:00:00 AM,6/22/2015 12:00:00 AM,87,19,68
4/20/2015 12:00:00 AM,6/23/2015 12:00:00 AM,87,19,68
4/20/2015 12:00:00 AM,6/24/2015 12:00:00 AM,87,19,68
4/20/2015 12:00:00 AM,6/25/2015 12:00:00 AM,152,19,133
4/20/2015 12:00:00 AM,6/26/2015 12:00:00 AM,87,19,68
4/20/2015 12:00:00 AM,6/27/2015 12:00:00 AM,39,19,20
4/20/2015 12:00:00 AM,6/28/2015 12:00:00 AM,39,19,20
4/20/2015 12:00:00 AM,6/29/2015 12:00:00 AM,39,19,20
4/20/2015 12:00:00 AM,6/30/2015 12:00:00 AM,39,19,20
4/20/2015 12:00:00 AM,7/1/2015 12:00:00 AM,39,19,20
4/20/2015 12:00:00 AM,7/2/2015 12:00:00 AM,39,19,20
4/20/2015 12:00:00 AM,7/3/2015 12:00:00 AM,39,19,20
4/20/2015 12:00:00 AM,7/4/2015 12:00:00 AM,39,19,20
4/20/2015 12:00:00 AM,7/5/2015 12:00:00 AM,39,19,20
4/20/2015 12:00:00 AM,7/6/2015 12:00:00 AM,39,19,20
4/20/2015 12:00:00 AM,7/7/2015 12:00:00 AM,116,19,97
4/20/2015 12:00:00 AM,7/8/2015 12:00:00 AM,169,19,150
4/20/2015 12:00:00 AM,7/9/2015 12:00:00 AM,104,19,85
4/20/2015 12:00:00 AM,7/10/2015 12:00:00 AM,104,19,85
4/20/2015 12:00:00 AM,7/11/2015 12:00:00 AM,104,19,85
4/20/2015 12:00:00 AM,7/12/2015 12:00:00 AM,104,19,85
4/20/2015 12:00:00 AM,7/13/2015 12:00:00 AM,117,32,85
4/20/2015 12:00:00 AM,7/14/2015 12:00:00 AM,117,32,85
4/20/2015 12:00:00 AM,7/15/2015 12:00:00 AM,117,32,85
4/20/2015 12:00:00 AM,7/16/2015 12:00:00 AM,117,32,85
4/20/2015 12:00:00 AM,7/17/2015 12:00:00 AM,117,32,85
4/20/2015 12:00:00 AM,7/18/2015 12:00:00 AM,117,32,85
4/20/2015 12:00:00 AM,7/19/2015 12:00:00 AM,104,19,85
4/20/2015 12:00:00 AM,7/20/2015 12:00:00 AM,117,32,85
4/19/2015 12:00:00 AM,4/20/2015 12:00:00 AM,50732,25346,25386
4/19/2015 12:00:00 AM,4/21/2015 12:00:00 AM,49074,23822,25252
4/19/2015 12:00:00 AM,4/22/2015 12:00:00 AM,48092,22866,25226
4/19/2015 12:00:00 AM,4/23/2015 12:00:00 AM,48141,23139,25002
4/19/2015 12:00:00 AM,4/24/2015 12:00:00 AM,47040,23073,23967
4/19/2015 12:00:00 AM,4/25/2015 12:00:00 AM,45636,20686,24950
4/19/2015 12:00:00 AM,4/26/2015 12:00:00 AM,43929,19195,24734
4/19/2015 12:00:00 AM,4/27/2015 12:00:00 AM,43390,18692,24698
4/19/2015 12:00:00 AM,4/28/2015 12:00:00 AM,39203,14890,24313
4/19/2015 12:00:00 AM,4/29/2015 12:00:00 AM,38296,14827,23469
4/19/2015 12:00:00 AM,4/30/2015 12:00:00 AM,37596,14646,22950
4/19/2015 12:00:00 AM,5/1/2015 12:00:00 AM,37863,14391,23472
4/19/2015 12:00:00 AM,5/2/2015 12:00:00 AM,40333,17816,22517
4/19/2015 12:00:00 AM,5/3/2015 12:00:00 AM,41095,17306,23789
4/19/2015 12:00:00 AM,5/4/2015 12:00:00 AM,41265,18605,22660
4/19/2015 12:00:00 AM,5/5/2015 12:00:00 AM,36474,16140,20334
4/19/2015 12:00:00 AM,5/6/2015 12:00:00 AM,38270,16669,21601
4/19/2015 12:00:00 AM,5/7/2015 12:00:00 AM,35094,16045,19049
4/19/2015 12:00:00 AM,5/8/2015 12:00:00 AM,35765,16634,19131
4/19/2015 12:00:00 AM,5/9/2015 12:00:00 AM,37746,18774,18972
4/19/2015 12:00:00 AM,5/10/2015 12:00:00 AM,36254,18925,17329
4/19/2015 12:00:00 AM,5/11/2015 12:00:00 AM,35881,17070,18811
4/19/2015 12:00:00 AM,5/12/2015 12:00:00 AM,34087,16353,17734
4/19/2015 12:00:00 AM,5/13/2015 12:00:00 AM,33159,15409,17750
4/19/2015 12:00:00 AM,5/14/2015 12:00:00 AM,33703,15759,17944
4/19/2015 12:00:00 AM,5/15/2015 12:00:00 AM,31450,15036,16414
4/19/2015 12:00:00 AM,5/16/2015 12:00:00 AM,34560,17131,17429
4/19/2015 12:00:00 AM,5/17/2015 12:00:00 AM,31048,14903,16145
4/19/2015 12:00:00 AM,5/18/2015 12:00:00 AM,29006,15331,13675
4/19/2015 12:00:00 AM,5/19/2015 12:00:00 AM,25246,11646,13600
4/19/2015 12:00:00 AM,5/20/2015 12:00:00 AM,24179,11510,12669
4/19/2015 12:00:00 AM,5/21/2015 12:00:00 AM,22813,11088,11725
4/19/2015 12:00:00 AM,5/22/2015 12:00:00 AM,21393,10403,10990
4/19/2015 12:00:00 AM,5/23/2015 12:00:00 AM,22611,12369,10242
4/19/2015 12:00:00 AM,5/24/2015 12:00:00 AM,20994,11361,9633
4/19/2015 12:00:00 AM,5/25/2015 12:00:00 AM,18104,9253,8851
4/19/2015 12:00:00 AM,5/26/2015 12:00:00 AM,15833,7266,8567
4/19/2015 12:00:00 AM,5/27/2015 12:00:00 AM,15358,7263,8095
4/19/2015 12:00:00 AM,5/28/2015 12:00:00 AM,15503,7463,8040
4/19/2015 12:00:00 AM,5/29/2015 12:00:00 AM,13733,6473,7260
4/19/2015 12:00:00 AM,5/30/2015 12:00:00 AM,15253,7585,7668
4/19/2015 12:00:00 AM,5/31/2015 12:00:00 AM,12427,6757,5670
4/19/2015 12:00:00 AM,6/1/2015 12:00:00 AM,8184,4722,3462
4/19/2015 12:00:00 AM,6/2/2015 12:00:00 AM,3597,1155,2442
4/19/2015 12:00:00 AM,6/3/2015 12:00:00 AM,4779,1943,2836
4/19/2015 12:00:00 AM,6/4/2015 12:00:00 AM,3660,1248,2412
4/19/2015 12:00:00 AM,6/5/2015 12:00:00 AM,3660,1248,2412
4/19/2015 12:00:00 AM,6/6/2015 12:00:00 AM,2722,1148,1574
4/19/2015 12:00:00 AM,6/7/2015 12:00:00 AM,1865,1148,717
4/19/2015 12:00:00 AM,6/8/2015 12:00:00 AM,2390,848,1542
4/19/2015 12:00:00 AM,6/9/2015 12:00:00 AM,1016,263,753
4/19/2015 12:00:00 AM,6/10/2015 12:00:00 AM,1016,263,753
4/19/2015 12:00:00 AM,6/11/2015 12:00:00 AM,989,263,726
4/19/2015 12:00:00 AM,6/12/2015 12:00:00 AM,989,263,726
4/19/2015 12:00:00 AM,6/13/2015 12:00:00 AM,896,170,726
4/19/2015 12:00:00 AM,6/14/2015 12:00:00 AM,953,263,690
4/19/2015 12:00:00 AM,6/15/2015 12:00:00 AM,126,19,107
4/19/2015 12:00:00 AM,6/16/2015 12:00:00 AM,126,19,107
4/19/2015 12:00:00 AM,6/17/2015 12:00:00 AM,126,19,107
4/19/2015 12:00:00 AM,6/18/2015 12:00:00 AM,126,19,107
4/19/2015 12:00:00 AM,6/19/2015 12:00:00 AM,126,19,107
4/19/2015 12:00:00 AM,6/20/2015 12:00:00 AM,87,19,68
4/19/2015 12:00:00 AM,6/21/2015 12:00:00 AM,87,19,68
4/19/2015 12:00:00 AM,6/22/2015 12:00:00 AM,87,19,68
4/19/2015 12:00:00 AM,6/23/2015 12:00:00 AM,87,19,68
4/19/2015 12:00:00 AM,6/24/2015 12:00:00 AM,87,19,68
4/19/2015 12:00:00 AM,6/25/2015 12:00:00 AM,152,19,133
4/19/2015 12:00:00 AM,6/26/2015 12:00:00 AM,87,19,68
4/19/2015 12:00:00 AM,6/27/2015 12:00:00 AM,39,19,20
4/19/2015 12:00:00 AM,6/28/2015 12:00:00 AM,39,19,20
4/19/2015 12:00:00 AM,6/29/2015 12:00:00 AM,39,19,20
4/19/2015 12:00:00 AM,6/30/2015 12:00:00 AM,39,19,20
4/19/2015 12:00:00 AM,7/1/2015 12:00:00 AM,39,19,20
4/19/2015 12:00:00 AM,7/2/2015 12:00:00 AM,39,19,20
4/19/2015 12:00:00 AM,7/3/2015 12:00:00 AM,39,19,20
4/19/2015 12:00:00 AM,7/4/2015 12:00:00 AM,39,19,20
4/19/2015 12:00:00 AM,7/5/2015 12:00:00 AM,39,19,20
4/19/2015 12:00:00 AM,7/6/2015 12:00:00 AM,39,19,20
4/19/2015 12:00:00 AM,7/7/2015 12:00:00 AM,116,19,97
4/19/2015 12:00:00 AM,7/8/2015 12:00:00 AM,169,19,150
4/19/2015 12:00:00 AM,7/9/2015 12:00:00 AM,104,19,85
4/19/2015 12:00:00 AM,7/10/2015 12:00:00 AM,104,19,85
4/19/2015 12:00:00 AM,7/11/2015 12:00:00 AM,104,19,85
4/19/2015 12:00:00 AM,7/12/2015 12:00:00 AM,104,19,85
4/19/2015 12:00:00 AM,7/13/2015 12:00:00 AM,117,32,85
4/19/2015 12:00:00 AM,7/14/2015 12:00:00 AM,117,32,85
4/19/2015 12:00:00 AM,7/15/2015 12:00:00 AM,117,32,85
4/19/2015 12:00:00 AM,7/16/2015 12:00:00 AM,117,32,85
4/19/2015 12:00:00 AM,7/17/2015 12:00:00 AM,117,32,85
4/19/2015 12:00:00 AM,7/18/2015 12:00:00 AM,117,32,85
4/19/2015 12:00:00 AM,7/19/2015 12:00:00 AM,104,19,85
4/18/2015 12:00:00 AM,4/19/2015 12:00:00 AM,49516,25023,24493
4/18/2015 12:00:00 AM,4/20/2015 12:00:00 AM,50349,25399,24950
4/18/2015 12:00:00 AM,4/21/2015 12:00:00 AM,48487,23822,24665
4/18/2015 12:00:00 AM,4/22/2015 12:00:00 AM,47505,22866,24639
4/18/2015 12:00:00 AM,4/23/2015 12:00:00 AM,47554,23139,24415
4/18/2015 12:00:00 AM,4/24/2015 12:00:00 AM,47043,23073,23970
4/18/2015 12:00:00 AM,4/25/2015 12:00:00 AM,45639,20686,24953
4/18/2015 12:00:00 AM,4/26/2015 12:00:00 AM,43932,19195,24737
4/18/2015 12:00:00 AM,4/27/2015 12:00:00 AM,43393,18692,24701
4/18/2015 12:00:00 AM,4/28/2015 12:00:00 AM,39206,14890,24316
4/18/2015 12:00:00 AM,4/29/2015 12:00:00 AM,38299,14827,23472
4/18/2015 12:00:00 AM,4/30/2015 12:00:00 AM,37599,14646,22953
4/18/2015 12:00:00 AM,5/1/2015 12:00:00 AM,37866,14391,23475
4/18/2015 12:00:00 AM,5/2/2015 12:00:00 AM,40336,17816,22520
4/18/2015 12:00:00 AM,5/3/2015 12:00:00 AM,41098,17306,23792
4/18/2015 12:00:00 AM,5/4/2015 12:00:00 AM,41268,18605,22663
4/18/2015 12:00:00 AM,5/5/2015 12:00:00 AM,36477,16140,20337
4/18/2015 12:00:00 AM,5/6/2015 12:00:00 AM,38273,16669,21604
4/18/2015 12:00:00 AM,5/7/2015 12:00:00 AM,35097,16045,19052
4/18/2015 12:00:00 AM,5/8/2015 12:00:00 AM,35768,16634,19134
4/18/2015 12:00:00 AM,5/9/2015 12:00:00 AM,37749,18774,18975
4/18/2015 12:00:00 AM,5/10/2015 12:00:00 AM,36257,18925,17332
4/18/2015 12:00:00 AM,5/11/2015 12:00:00 AM,35884,17070,18814
4/18/2015 12:00:00 AM,5/12/2015 12:00:00 AM,34090,16353,17737
4/18/2015 12:00:00 AM,5/13/2015 12:00:00 AM,33162,15409,17753
4/18/2015 12:00:00 AM,5/14/2015 12:00:00 AM,33706,15759,17947
4/18/2015 12:00:00 AM,5/15/2015 12:00:00 AM,31453,15036,16417
4/18/2015 12:00:00 AM,5/16/2015 12:00:00 AM,34563,17131,17432
4/18/2015 12:00:00 AM,5/17/2015 12:00:00 AM,31051,14903,16148
4/18/2015 12:00:00 AM,5/18/2015 12:00:00 AM,29006,15331,13675
4/18/2015 12:00:00 AM,5/19/2015 12:00:00 AM,25249,11646,13603
4/18/2015 12:00:00 AM,5/20/2015 12:00:00 AM,24179,11510,12669
4/18/2015 12:00:00 AM,5/21/2015 12:00:00 AM,22813,11088,11725
4/18/2015 12:00:00 AM,5/22/2015 12:00:00 AM,21393,10403,10990
4/18/2015 12:00:00 AM,5/23/2015 12:00:00 AM,22611,12369,10242
4/18/2015 12:00:00 AM,5/24/2015 12:00:00 AM,20994,11361,9633
4/18/2015 12:00:00 AM,5/25/2015 12:00:00 AM,18104,9253,8851
4/18/2015 12:00:00 AM,5/26/2015 12:00:00 AM,15833,7266,8567
4/18/2015 12:00:00 AM,5/27/2015 12:00:00 AM,15358,7263,8095
4/18/2015 12:00:00 AM,5/28/2015 12:00:00 AM,15503,7463,8040
4/18/2015 12:00:00 AM,5/29/2015 12:00:00 AM,13733,6473,7260
4/18/2015 12:00:00 AM,5/30/2015 12:00:00 AM,14833,7165,7668
4/18/2015 12:00:00 AM,5/31/2015 12:00:00 AM,12157,6487,5670
4/18/2015 12:00:00 AM,6/1/2015 12:00:00 AM,8184,4722,3462
4/18/2015 12:00:00 AM,6/2/2015 12:00:00 AM,3597,1155,2442
4/18/2015 12:00:00 AM,6/3/2015 12:00:00 AM,4779,1943,2836
4/18/2015 12:00:00 AM,6/4/2015 12:00:00 AM,3660,1248,2412
4/18/2015 12:00:00 AM,6/5/2015 12:00:00 AM,3660,1248,2412
4/18/2015 12:00:00 AM,6/6/2015 12:00:00 AM,2722,1148,1574
4/18/2015 12:00:00 AM,6/7/2015 12:00:00 AM,1865,1148,717
4/18/2015 12:00:00 AM,6/8/2015 12:00:00 AM,2390,848,1542
4/18/2015 12:00:00 AM,6/9/2015 12:00:00 AM,1016,263,753
4/18/2015 12:00:00 AM,6/10/2015 12:00:00 AM,1016,263,753
4/18/2015 12:00:00 AM,6/11/2015 12:00:00 AM,989,263,726
4/18/2015 12:00:00 AM,6/12/2015 12:00:00 AM,989,263,726
4/18/2015 12:00:00 AM,6/13/2015 12:00:00 AM,896,170,726
4/18/2015 12:00:00 AM,6/14/2015 12:00:00 AM,953,263,690
4/18/2015 12:00:00 AM,6/15/2015 12:00:00 AM,126,19,107
4/18/2015 12:00:00 AM,6/16/2015 12:00:00 AM,126,19,107
4/18/2015 12:00:00 AM,6/17/2015 12:00:00 AM,126,19,107
4/18/2015 12:00:00 AM,6/18/2015 12:00:00 AM,126,19,107
4/18/2015 12:00:00 AM,6/19/2015 12:00:00 AM,126,19,107
4/18/2015 12:00:00 AM,6/20/2015 12:00:00 AM,87,19,68
4/18/2015 12:00:00 AM,6/21/2015 12:00:00 AM,87,19,68
4/18/2015 12:00:00 AM,6/22/2015 12:00:00 AM,87,19,68
4/18/2015 12:00:00 AM,6/23/2015 12:00:00 AM,87,19,68
4/18/2015 12:00:00 AM,6/24/2015 12:00:00 AM,87,19,68
4/18/2015 12:00:00 AM,6/25/2015 12:00:00 AM,152,19,133
4/18/2015 12:00:00 AM,6/26/2015 12:00:00 AM,87,19,68
4/18/2015 12:00:00 AM,6/27/2015 12:00:00 AM,39,19,20
4/18/2015 12:00:00 AM,6/28/2015 12:00:00 AM,39,19,20
4/18/2015 12:00:00 AM,6/29/2015 12:00:00 AM,39,19,20
4/18/2015 12:00:00 AM,6/30/2015 12:00:00 AM,39,19,20
4/18/2015 12:00:00 AM,7/1/2015 12:00:00 AM,39,19,20
4/18/2015 12:00:00 AM,7/2/2015 12:00:00 AM,39,19,20
4/18/2015 12:00:00 AM,7/3/2015 12:00:00 AM,39,19,20
4/18/2015 12:00:00 AM,7/4/2015 12:00:00 AM,39,19,20
4/18/2015 12:00:00 AM,7/5/2015 12:00:00 AM,39,19,20
4/18/2015 12:00:00 AM,7/6/2015 12:00:00 AM,39,19,20
4/18/2015 12:00:00 AM,7/7/2015 12:00:00 AM,116,19,97
4/18/2015 12:00:00 AM,7/8/2015 12:00:00 AM,169,19,150
4/18/2015 12:00:00 AM,7/9/2015 12:00:00 AM,104,19,85
4/18/2015 12:00:00 AM,7/10/2015 12:00:00 AM,104,19,85
4/18/2015 12:00:00 AM,7/11/2015 12:00:00 AM,104,19,85
4/18/2015 12:00:00 AM,7/12/2015 12:00:00 AM,104,19,85
4/18/2015 12:00:00 AM,7/13/2015 12:00:00 AM,117,32,85
4/18/2015 12:00:00 AM,7/14/2015 12:00:00 AM,117,32,85
4/18/2015 12:00:00 AM,7/15/2015 12:00:00 AM,117,32,85
4/18/2015 12:00:00 AM,7/16/2015 12:00:00 AM,117,32,85
4/18/2015 12:00:00 AM,7/17/2015 12:00:00 AM,117,32,85
4/18/2015 12:00:00 AM,7/18/2015 12:00:00 AM,117,32,85
4/17/2015 12:00:00 AM,4/18/2015 12:00:00 AM,51382,25917,25465
4/17/2015 12:00:00 AM,4/19/2015 12:00:00 AM,50981,25753,25228
4/17/2015 12:00:00 AM,4/20/2015 12:00:00 AM,52161,25971,26190
4/17/2015 12:00:00 AM,4/21/2015 12:00:00 AM,48139,22654,25485
4/17/2015 12:00:00 AM,4/22/2015 12:00:00 AM,46811,21548,25263
4/17/2015 12:00:00 AM,4/23/2015 12:00:00 AM,47310,22186,25124
4/17/2015 12:00:00 AM,4/24/2015 12:00:00 AM,46584,21905,24679
4/17/2015 12:00:00 AM,4/25/2015 12:00:00 AM,47240,21578,25662
4/17/2015 12:00:00 AM,4/26/2015 12:00:00 AM,45533,20087,25446
4/17/2015 12:00:00 AM,4/27/2015 12:00:00 AM,44370,19584,24786
4/17/2015 12:00:00 AM,4/28/2015 12:00:00 AM,40183,15782,24401
4/17/2015 12:00:00 AM,4/29/2015 12:00:00 AM,39191,15719,23472
4/17/2015 12:00:00 AM,4/30/2015 12:00:00 AM,38491,15538,22953
4/17/2015 12:00:00 AM,5/1/2015 12:00:00 AM,38758,15283,23475
4/17/2015 12:00:00 AM,5/2/2015 12:00:00 AM,41228,18708,22520
4/17/2015 12:00:00 AM,5/3/2015 12:00:00 AM,41990,18198,23792
4/17/2015 12:00:00 AM,5/4/2015 12:00:00 AM,42160,19497,22663
4/17/2015 12:00:00 AM,5/5/2015 12:00:00 AM,37369,17032,20337
4/17/2015 12:00:00 AM,5/6/2015 12:00:00 AM,39165,17561,21604
4/17/2015 12:00:00 AM,5/7/2015 12:00:00 AM,35989,16937,19052
4/17/2015 12:00:00 AM,5/8/2015 12:00:00 AM,36660,17526,19134
4/17/2015 12:00:00 AM,5/9/2015 12:00:00 AM,38641,19666,18975
4/17/2015 12:00:00 AM,5/10/2015 12:00:00 AM,37149,19817,17332
4/17/2015 12:00:00 AM,5/11/2015 12:00:00 AM,36649,17962,18687
4/17/2015 12:00:00 AM,5/12/2015 12:00:00 AM,34855,17245,17610
4/17/2015 12:00:00 AM,5/13/2015 12:00:00 AM,33927,16301,17626
4/17/2015 12:00:00 AM,5/14/2015 12:00:00 AM,34471,16651,17820
4/17/2015 12:00:00 AM,5/15/2015 12:00:00 AM,32218,15928,16290
4/17/2015 12:00:00 AM,5/16/2015 12:00:00 AM,35328,18023,17305
4/17/2015 12:00:00 AM,5/17/2015 12:00:00 AM,31816,15795,16021
4/17/2015 12:00:00 AM,5/18/2015 12:00:00 AM,29771,16223,13548
4/17/2015 12:00:00 AM,5/19/2015 12:00:00 AM,26107,12631,13476
4/17/2015 12:00:00 AM,5/20/2015 12:00:00 AM,24607,12065,12542
4/17/2015 12:00:00 AM,5/21/2015 12:00:00 AM,23822,12224,11598
4/17/2015 12:00:00 AM,5/22/2015 12:00:00 AM,22309,11446,10863
4/17/2015 12:00:00 AM,5/23/2015 12:00:00 AM,23376,13261,10115
4/17/2015 12:00:00 AM,5/24/2015 12:00:00 AM,21759,12253,9506
4/17/2015 12:00:00 AM,5/25/2015 12:00:00 AM,18869,10145,8724
4/17/2015 12:00:00 AM,5/26/2015 12:00:00 AM,15833,7266,8567
4/17/2015 12:00:00 AM,5/27/2015 12:00:00 AM,15358,7263,8095
4/17/2015 12:00:00 AM,5/28/2015 12:00:00 AM,15503,7463,8040
4/17/2015 12:00:00 AM,5/29/2015 12:00:00 AM,13733,6473,7260
4/17/2015 12:00:00 AM,5/30/2015 12:00:00 AM,14682,7014,7668
4/17/2015 12:00:00 AM,5/31/2015 12:00:00 AM,12157,6487,5670
4/17/2015 12:00:00 AM,6/1/2015 12:00:00 AM,8033,4571,3462
4/17/2015 12:00:00 AM,6/2/2015 12:00:00 AM,3597,1155,2442
4/17/2015 12:00:00 AM,6/3/2015 12:00:00 AM,4384,1548,2836
4/17/2015 12:00:00 AM,6/4/2015 12:00:00 AM,3811,1399,2412
4/17/2015 12:00:00 AM,6/5/2015 12:00:00 AM,3660,1248,2412
4/17/2015 12:00:00 AM,6/6/2015 12:00:00 AM,2722,1148,1574
4/17/2015 12:00:00 AM,6/7/2015 12:00:00 AM,1865,1148,717
4/17/2015 12:00:00 AM,6/8/2015 12:00:00 AM,2390,848,1542
4/17/2015 12:00:00 AM,6/9/2015 12:00:00 AM,1016,263,753
4/17/2015 12:00:00 AM,6/10/2015 12:00:00 AM,1016,263,753
4/17/2015 12:00:00 AM,6/11/2015 12:00:00 AM,989,263,726
4/17/2015 12:00:00 AM,6/12/2015 12:00:00 AM,989,263,726
4/17/2015 12:00:00 AM,6/13/2015 12:00:00 AM,745,19,726
4/17/2015 12:00:00 AM,6/14/2015 12:00:00 AM,953,263,690
4/17/2015 12:00:00 AM,6/15/2015 12:00:00 AM,126,19,107
4/17/2015 12:00:00 AM,6/16/2015 12:00:00 AM,126,19,107
4/17/2015 12:00:00 AM,6/17/2015 12:00:00 AM,126,19,107
4/17/2015 12:00:00 AM,6/18/2015 12:00:00 AM,126,19,107
4/17/2015 12:00:00 AM,6/19/2015 12:00:00 AM,126,19,107
4/17/2015 12:00:00 AM,6/20/2015 12:00:00 AM,87,19,68
4/17/2015 12:00:00 AM,6/21/2015 12:00:00 AM,87,19,68
4/17/2015 12:00:00 AM,6/22/2015 12:00:00 AM,87,19,68
4/17/2015 12:00:00 AM,6/23/2015 12:00:00 AM,87,19,68
4/17/2015 12:00:00 AM,6/24/2015 12:00:00 AM,87,19,68
4/17/2015 12:00:00 AM,6/25/2015 12:00:00 AM,152,19,133
4/17/2015 12:00:00 AM,6/26/2015 12:00:00 AM,87,19,68
4/17/2015 12:00:00 AM,6/27/2015 12:00:00 AM,39,19,20
4/17/2015 12:00:00 AM,6/28/2015 12:00:00 AM,39,19,20
4/17/2015 12:00:00 AM,6/29/2015 12:00:00 AM,39,19,20
4/17/2015 12:00:00 AM,6/30/2015 12:00:00 AM,39,19,20
4/17/2015 12:00:00 AM,7/1/2015 12:00:00 AM,39,19,20
4/17/2015 12:00:00 AM,7/2/2015 12:00:00 AM,39,19,20
4/17/2015 12:00:00 AM,7/3/2015 12:00:00 AM,39,19,20
4/17/2015 12:00:00 AM,7/4/2015 12:00:00 AM,39,19,20
4/17/2015 12:00:00 AM,7/5/2015 12:00:00 AM,39,19,20
4/17/2015 12:00:00 AM,7/6/2015 12:00:00 AM,39,19,20
4/17/2015 12:00:00 AM,7/7/2015 12:00:00 AM,116,19,97
4/17/2015 12:00:00 AM,7/8/2015 12:00:00 AM,169,19,150
4/17/2015 12:00:00 AM,7/9/2015 12:00:00 AM,104,19,85
4/17/2015 12:00:00 AM,7/10/2015 12:00:00 AM,104,19,85
4/17/2015 12:00:00 AM,7/11/2015 12:00:00 AM,104,19,85
4/17/2015 12:00:00 AM,7/12/2015 12:00:00 AM,104,19,85
4/17/2015 12:00:00 AM,7/13/2015 12:00:00 AM,117,32,85
4/17/2015 12:00:00 AM,7/14/2015 12:00:00 AM,117,32,85
4/17/2015 12:00:00 AM,7/15/2015 12:00:00 AM,117,32,85
4/17/2015 12:00:00 AM,7/16/2015 12:00:00 AM,117,32,85
4/17/2015 12:00:00 AM,7/17/2015 12:00:00 AM,117,32,85
4/16/2015 12:00:00 AM,4/17/2015 12:00:00 AM,44390,20450,23940
4/16/2015 12:00:00 AM,4/18/2015 12:00:00 AM,52234,26187,26047
4/16/2015 12:00:00 AM,4/19/2015 12:00:00 AM,50942,25632,25310
4/16/2015 12:00:00 AM,4/20/2015 12:00:00 AM,51996,25850,26146
4/16/2015 12:00:00 AM,4/21/2015 12:00:00 AM,46625,21184,25441
4/16/2015 12:00:00 AM,4/22/2015 12:00:00 AM,45447,20228,25219
4/16/2015 12:00:00 AM,4/23/2015 12:00:00 AM,45946,20866,25080
4/16/2015 12:00:00 AM,4/24/2015 12:00:00 AM,45220,20585,24635
4/16/2015 12:00:00 AM,4/25/2015 12:00:00 AM,45709,20091,25618
4/16/2015 12:00:00 AM,4/26/2015 12:00:00 AM,45322,19920,25402
4/16/2015 12:00:00 AM,4/27/2015 12:00:00 AM,44159,19417,24742
4/16/2015 12:00:00 AM,4/28/2015 12:00:00 AM,39972,15615,24357
4/16/2015 12:00:00 AM,4/29/2015 12:00:00 AM,38980,15552,23428
4/16/2015 12:00:00 AM,4/30/2015 12:00:00 AM,38280,15371,22909
4/16/2015 12:00:00 AM,5/1/2015 12:00:00 AM,38593,15116,23477
4/16/2015 12:00:00 AM,5/2/2015 12:00:00 AM,41063,18541,22522
4/16/2015 12:00:00 AM,5/3/2015 12:00:00 AM,41825,18031,23794
4/16/2015 12:00:00 AM,5/4/2015 12:00:00 AM,41995,19330,22665
4/16/2015 12:00:00 AM,5/5/2015 12:00:00 AM,37215,16865,20350
4/16/2015 12:00:00 AM,5/6/2015 12:00:00 AM,39011,17394,21617
4/16/2015 12:00:00 AM,5/7/2015 12:00:00 AM,35835,16770,19065
4/16/2015 12:00:00 AM,5/8/2015 12:00:00 AM,36506,17359,19147
4/16/2015 12:00:00 AM,5/9/2015 12:00:00 AM,38654,19666,18988
4/16/2015 12:00:00 AM,5/10/2015 12:00:00 AM,37162,19817,17345
4/16/2015 12:00:00 AM,5/11/2015 12:00:00 AM,36662,17962,18700
4/16/2015 12:00:00 AM,5/12/2015 12:00:00 AM,34854,17245,17609
4/16/2015 12:00:00 AM,5/13/2015 12:00:00 AM,33926,16301,17625
4/16/2015 12:00:00 AM,5/14/2015 12:00:00 AM,34470,16651,17819
4/16/2015 12:00:00 AM,5/15/2015 12:00:00 AM,32217,15928,16289
4/16/2015 12:00:00 AM,5/16/2015 12:00:00 AM,35327,18023,17304
4/16/2015 12:00:00 AM,5/17/2015 12:00:00 AM,31815,15795,16020
4/16/2015 12:00:00 AM,5/18/2015 12:00:00 AM,29770,16223,13547
4/16/2015 12:00:00 AM,5/19/2015 12:00:00 AM,26092,12631,13461
4/16/2015 12:00:00 AM,5/20/2015 12:00:00 AM,24354,11827,12527
4/16/2015 12:00:00 AM,5/21/2015 12:00:00 AM,24045,12462,11583
4/16/2015 12:00:00 AM,5/22/2015 12:00:00 AM,22281,11446,10835
4/16/2015 12:00:00 AM,5/23/2015 12:00:00 AM,23376,13261,10115
4/16/2015 12:00:00 AM,5/24/2015 12:00:00 AM,21759,12253,9506
4/16/2015 12:00:00 AM,5/25/2015 12:00:00 AM,18869,10145,8724
4/16/2015 12:00:00 AM,5/26/2015 12:00:00 AM,15750,7266,8484
4/16/2015 12:00:00 AM,5/27/2015 12:00:00 AM,15275,7263,8012
4/16/2015 12:00:00 AM,5/28/2015 12:00:00 AM,15420,7463,7957
4/16/2015 12:00:00 AM,5/29/2015 12:00:00 AM,13650,6473,7177
4/16/2015 12:00:00 AM,5/30/2015 12:00:00 AM,14599,7014,7585
4/16/2015 12:00:00 AM,5/31/2015 12:00:00 AM,12157,6487,5670
4/16/2015 12:00:00 AM,6/1/2015 12:00:00 AM,8033,4571,3462
4/16/2015 12:00:00 AM,6/2/2015 12:00:00 AM,3690,1248,2442
4/16/2015 12:00:00 AM,6/3/2015 12:00:00 AM,4291,1455,2836
4/16/2015 12:00:00 AM,6/4/2015 12:00:00 AM,3904,1492,2412
4/16/2015 12:00:00 AM,6/5/2015 12:00:00 AM,3660,1248,2412
4/16/2015 12:00:00 AM,6/6/2015 12:00:00 AM,2722,1148,1574
4/16/2015 12:00:00 AM,6/7/2015 12:00:00 AM,1865,1148,717
4/16/2015 12:00:00 AM,6/8/2015 12:00:00 AM,2390,848,1542
4/16/2015 12:00:00 AM,6/9/2015 12:00:00 AM,1016,263,753
4/16/2015 12:00:00 AM,6/10/2015 12:00:00 AM,1016,263,753
4/16/2015 12:00:00 AM,6/11/2015 12:00:00 AM,989,263,726
4/16/2015 12:00:00 AM,6/12/2015 12:00:00 AM,989,263,726
4/16/2015 12:00:00 AM,6/13/2015 12:00:00 AM,745,19,726
4/16/2015 12:00:00 AM,6/14/2015 12:00:00 AM,953,263,690
4/16/2015 12:00:00 AM,6/15/2015 12:00:00 AM,126,19,107
4/16/2015 12:00:00 AM,6/16/2015 12:00:00 AM,126,19,107
4/16/2015 12:00:00 AM,6/17/2015 12:00:00 AM,126,19,107
4/16/2015 12:00:00 AM,6/18/2015 12:00:00 AM,126,19,107
4/16/2015 12:00:00 AM,6/19/2015 12:00:00 AM,126,19,107
4/16/2015 12:00:00 AM,6/20/2015 12:00:00 AM,87,19,68
4/16/2015 12:00:00 AM,6/21/2015 12:00:00 AM,87,19,68
4/16/2015 12:00:00 AM,6/22/2015 12:00:00 AM,87,19,68
4/16/2015 12:00:00 AM,6/23/2015 12:00:00 AM,87,19,68
4/16/2015 12:00:00 AM,6/24/2015 12:00:00 AM,87,19,68
4/16/2015 12:00:00 AM,6/25/2015 12:00:00 AM,152,19,133
4/16/2015 12:00:00 AM,6/26/2015 12:00:00 AM,87,19,68
4/16/2015 12:00:00 AM,6/27/2015 12:00:00 AM,39,19,20
4/16/2015 12:00:00 AM,6/28/2015 12:00:00 AM,39,19,20
4/16/2015 12:00:00 AM,6/29/2015 12:00:00 AM,39,19,20
4/16/2015 12:00:00 AM,6/30/2015 12:00:00 AM,39,19,20
4/16/2015 12:00:00 AM,7/1/2015 12:00:00 AM,39,19,20
4/16/2015 12:00:00 AM,7/2/2015 12:00:00 AM,39,19,20
4/16/2015 12:00:00 AM,7/3/2015 12:00:00 AM,39,19,20
4/16/2015 12:00:00 AM,7/4/2015 12:00:00 AM,39,19,20
4/16/2015 12:00:00 AM,7/5/2015 12:00:00 AM,39,19,20
4/16/2015 12:00:00 AM,7/6/2015 12:00:00 AM,39,19,20
4/16/2015 12:00:00 AM,7/7/2015 12:00:00 AM,116,19,97
4/16/2015 12:00:00 AM,7/8/2015 12:00:00 AM,169,19,150
4/16/2015 12:00:00 AM,7/9/2015 12:00:00 AM,104,19,85
4/16/2015 12:00:00 AM,7/10/2015 12:00:00 AM,104,19,85
4/16/2015 12:00:00 AM,7/11/2015 12:00:00 AM,104,19,85
4/16/2015 12:00:00 AM,7/12/2015 12:00:00 AM,104,19,85
4/16/2015 12:00:00 AM,7/13/2015 12:00:00 AM,117,32,85
4/16/2015 12:00:00 AM,7/14/2015 12:00:00 AM,117,32,85
4/16/2015 12:00:00 AM,7/15/2015 12:00:00 AM,117,32,85
4/16/2015 12:00:00 AM,7/16/2015 12:00:00 AM,117,32,85
4/15/2015 12:00:00 AM,4/16/2015 12:00:00 AM,44192,20443,23749
4/15/2015 12:00:00 AM,4/17/2015 12:00:00 AM,44685,20632,24053
4/15/2015 12:00:00 AM,4/18/2015 12:00:00 AM,51181,26444,24737
4/15/2015 12:00:00 AM,4/19/2015 12:00:00 AM,50010,26010,24000
4/15/2015 12:00:00 AM,4/20/2015 12:00:00 AM,51081,26228,24853
4/15/2015 12:00:00 AM,4/21/2015 12:00:00 AM,45710,21562,24148
4/15/2015 12:00:00 AM,4/22/2015 12:00:00 AM,43684,19758,23926
4/15/2015 12:00:00 AM,4/23/2015 12:00:00 AM,45031,21244,23787
4/15/2015 12:00:00 AM,4/24/2015 12:00:00 AM,44529,20445,24084
4/15/2015 12:00:00 AM,4/25/2015 12:00:00 AM,45028,20091,24937
4/15/2015 12:00:00 AM,4/26/2015 12:00:00 AM,44641,19920,24721
4/15/2015 12:00:00 AM,4/27/2015 12:00:00 AM,42258,18197,24061
4/15/2015 12:00:00 AM,4/28/2015 12:00:00 AM,39291,15615,23676
4/15/2015 12:00:00 AM,4/29/2015 12:00:00 AM,38299,15552,22747
4/15/2015 12:00:00 AM,4/30/2015 12:00:00 AM,37599,15371,22228
4/15/2015 12:00:00 AM,5/1/2015 12:00:00 AM,37912,15116,22796
4/15/2015 12:00:00 AM,5/2/2015 12:00:00 AM,40382,18541,21841
4/15/2015 12:00:00 AM,5/3/2015 12:00:00 AM,41144,18031,23113
4/15/2015 12:00:00 AM,5/4/2015 12:00:00 AM,41314,19330,21984
4/15/2015 12:00:00 AM,5/5/2015 12:00:00 AM,36534,16865,19669
4/15/2015 12:00:00 AM,5/6/2015 12:00:00 AM,38330,17394,20936
4/15/2015 12:00:00 AM,5/7/2015 12:00:00 AM,35154,16770,18384
4/15/2015 12:00:00 AM,5/8/2015 12:00:00 AM,36200,17359,18841
4/15/2015 12:00:00 AM,5/9/2015 12:00:00 AM,38348,19666,18682
4/15/2015 12:00:00 AM,5/10/2015 12:00:00 AM,36856,19817,17039
4/15/2015 12:00:00 AM,5/11/2015 12:00:00 AM,36662,17962,18700
4/15/2015 12:00:00 AM,5/12/2015 12:00:00 AM,34854,17245,17609
4/15/2015 12:00:00 AM,5/13/2015 12:00:00 AM,33926,16301,17625
4/15/2015 12:00:00 AM,5/14/2015 12:00:00 AM,34470,16651,17819
4/15/2015 12:00:00 AM,5/15/2015 12:00:00 AM,32217,15928,16289
4/15/2015 12:00:00 AM,5/16/2015 12:00:00 AM,35327,18023,17304
4/15/2015 12:00:00 AM,5/17/2015 12:00:00 AM,31815,15795,16020
4/15/2015 12:00:00 AM,5/18/2015 12:00:00 AM,29770,16223,13547
4/15/2015 12:00:00 AM,5/19/2015 12:00:00 AM,26092,12631,13461
4/15/2015 12:00:00 AM,5/20/2015 12:00:00 AM,24494,11967,12527
4/15/2015 12:00:00 AM,5/21/2015 12:00:00 AM,24185,12602,11583
4/15/2015 12:00:00 AM,5/22/2015 12:00:00 AM,22421,11586,10835
4/15/2015 12:00:00 AM,5/23/2015 12:00:00 AM,23493,13401,10092
4/15/2015 12:00:00 AM,5/24/2015 12:00:00 AM,21876,12393,9483
4/15/2015 12:00:00 AM,5/25/2015 12:00:00 AM,18986,10285,8701
4/15/2015 12:00:00 AM,5/26/2015 12:00:00 AM,15890,7406,8484
4/15/2015 12:00:00 AM,5/27/2015 12:00:00 AM,15415,7403,8012
4/15/2015 12:00:00 AM,5/28/2015 12:00:00 AM,15560,7603,7957
4/15/2015 12:00:00 AM,5/29/2015 12:00:00 AM,14102,6613,7489
4/15/2015 12:00:00 AM,5/30/2015 12:00:00 AM,14911,7014,7897
4/15/2015 12:00:00 AM,5/31/2015 12:00:00 AM,12609,6627,5982
4/15/2015 12:00:00 AM,6/1/2015 12:00:00 AM,8345,4571,3774
4/15/2015 12:00:00 AM,6/2/2015 12:00:00 AM,4002,1248,2754
4/15/2015 12:00:00 AM,6/3/2015 12:00:00 AM,4603,1455,3148
4/15/2015 12:00:00 AM,6/4/2015 12:00:00 AM,4216,1492,2724
4/15/2015 12:00:00 AM,6/5/2015 12:00:00 AM,3660,1248,2412
4/15/2015 12:00:00 AM,6/6/2015 12:00:00 AM,2722,1148,1574
4/15/2015 12:00:00 AM,6/7/2015 12:00:00 AM,1865,1148,717
4/15/2015 12:00:00 AM,6/8/2015 12:00:00 AM,2390,848,1542
4/15/2015 12:00:00 AM,6/9/2015 12:00:00 AM,1016,263,753
4/15/2015 12:00:00 AM,6/10/2015 12:00:00 AM,1016,263,753
4/15/2015 12:00:00 AM,6/11/2015 12:00:00 AM,989,263,726
4/15/2015 12:00:00 AM,6/12/2015 12:00:00 AM,989,263,726
4/15/2015 12:00:00 AM,6/13/2015 12:00:00 AM,745,19,726
4/15/2015 12:00:00 AM,6/14/2015 12:00:00 AM,953,263,690
4/15/2015 12:00:00 AM,6/15/2015 12:00:00 AM,126,19,107
4/15/2015 12:00:00 AM,6/16/2015 12:00:00 AM,126,19,107
4/15/2015 12:00:00 AM,6/17/2015 12:00:00 AM,126,19,107
4/15/2015 12:00:00 AM,6/18/2015 12:00:00 AM,126,19,107
4/15/2015 12:00:00 AM,6/19/2015 12:00:00 AM,126,19,107
4/15/2015 12:00:00 AM,6/20/2015 12:00:00 AM,87,19,68
4/15/2015 12:00:00 AM,6/21/2015 12:00:00 AM,87,19,68
4/15/2015 12:00:00 AM,6/22/2015 12:00:00 AM,87,19,68
4/15/2015 12:00:00 AM,6/23/2015 12:00:00 AM,87,19,68
4/15/2015 12:00:00 AM,6/24/2015 12:00:00 AM,87,19,68
4/15/2015 12:00:00 AM,6/25/2015 12:00:00 AM,152,19,133
4/15/2015 12:00:00 AM,6/26/2015 12:00:00 AM,87,19,68
4/15/2015 12:00:00 AM,6/27/2015 12:00:00 AM,39,19,20
4/15/2015 12:00:00 AM,6/28/2015 12:00:00 AM,39,19,20
4/15/2015 12:00:00 AM,6/29/2015 12:00:00 AM,39,19,20
4/15/2015 12:00:00 AM,6/30/2015 12:00:00 AM,39,19,20
4/15/2015 12:00:00 AM,7/1/2015 12:00:00 AM,39,19,20
4/15/2015 12:00:00 AM,7/2/2015 12:00:00 AM,39,19,20
4/15/2015 12:00:00 AM,7/3/2015 12:00:00 AM,39,19,20
4/15/2015 12:00:00 AM,7/4/2015 12:00:00 AM,39,19,20
4/15/2015 12:00:00 AM,7/5/2015 12:00:00 AM,39,19,20
4/15/2015 12:00:00 AM,7/6/2015 12:00:00 AM,39,19,20
4/15/2015 12:00:00 AM,7/7/2015 12:00:00 AM,116,19,97
4/15/2015 12:00:00 AM,7/8/2015 12:00:00 AM,169,19,150
4/15/2015 12:00:00 AM,7/9/2015 12:00:00 AM,104,19,85
4/15/2015 12:00:00 AM,7/10/2015 12:00:00 AM,104,19,85
4/15/2015 12:00:00 AM,7/11/2015 12:00:00 AM,104,19,85
4/15/2015 12:00:00 AM,7/12/2015 12:00:00 AM,104,19,85
4/15/2015 12:00:00 AM,7/13/2015 12:00:00 AM,117,32,85
4/15/2015 12:00:00 AM,7/14/2015 12:00:00 AM,117,32,85
4/15/2015 12:00:00 AM,7/15/2015 12:00:00 AM,117,32,85
4/14/2015 12:00:00 AM,4/15/2015 12:00:00 AM,44591,20605,23986
4/14/2015 12:00:00 AM,4/16/2015 12:00:00 AM,43016,19132,23884
4/14/2015 12:00:00 AM,4/17/2015 12:00:00 AM,43350,19162,24188
4/14/2015 12:00:00 AM,4/18/2015 12:00:00 AM,49711,24974,24737
4/14/2015 12:00:00 AM,4/19/2015 12:00:00 AM,48540,24540,24000
4/14/2015 12:00:00 AM,4/20/2015 12:00:00 AM,49611,24758,24853
4/14/2015 12:00:00 AM,4/21/2015 12:00:00 AM,45560,21412,24148
4/14/2015 12:00:00 AM,4/22/2015 12:00:00 AM,43684,19758,23926
4/14/2015 12:00:00 AM,4/23/2015 12:00:00 AM,45031,21244,23787
4/14/2015 12:00:00 AM,4/24/2015 12:00:00 AM,44529,20445,24084
4/14/2015 12:00:00 AM,4/25/2015 12:00:00 AM,45028,20091,24937
4/14/2015 12:00:00 AM,4/26/2015 12:00:00 AM,44641,19920,24721
4/14/2015 12:00:00 AM,4/27/2015 12:00:00 AM,42461,18400,24061
4/14/2015 12:00:00 AM,4/28/2015 12:00:00 AM,39291,15615,23676
4/14/2015 12:00:00 AM,4/29/2015 12:00:00 AM,38299,15552,22747
4/14/2015 12:00:00 AM,4/30/2015 12:00:00 AM,37599,15371,22228
4/14/2015 12:00:00 AM,5/1/2015 12:00:00 AM,37912,15116,22796
4/14/2015 12:00:00 AM,5/2/2015 12:00:00 AM,40382,18541,21841
4/14/2015 12:00:00 AM,5/3/2015 12:00:00 AM,41144,18031,23113
4/14/2015 12:00:00 AM,5/4/2015 12:00:00 AM,41314,19330,21984
4/14/2015 12:00:00 AM,5/5/2015 12:00:00 AM,36534,16865,19669
4/14/2015 12:00:00 AM,5/6/2015 12:00:00 AM,38423,17487,20936
4/14/2015 12:00:00 AM,5/7/2015 12:00:00 AM,35154,16770,18384
4/14/2015 12:00:00 AM,5/8/2015 12:00:00 AM,36293,17452,18841
4/14/2015 12:00:00 AM,5/9/2015 12:00:00 AM,38348,19666,18682
4/14/2015 12:00:00 AM,5/10/2015 12:00:00 AM,37187,20148,17039
4/14/2015 12:00:00 AM,5/11/2015 12:00:00 AM,36662,17962,18700
4/14/2015 12:00:00 AM,5/12/2015 12:00:00 AM,35092,17483,17609
4/14/2015 12:00:00 AM,5/13/2015 12:00:00 AM,33926,16301,17625
4/14/2015 12:00:00 AM,5/14/2015 12:00:00 AM,34470,16651,17819
4/14/2015 12:00:00 AM,5/15/2015 12:00:00 AM,32217,15928,16289
4/14/2015 12:00:00 AM,5/16/2015 12:00:00 AM,35176,17872,17304
4/14/2015 12:00:00 AM,5/17/2015 12:00:00 AM,31765,15795,15970
4/14/2015 12:00:00 AM,5/18/2015 12:00:00 AM,29569,16072,13497
4/14/2015 12:00:00 AM,5/19/2015 12:00:00 AM,26092,12631,13461
4/14/2015 12:00:00 AM,5/20/2015 12:00:00 AM,24343,11816,12527
4/14/2015 12:00:00 AM,5/21/2015 12:00:00 AM,24185,12602,11583
4/14/2015 12:00:00 AM,5/22/2015 12:00:00 AM,22421,11586,10835
4/14/2015 12:00:00 AM,5/23/2015 12:00:00 AM,23493,13401,10092
4/14/2015 12:00:00 AM,5/24/2015 12:00:00 AM,21876,12393,9483
4/14/2015 12:00:00 AM,5/25/2015 12:00:00 AM,18986,10285,8701
4/14/2015 12:00:00 AM,5/26/2015 12:00:00 AM,15890,7406,8484
4/14/2015 12:00:00 AM,5/27/2015 12:00:00 AM,15415,7403,8012
4/14/2015 12:00:00 AM,5/28/2015 12:00:00 AM,15560,7603,7957
4/14/2015 12:00:00 AM,5/29/2015 12:00:00 AM,14102,6613,7489
4/14/2015 12:00:00 AM,5/30/2015 12:00:00 AM,14911,7014,7897
4/14/2015 12:00:00 AM,5/31/2015 12:00:00 AM,12609,6627,5982
4/14/2015 12:00:00 AM,6/1/2015 12:00:00 AM,8345,4571,3774
4/14/2015 12:00:00 AM,6/2/2015 12:00:00 AM,4002,1248,2754
4/14/2015 12:00:00 AM,6/3/2015 12:00:00 AM,4603,1455,3148
4/14/2015 12:00:00 AM,6/4/2015 12:00:00 AM,4216,1492,2724
4/14/2015 12:00:00 AM,6/5/2015 12:00:00 AM,3660,1248,2412
4/14/2015 12:00:00 AM,6/6/2015 12:00:00 AM,2722,1148,1574
4/14/2015 12:00:00 AM,6/7/2015 12:00:00 AM,1865,1148,717
4/14/2015 12:00:00 AM,6/8/2015 12:00:00 AM,2390,848,1542
4/14/2015 12:00:00 AM,6/9/2015 12:00:00 AM,1016,263,753
4/14/2015 12:00:00 AM,6/10/2015 12:00:00 AM,1016,263,753
4/14/2015 12:00:00 AM,6/11/2015 12:00:00 AM,989,263,726
4/14/2015 12:00:00 AM,6/12/2015 12:00:00 AM,989,263,726
4/14/2015 12:00:00 AM,6/13/2015 12:00:00 AM,745,19,726
4/14/2015 12:00:00 AM,6/14/2015 12:00:00 AM,953,263,690
4/14/2015 12:00:00 AM,6/15/2015 12:00:00 AM,126,19,107
4/14/2015 12:00:00 AM,6/16/2015 12:00:00 AM,126,19,107
4/14/2015 12:00:00 AM,6/17/2015 12:00:00 AM,126,19,107
4/14/2015 12:00:00 AM,6/18/2015 12:00:00 AM,126,19,107
4/14/2015 12:00:00 AM,6/19/2015 12:00:00 AM,126,19,107
4/14/2015 12:00:00 AM,6/20/2015 12:00:00 AM,87,19,68
4/14/2015 12:00:00 AM,6/21/2015 12:00:00 AM,87,19,68
4/14/2015 12:00:00 AM,6/22/2015 12:00:00 AM,87,19,68
4/14/2015 12:00:00 AM,6/23/2015 12:00:00 AM,87,19,68
4/14/2015 12:00:00 AM,6/24/2015 12:00:00 AM,87,19,68
4/14/2015 12:00:00 AM,6/25/2015 12:00:00 AM,152,19,133
4/14/2015 12:00:00 AM,6/26/2015 12:00:00 AM,87,19,68
4/14/2015 12:00:00 AM,6/27/2015 12:00:00 AM,39,19,20
4/14/2015 12:00:00 AM,6/28/2015 12:00:00 AM,39,19,20
4/14/2015 12:00:00 AM,6/29/2015 12:00:00 AM,39,19,20
4/14/2015 12:00:00 AM,6/30/2015 12:00:00 AM,39,19,20
4/14/2015 12:00:00 AM,7/1/2015 12:00:00 AM,39,19,20
4/14/2015 12:00:00 AM,7/2/2015 12:00:00 AM,39,19,20
4/14/2015 12:00:00 AM,7/3/2015 12:00:00 AM,39,19,20
4/14/2015 12:00:00 AM,7/4/2015 12:00:00 AM,39,19,20
4/14/2015 12:00:00 AM,7/5/2015 12:00:00 AM,39,19,20
4/14/2015 12:00:00 AM,7/6/2015 12:00:00 AM,39,19,20
4/14/2015 12:00:00 AM,7/7/2015 12:00:00 AM,116,19,97
4/14/2015 12:00:00 AM,7/8/2015 12:00:00 AM,169,19,150
4/14/2015 12:00:00 AM,7/9/2015 12:00:00 AM,104,19,85
4/14/2015 12:00:00 AM,7/10/2015 12:00:00 AM,104,19,85
4/14/2015 12:00:00 AM,7/11/2015 12:00:00 AM,104,19,85
4/14/2015 12:00:00 AM,7/12/2015 12:00:00 AM,104,19,85
4/14/2015 12:00:00 AM,7/13/2015 12:00:00 AM,117,32,85
4/14/2015 12:00:00 AM,7/14/2015 12:00:00 AM,117,32,85
4/13/2015 12:00:00 AM,4/14/2015 12:00:00 AM,44495,20839,23656
4/13/2015 12:00:00 AM,4/15/2015 12:00:00 AM,44853,20830,24023
4/13/2015 12:00:00 AM,4/16/2015 12:00:00 AM,42658,19357,23301
4/13/2015 12:00:00 AM,4/17/2015 12:00:00 AM,42842,19237,23605
4/13/2015 12:00:00 AM,4/18/2015 12:00:00 AM,49823,25049,24774
4/13/2015 12:00:00 AM,4/19/2015 12:00:00 AM,48352,24315,24037
4/13/2015 12:00:00 AM,4/20/2015 12:00:00 AM,49423,24533,24890
4/13/2015 12:00:00 AM,4/21/2015 12:00:00 AM,45597,21412,24185
4/13/2015 12:00:00 AM,4/22/2015 12:00:00 AM,43721,19758,23963
4/13/2015 12:00:00 AM,4/23/2015 12:00:00 AM,45068,21244,23824
4/13/2015 12:00:00 AM,4/24/2015 12:00:00 AM,44566,20445,24121
4/13/2015 12:00:00 AM,4/25/2015 12:00:00 AM,45467,20493,24974
4/13/2015 12:00:00 AM,4/26/2015 12:00:00 AM,45080,20322,24758
4/13/2015 12:00:00 AM,4/27/2015 12:00:00 AM,42900,18802,24098
4/13/2015 12:00:00 AM,4/28/2015 12:00:00 AM,39328,15615,23713
4/13/2015 12:00:00 AM,4/29/2015 12:00:00 AM,38336,15552,22784
4/13/2015 12:00:00 AM,4/30/2015 12:00:00 AM,37636,15371,22265
4/13/2015 12:00:00 AM,5/1/2015 12:00:00 AM,37949,15116,22833
4/13/2015 12:00:00 AM,5/2/2015 12:00:00 AM,40419,18541,21878
4/13/2015 12:00:00 AM,5/3/2015 12:00:00 AM,41200,18031,23169
4/13/2015 12:00:00 AM,5/4/2015 12:00:00 AM,41351,19330,22021
4/13/2015 12:00:00 AM,5/5/2015 12:00:00 AM,36590,16865,19725
4/13/2015 12:00:00 AM,5/6/2015 12:00:00 AM,38479,17487,20992
4/13/2015 12:00:00 AM,5/7/2015 12:00:00 AM,35210,16770,18440
4/13/2015 12:00:00 AM,5/8/2015 12:00:00 AM,36349,17452,18897
4/13/2015 12:00:00 AM,5/9/2015 12:00:00 AM,38404,19666,18738
4/13/2015 12:00:00 AM,5/10/2015 12:00:00 AM,37243,20148,17095
4/13/2015 12:00:00 AM,5/11/2015 12:00:00 AM,36718,17962,18756
4/13/2015 12:00:00 AM,5/12/2015 12:00:00 AM,35148,17483,17665
4/13/2015 12:00:00 AM,5/13/2015 12:00:00 AM,33982,16301,17681
4/13/2015 12:00:00 AM,5/14/2015 12:00:00 AM,34526,16651,17875
4/13/2015 12:00:00 AM,5/15/2015 12:00:00 AM,32273,15928,16345
4/13/2015 12:00:00 AM,5/16/2015 12:00:00 AM,35232,17872,17360
4/13/2015 12:00:00 AM,5/17/2015 12:00:00 AM,31821,15795,16026
4/13/2015 12:00:00 AM,5/18/2015 12:00:00 AM,29625,16072,13553
4/13/2015 12:00:00 AM,5/19/2015 12:00:00 AM,26148,12631,13517
4/13/2015 12:00:00 AM,5/20/2015 12:00:00 AM,24399,11816,12583
4/13/2015 12:00:00 AM,5/21/2015 12:00:00 AM,24241,12602,11639
4/13/2015 12:00:00 AM,5/22/2015 12:00:00 AM,22477,11586,10891
4/13/2015 12:00:00 AM,5/23/2015 12:00:00 AM,23549,13401,10148
4/13/2015 12:00:00 AM,5/24/2015 12:00:00 AM,21932,12393,9539
4/13/2015 12:00:00 AM,5/25/2015 12:00:00 AM,19042,10285,8757
4/13/2015 12:00:00 AM,5/26/2015 12:00:00 AM,15946,7406,8540
4/13/2015 12:00:00 AM,5/27/2015 12:00:00 AM,15471,7403,8068
4/13/2015 12:00:00 AM,5/28/2015 12:00:00 AM,15616,7603,8013
4/13/2015 12:00:00 AM,5/29/2015 12:00:00 AM,14158,6613,7545
4/13/2015 12:00:00 AM,5/30/2015 12:00:00 AM,14967,7014,7953
4/13/2015 12:00:00 AM,5/31/2015 12:00:00 AM,12665,6627,6038
4/13/2015 12:00:00 AM,6/1/2015 12:00:00 AM,8401,4571,3830
4/13/2015 12:00:00 AM,6/2/2015 12:00:00 AM,4058,1248,2810
4/13/2015 12:00:00 AM,6/3/2015 12:00:00 AM,4659,1455,3204
4/13/2015 12:00:00 AM,6/4/2015 12:00:00 AM,4272,1492,2780
4/13/2015 12:00:00 AM,6/5/2015 12:00:00 AM,3716,1248,2468
4/13/2015 12:00:00 AM,6/6/2015 12:00:00 AM,2778,1148,1630
4/13/2015 12:00:00 AM,6/7/2015 12:00:00 AM,1921,1148,773
4/13/2015 12:00:00 AM,6/8/2015 12:00:00 AM,2446,848,1598
4/13/2015 12:00:00 AM,6/9/2015 12:00:00 AM,1072,263,809
4/13/2015 12:00:00 AM,6/10/2015 12:00:00 AM,1072,263,809
4/13/2015 12:00:00 AM,6/11/2015 12:00:00 AM,1045,263,782
4/13/2015 12:00:00 AM,6/12/2015 12:00:00 AM,1045,263,782
4/13/2015 12:00:00 AM,6/13/2015 12:00:00 AM,801,19,782
4/13/2015 12:00:00 AM,6/14/2015 12:00:00 AM,1009,263,746
4/13/2015 12:00:00 AM,6/15/2015 12:00:00 AM,126,19,107
4/13/2015 12:00:00 AM,6/16/2015 12:00:00 AM,126,19,107
4/13/2015 12:00:00 AM,6/17/2015 12:00:00 AM,126,19,107
4/13/2015 12:00:00 AM,6/18/2015 12:00:00 AM,126,19,107
4/13/2015 12:00:00 AM,6/19/2015 12:00:00 AM,126,19,107
4/13/2015 12:00:00 AM,6/20/2015 12:00:00 AM,87,19,68
4/13/2015 12:00:00 AM,6/21/2015 12:00:00 AM,87,19,68
4/13/2015 12:00:00 AM,6/22/2015 12:00:00 AM,87,19,68
4/13/2015 12:00:00 AM,6/23/2015 12:00:00 AM,87,19,68
4/13/2015 12:00:00 AM,6/24/2015 12:00:00 AM,87,19,68
4/13/2015 12:00:00 AM,6/25/2015 12:00:00 AM,152,19,133
4/13/2015 12:00:00 AM,6/26/2015 12:00:00 AM,87,19,68
4/13/2015 12:00:00 AM,6/27/2015 12:00:00 AM,39,19,20
4/13/2015 12:00:00 AM,6/28/2015 12:00:00 AM,39,19,20
4/13/2015 12:00:00 AM,6/29/2015 12:00:00 AM,39,19,20
4/13/2015 12:00:00 AM,6/30/2015 12:00:00 AM,39,19,20
4/13/2015 12:00:00 AM,7/1/2015 12:00:00 AM,39,19,20
4/13/2015 12:00:00 AM,7/2/2015 12:00:00 AM,39,19,20
4/13/2015 12:00:00 AM,7/3/2015 12:00:00 AM,39,19,20
4/13/2015 12:00:00 AM,7/4/2015 12:00:00 AM,39,19,20
4/13/2015 12:00:00 AM,7/5/2015 12:00:00 AM,39,19,20
4/13/2015 12:00:00 AM,7/6/2015 12:00:00 AM,39,19,20
4/13/2015 12:00:00 AM,7/7/2015 12:00:00 AM,116,19,97
4/13/2015 12:00:00 AM,7/8/2015 12:00:00 AM,169,19,150
4/13/2015 12:00:00 AM,7/9/2015 12:00:00 AM,104,19,85
4/13/2015 12:00:00 AM,7/10/2015 12:00:00 AM,104,19,85
4/13/2015 12:00:00 AM,7/11/2015 12:00:00 AM,104,19,85
4/13/2015 12:00:00 AM,7/12/2015 12:00:00 AM,104,19,85
4/13/2015 12:00:00 AM,7/13/2015 12:00:00 AM,117,32,85
4/12/2015 12:00:00 AM,4/13/2015 12:00:00 AM,45551,20965,24586
4/12/2015 12:00:00 AM,4/14/2015 12:00:00 AM,44495,20839,23656
4/12/2015 12:00:00 AM,4/15/2015 12:00:00 AM,44853,20830,24023
4/12/2015 12:00:00 AM,4/16/2015 12:00:00 AM,42658,19357,23301
4/12/2015 12:00:00 AM,4/17/2015 12:00:00 AM,42842,19237,23605
4/12/2015 12:00:00 AM,4/18/2015 12:00:00 AM,49823,25049,24774
4/12/2015 12:00:00 AM,4/19/2015 12:00:00 AM,48352,24315,24037
4/12/2015 12:00:00 AM,4/20/2015 12:00:00 AM,49058,24168,24890
4/12/2015 12:00:00 AM,4/21/2015 12:00:00 AM,45232,21047,24185
4/12/2015 12:00:00 AM,4/22/2015 12:00:00 AM,43356,19393,23963
4/12/2015 12:00:00 AM,4/23/2015 12:00:00 AM,44703,20879,23824
4/12/2015 12:00:00 AM,4/24/2015 12:00:00 AM,44566,20445,24121
4/12/2015 12:00:00 AM,4/25/2015 12:00:00 AM,45467,20493,24974
4/12/2015 12:00:00 AM,4/26/2015 12:00:00 AM,45080,20322,24758
4/12/2015 12:00:00 AM,4/27/2015 12:00:00 AM,42900,18802,24098
4/12/2015 12:00:00 AM,4/28/2015 12:00:00 AM,39328,15615,23713
4/12/2015 12:00:00 AM,4/29/2015 12:00:00 AM,38336,15552,22784
4/12/2015 12:00:00 AM,4/30/2015 12:00:00 AM,37636,15371,22265
4/12/2015 12:00:00 AM,5/1/2015 12:00:00 AM,37949,15116,22833
4/12/2015 12:00:00 AM,5/2/2015 12:00:00 AM,40419,18541,21878
4/12/2015 12:00:00 AM,5/3/2015 12:00:00 AM,41200,18031,23169
4/12/2015 12:00:00 AM,5/4/2015 12:00:00 AM,41351,19330,22021
4/12/2015 12:00:00 AM,5/5/2015 12:00:00 AM,36590,16865,19725
4/12/2015 12:00:00 AM,5/6/2015 12:00:00 AM,38479,17487,20992
4/12/2015 12:00:00 AM,5/7/2015 12:00:00 AM,35210,16770,18440
4/12/2015 12:00:00 AM,5/8/2015 12:00:00 AM,36349,17452,18897
4/12/2015 12:00:00 AM,5/9/2015 12:00:00 AM,38404,19666,18738
4/12/2015 12:00:00 AM,5/10/2015 12:00:00 AM,37243,20148,17095
4/12/2015 12:00:00 AM,5/11/2015 12:00:00 AM,36718,17962,18756
4/12/2015 12:00:00 AM,5/12/2015 12:00:00 AM,35148,17483,17665
4/12/2015 12:00:00 AM,5/13/2015 12:00:00 AM,33982,16301,17681
4/12/2015 12:00:00 AM,5/14/2015 12:00:00 AM,34526,16651,17875
4/12/2015 12:00:00 AM,5/15/2015 12:00:00 AM,32273,15928,16345
4/12/2015 12:00:00 AM,5/16/2015 12:00:00 AM,35232,17872,17360
4/12/2015 12:00:00 AM,5/17/2015 12:00:00 AM,31821,15795,16026
4/12/2015 12:00:00 AM,5/18/2015 12:00:00 AM,29625,16072,13553
4/12/2015 12:00:00 AM,5/19/2015 12:00:00 AM,26148,12631,13517
4/12/2015 12:00:00 AM,5/20/2015 12:00:00 AM,24399,11816,12583
4/12/2015 12:00:00 AM,5/21/2015 12:00:00 AM,24241,12602,11639
4/12/2015 12:00:00 AM,5/22/2015 12:00:00 AM,22477,11586,10891
4/12/2015 12:00:00 AM,5/23/2015 12:00:00 AM,23549,13401,10148
4/12/2015 12:00:00 AM,5/24/2015 12:00:00 AM,21932,12393,9539
4/12/2015 12:00:00 AM,5/25/2015 12:00:00 AM,19042,10285,8757
4/12/2015 12:00:00 AM,5/26/2015 12:00:00 AM,15946,7406,8540
4/12/2015 12:00:00 AM,5/27/2015 12:00:00 AM,15471,7403,8068
4/12/2015 12:00:00 AM,5/28/2015 12:00:00 AM,15616,7603,8013
4/12/2015 12:00:00 AM,5/29/2015 12:00:00 AM,14158,6613,7545
4/12/2015 12:00:00 AM,5/30/2015 12:00:00 AM,14967,7014,7953
4/12/2015 12:00:00 AM,5/31/2015 12:00:00 AM,12665,6627,6038
4/12/2015 12:00:00 AM,6/1/2015 12:00:00 AM,8401,4571,3830
4/12/2015 12:00:00 AM,6/2/2015 12:00:00 AM,4058,1248,2810
4/12/2015 12:00:00 AM,6/3/2015 12:00:00 AM,4659,1455,3204
4/12/2015 12:00:00 AM,6/4/2015 12:00:00 AM,4272,1492,2780
4/12/2015 12:00:00 AM,6/5/2015 12:00:00 AM,3716,1248,2468
4/12/2015 12:00:00 AM,6/6/2015 12:00:00 AM,2778,1148,1630
4/12/2015 12:00:00 AM,6/7/2015 12:00:00 AM,1921,1148,773
4/12/2015 12:00:00 AM,6/8/2015 12:00:00 AM,2446,848,1598
4/12/2015 12:00:00 AM,6/9/2015 12:00:00 AM,1072,263,809
4/12/2015 12:00:00 AM,6/10/2015 12:00:00 AM,1072,263,809
4/12/2015 12:00:00 AM,6/11/2015 12:00:00 AM,1045,263,782
4/12/2015 12:00:00 AM,6/12/2015 12:00:00 AM,1045,263,782
4/12/2015 12:00:00 AM,6/13/2015 12:00:00 AM,801,19,782
4/12/2015 12:00:00 AM,6/14/2015 12:00:00 AM,1009,263,746
4/12/2015 12:00:00 AM,6/15/2015 12:00:00 AM,126,19,107
4/12/2015 12:00:00 AM,6/16/2015 12:00:00 AM,126,19,107
4/12/2015 12:00:00 AM,6/17/2015 12:00:00 AM,126,19,107
4/12/2015 12:00:00 AM,6/18/2015 12:00:00 AM,126,19,107
4/12/2015 12:00:00 AM,6/19/2015 12:00:00 AM,126,19,107
4/12/2015 12:00:00 AM,6/20/2015 12:00:00 AM,87,19,68
4/12/2015 12:00:00 AM,6/21/2015 12:00:00 AM,87,19,68
4/12/2015 12:00:00 AM,6/22/2015 12:00:00 AM,87,19,68
4/12/2015 12:00:00 AM,6/23/2015 12:00:00 AM,87,19,68
4/12/2015 12:00:00 AM,6/24/2015 12:00:00 AM,87,19,68
4/12/2015 12:00:00 AM,6/25/2015 12:00:00 AM,152,19,133
4/12/2015 12:00:00 AM,6/26/2015 12:00:00 AM,87,19,68
4/12/2015 12:00:00 AM,6/27/2015 12:00:00 AM,39,19,20
4/12/2015 12:00:00 AM,6/28/2015 12:00:00 AM,39,19,20
4/12/2015 12:00:00 AM,6/29/2015 12:00:00 AM,39,19,20
4/12/2015 12:00:00 AM,6/30/2015 12:00:00 AM,39,19,20
4/12/2015 12:00:00 AM,7/1/2015 12:00:00 AM,39,19,20
4/12/2015 12:00:00 AM,7/2/2015 12:00:00 AM,39,19,20
4/12/2015 12:00:00 AM,7/3/2015 12:00:00 AM,39,19,20
4/12/2015 12:00:00 AM,7/4/2015 12:00:00 AM,39,19,20
4/12/2015 12:00:00 AM,7/5/2015 12:00:00 AM,39,19,20
4/12/2015 12:00:00 AM,7/6/2015 12:00:00 AM,39,19,20
4/12/2015 12:00:00 AM,7/7/2015 12:00:00 AM,116,19,97
4/12/2015 12:00:00 AM,7/8/2015 12:00:00 AM,169,19,150
4/12/2015 12:00:00 AM,7/9/2015 12:00:00 AM,104,19,85
4/12/2015 12:00:00 AM,7/10/2015 12:00:00 AM,104,19,85
4/12/2015 12:00:00 AM,7/11/2015 12:00:00 AM,104,19,85
4/12/2015 12:00:00 AM,7/12/2015 12:00:00 AM,104,19,85
4/11/2015 12:00:00 AM,4/12/2015 12:00:00 AM,41610,19165,22445
4/11/2015 12:00:00 AM,4/13/2015 12:00:00 AM,45147,20561,24586
4/11/2015 12:00:00 AM,4/14/2015 12:00:00 AM,44091,20435,23656
4/11/2015 12:00:00 AM,4/15/2015 12:00:00 AM,44449,20426,24023
4/11/2015 12:00:00 AM,4/16/2015 12:00:00 AM,42254,18953,23301
4/11/2015 12:00:00 AM,4/17/2015 12:00:00 AM,42438,18833,23605
4/11/2015 12:00:00 AM,4/18/2015 12:00:00 AM,49823,25049,24774
4/11/2015 12:00:00 AM,4/19/2015 12:00:00 AM,48352,24315,24037
4/11/2015 12:00:00 AM,4/20/2015 12:00:00 AM,49058,24168,24890
4/11/2015 12:00:00 AM,4/21/2015 12:00:00 AM,45232,21047,24185
4/11/2015 12:00:00 AM,4/22/2015 12:00:00 AM,43356,19393,23963
4/11/2015 12:00:00 AM,4/23/2015 12:00:00 AM,44703,20879,23824
4/11/2015 12:00:00 AM,4/24/2015 12:00:00 AM,44566,20445,24121
4/11/2015 12:00:00 AM,4/25/2015 12:00:00 AM,45467,20493,24974
4/11/2015 12:00:00 AM,4/26/2015 12:00:00 AM,45080,20322,24758
4/11/2015 12:00:00 AM,4/27/2015 12:00:00 AM,42900,18802,24098
4/11/2015 12:00:00 AM,4/28/2015 12:00:00 AM,39328,15615,23713
4/11/2015 12:00:00 AM,4/29/2015 12:00:00 AM,38336,15552,22784
4/11/2015 12:00:00 AM,4/30/2015 12:00:00 AM,37636,15371,22265
4/11/2015 12:00:00 AM,5/1/2015 12:00:00 AM,37949,15116,22833
4/11/2015 12:00:00 AM,5/2/2015 12:00:00 AM,40419,18541,21878
4/11/2015 12:00:00 AM,5/3/2015 12:00:00 AM,41200,18031,23169
4/11/2015 12:00:00 AM,5/4/2015 12:00:00 AM,41351,19330,22021
4/11/2015 12:00:00 AM,5/5/2015 12:00:00 AM,36590,16865,19725
4/11/2015 12:00:00 AM,5/6/2015 12:00:00 AM,38479,17487,20992
4/11/2015 12:00:00 AM,5/7/2015 12:00:00 AM,35210,16770,18440
4/11/2015 12:00:00 AM,5/8/2015 12:00:00 AM,36349,17452,18897
4/11/2015 12:00:00 AM,5/9/2015 12:00:00 AM,38404,19666,18738
4/11/2015 12:00:00 AM,5/10/2015 12:00:00 AM,37243,20148,17095
4/11/2015 12:00:00 AM,5/11/2015 12:00:00 AM,36718,17962,18756
4/11/2015 12:00:00 AM,5/12/2015 12:00:00 AM,35148,17483,17665
4/11/2015 12:00:00 AM,5/13/2015 12:00:00 AM,33982,16301,17681
4/11/2015 12:00:00 AM,5/14/2015 12:00:00 AM,34526,16651,17875
4/11/2015 12:00:00 AM,5/15/2015 12:00:00 AM,32273,15928,16345
4/11/2015 12:00:00 AM,5/16/2015 12:00:00 AM,35232,17872,17360
4/11/2015 12:00:00 AM,5/17/2015 12:00:00 AM,31821,15795,16026
4/11/2015 12:00:00 AM,5/18/2015 12:00:00 AM,29625,16072,13553
4/11/2015 12:00:00 AM,5/19/2015 12:00:00 AM,26148,12631,13517
4/11/2015 12:00:00 AM,5/20/2015 12:00:00 AM,24399,11816,12583
4/11/2015 12:00:00 AM,5/21/2015 12:00:00 AM,24241,12602,11639
4/11/2015 12:00:00 AM,5/22/2015 12:00:00 AM,22477,11586,10891
4/11/2015 12:00:00 AM,5/23/2015 12:00:00 AM,23549,13401,10148
4/11/2015 12:00:00 AM,5/24/2015 12:00:00 AM,21932,12393,9539
4/11/2015 12:00:00 AM,5/25/2015 12:00:00 AM,19042,10285,8757
4/11/2015 12:00:00 AM,5/26/2015 12:00:00 AM,15946,7406,8540
4/11/2015 12:00:00 AM,5/27/2015 12:00:00 AM,15471,7403,8068
4/11/2015 12:00:00 AM,5/28/2015 12:00:00 AM,15616,7603,8013
4/11/2015 12:00:00 AM,5/29/2015 12:00:00 AM,14158,6613,7545
4/11/2015 12:00:00 AM,5/30/2015 12:00:00 AM,14967,7014,7953
4/11/2015 12:00:00 AM,5/31/2015 12:00:00 AM,12665,6627,6038
4/11/2015 12:00:00 AM,6/1/2015 12:00:00 AM,8401,4571,3830
4/11/2015 12:00:00 AM,6/2/2015 12:00:00 AM,4058,1248,2810
4/11/2015 12:00:00 AM,6/3/2015 12:00:00 AM,4659,1455,3204
4/11/2015 12:00:00 AM,6/4/2015 12:00:00 AM,4272,1492,2780
4/11/2015 12:00:00 AM,6/5/2015 12:00:00 AM,3716,1248,2468
4/11/2015 12:00:00 AM,6/6/2015 12:00:00 AM,2778,1148,1630
4/11/2015 12:00:00 AM,6/7/2015 12:00:00 AM,1921,1148,773
4/11/2015 12:00:00 AM,6/8/2015 12:00:00 AM,2446,848,1598
4/11/2015 12:00:00 AM,6/9/2015 12:00:00 AM,1072,263,809
4/11/2015 12:00:00 AM,6/10/2015 12:00:00 AM,1072,263,809
4/11/2015 12:00:00 AM,6/11/2015 12:00:00 AM,1045,263,782
4/11/2015 12:00:00 AM,6/12/2015 12:00:00 AM,1045,263,782
4/11/2015 12:00:00 AM,6/13/2015 12:00:00 AM,801,19,782
4/11/2015 12:00:00 AM,6/14/2015 12:00:00 AM,1009,263,746
4/11/2015 12:00:00 AM,6/15/2015 12:00:00 AM,126,19,107
4/11/2015 12:00:00 AM,6/16/2015 12:00:00 AM,126,19,107
4/11/2015 12:00:00 AM,6/17/2015 12:00:00 AM,126,19,107
4/11/2015 12:00:00 AM,6/18/2015 12:00:00 AM,126,19,107
4/11/2015 12:00:00 AM,6/19/2015 12:00:00 AM,126,19,107
4/11/2015 12:00:00 AM,6/20/2015 12:00:00 AM,87,19,68
4/11/2015 12:00:00 AM,6/21/2015 12:00:00 AM,87,19,68
4/11/2015 12:00:00 AM,6/22/2015 12:00:00 AM,87,19,68
4/11/2015 12:00:00 AM,6/23/2015 12:00:00 AM,87,19,68
4/11/2015 12:00:00 AM,6/24/2015 12:00:00 AM,87,19,68
4/11/2015 12:00:00 AM,6/25/2015 12:00:00 AM,152,19,133
4/11/2015 12:00:00 AM,6/26/2015 12:00:00 AM,87,19,68
4/11/2015 12:00:00 AM,6/27/2015 12:00:00 AM,39,19,20
4/11/2015 12:00:00 AM,6/28/2015 12:00:00 AM,39,19,20
4/11/2015 12:00:00 AM,6/29/2015 12:00:00 AM,39,19,20
4/11/2015 12:00:00 AM,6/30/2015 12:00:00 AM,39,19,20
4/11/2015 12:00:00 AM,7/1/2015 12:00:00 AM,39,19,20
4/11/2015 12:00:00 AM,7/2/2015 12:00:00 AM,39,19,20
4/11/2015 12:00:00 AM,7/3/2015 12:00:00 AM,39,19,20
4/11/2015 12:00:00 AM,7/4/2015 12:00:00 AM,39,19,20
4/11/2015 12:00:00 AM,7/5/2015 12:00:00 AM,39,19,20
4/11/2015 12:00:00 AM,7/6/2015 12:00:00 AM,39,19,20
4/11/2015 12:00:00 AM,7/7/2015 12:00:00 AM,116,19,97
4/11/2015 12:00:00 AM,7/8/2015 12:00:00 AM,169,19,150
4/11/2015 12:00:00 AM,7/9/2015 12:00:00 AM,104,19,85
4/11/2015 12:00:00 AM,7/10/2015 12:00:00 AM,104,19,85
4/11/2015 12:00:00 AM,7/11/2015 12:00:00 AM,104,19,85
4/10/2015 12:00:00 AM,4/11/2015 12:00:00 AM,40612,19014,21598
4/10/2015 12:00:00 AM,4/12/2015 12:00:00 AM,41597,19194,22403
4/10/2015 12:00:00 AM,4/13/2015 12:00:00 AM,45134,20590,24544
4/10/2015 12:00:00 AM,4/14/2015 12:00:00 AM,44241,20585,23656
4/10/2015 12:00:00 AM,4/15/2015 12:00:00 AM,44599,20576,24023
4/10/2015 12:00:00 AM,4/16/2015 12:00:00 AM,42404,19103,23301
4/10/2015 12:00:00 AM,4/17/2015 12:00:00 AM,42588,18983,23605
4/10/2015 12:00:00 AM,4/18/2015 12:00:00 AM,48990,24216,24774
4/10/2015 12:00:00 AM,4/19/2015 12:00:00 AM,47519,23482,24037
4/10/2015 12:00:00 AM,4/20/2015 12:00:00 AM,48225,23335,24890
4/10/2015 12:00:00 AM,4/21/2015 12:00:00 AM,44069,19884,24185
4/10/2015 12:00:00 AM,4/22/2015 12:00:00 AM,42523,18560,23963
4/10/2015 12:00:00 AM,4/23/2015 12:00:00 AM,43540,19716,23824
4/10/2015 12:00:00 AM,4/24/2015 12:00:00 AM,43733,19612,24121
4/10/2015 12:00:00 AM,4/25/2015 12:00:00 AM,45467,20493,24974
4/10/2015 12:00:00 AM,4/26/2015 12:00:00 AM,45080,20322,24758
4/10/2015 12:00:00 AM,4/27/2015 12:00:00 AM,42900,18802,24098
4/10/2015 12:00:00 AM,4/28/2015 12:00:00 AM,39328,15615,23713
4/10/2015 12:00:00 AM,4/29/2015 12:00:00 AM,38336,15552,22784
4/10/2015 12:00:00 AM,4/30/2015 12:00:00 AM,37636,15371,22265
4/10/2015 12:00:00 AM,5/1/2015 12:00:00 AM,37207,15116,22091
4/10/2015 12:00:00 AM,5/2/2015 12:00:00 AM,39677,18541,21136
4/10/2015 12:00:00 AM,5/3/2015 12:00:00 AM,40458,18031,22427
4/10/2015 12:00:00 AM,5/4/2015 12:00:00 AM,40609,19330,21279
4/10/2015 12:00:00 AM,5/5/2015 12:00:00 AM,35848,16865,18983
4/10/2015 12:00:00 AM,5/6/2015 12:00:00 AM,37737,17487,20250
4/10/2015 12:00:00 AM,5/7/2015 12:00:00 AM,34468,16770,17698
4/10/2015 12:00:00 AM,5/8/2015 12:00:00 AM,35607,17452,18155
4/10/2015 12:00:00 AM,5/9/2015 12:00:00 AM,37662,19666,17996
4/10/2015 12:00:00 AM,5/10/2015 12:00:00 AM,36501,20148,16353
4/10/2015 12:00:00 AM,5/11/2015 12:00:00 AM,36718,17962,18756
4/10/2015 12:00:00 AM,5/12/2015 12:00:00 AM,35148,17483,17665
4/10/2015 12:00:00 AM,5/13/2015 12:00:00 AM,33982,16301,17681
4/10/2015 12:00:00 AM,5/14/2015 12:00:00 AM,34526,16651,17875
4/10/2015 12:00:00 AM,5/15/2015 12:00:00 AM,32273,15928,16345
4/10/2015 12:00:00 AM,5/16/2015 12:00:00 AM,35232,17872,17360
4/10/2015 12:00:00 AM,5/17/2015 12:00:00 AM,31821,15795,16026
4/10/2015 12:00:00 AM,5/18/2015 12:00:00 AM,29625,16072,13553
4/10/2015 12:00:00 AM,5/19/2015 12:00:00 AM,26148,12631,13517
4/10/2015 12:00:00 AM,5/20/2015 12:00:00 AM,24399,11816,12583
4/10/2015 12:00:00 AM,5/21/2015 12:00:00 AM,24241,12602,11639
4/10/2015 12:00:00 AM,5/22/2015 12:00:00 AM,22477,11586,10891
4/10/2015 12:00:00 AM,5/23/2015 12:00:00 AM,23549,13401,10148
4/10/2015 12:00:00 AM,5/24/2015 12:00:00 AM,21932,12393,9539
4/10/2015 12:00:00 AM,5/25/2015 12:00:00 AM,19042,10285,8757
4/10/2015 12:00:00 AM,5/26/2015 12:00:00 AM,15946,7406,8540
4/10/2015 12:00:00 AM,5/27/2015 12:00:00 AM,15471,7403,8068
4/10/2015 12:00:00 AM,5/28/2015 12:00:00 AM,15616,7603,8013
4/10/2015 12:00:00 AM,5/29/2015 12:00:00 AM,14158,6613,7545
4/10/2015 12:00:00 AM,5/30/2015 12:00:00 AM,14967,7014,7953
4/10/2015 12:00:00 AM,5/31/2015 12:00:00 AM,12665,6627,6038
4/10/2015 12:00:00 AM,6/1/2015 12:00:00 AM,8401,4571,3830
4/10/2015 12:00:00 AM,6/2/2015 12:00:00 AM,4058,1248,2810
4/10/2015 12:00:00 AM,6/3/2015 12:00:00 AM,4659,1455,3204
4/10/2015 12:00:00 AM,6/4/2015 12:00:00 AM,4272,1492,2780
4/10/2015 12:00:00 AM,6/5/2015 12:00:00 AM,3716,1248,2468
4/10/2015 12:00:00 AM,6/6/2015 12:00:00 AM,2778,1148,1630
4/10/2015 12:00:00 AM,6/7/2015 12:00:00 AM,1921,1148,773
4/10/2015 12:00:00 AM,6/8/2015 12:00:00 AM,2446,848,1598
4/10/2015 12:00:00 AM,6/9/2015 12:00:00 AM,1072,263,809
4/10/2015 12:00:00 AM,6/10/2015 12:00:00 AM,1072,263,809
4/10/2015 12:00:00 AM,6/11/2015 12:00:00 AM,1045,263,782
4/10/2015 12:00:00 AM,6/12/2015 12:00:00 AM,1045,263,782
4/10/2015 12:00:00 AM,6/13/2015 12:00:00 AM,801,19,782
4/10/2015 12:00:00 AM,6/14/2015 12:00:00 AM,1009,263,746
4/10/2015 12:00:00 AM,6/15/2015 12:00:00 AM,126,19,107
4/10/2015 12:00:00 AM,6/16/2015 12:00:00 AM,126,19,107
4/10/2015 12:00:00 AM,6/17/2015 12:00:00 AM,126,19,107
4/10/2015 12:00:00 AM,6/18/2015 12:00:00 AM,126,19,107
4/10/2015 12:00:00 AM,6/19/2015 12:00:00 AM,126,19,107
4/10/2015 12:00:00 AM,6/20/2015 12:00:00 AM,87,19,68
4/10/2015 12:00:00 AM,6/21/2015 12:00:00 AM,87,19,68
4/10/2015 12:00:00 AM,6/22/2015 12:00:00 AM,87,19,68
4/10/2015 12:00:00 AM,6/23/2015 12:00:00 AM,87,19,68
4/10/2015 12:00:00 AM,6/24/2015 12:00:00 AM,87,19,68
4/10/2015 12:00:00 AM,6/25/2015 12:00:00 AM,152,19,133
4/10/2015 12:00:00 AM,6/26/2015 12:00:00 AM,87,19,68
4/10/2015 12:00:00 AM,6/27/2015 12:00:00 AM,39,19,20
4/10/2015 12:00:00 AM,6/28/2015 12:00:00 AM,39,19,20
4/10/2015 12:00:00 AM,6/29/2015 12:00:00 AM,39,19,20
4/10/2015 12:00:00 AM,6/30/2015 12:00:00 AM,39,19,20
4/10/2015 12:00:00 AM,7/1/2015 12:00:00 AM,39,19,20
4/10/2015 12:00:00 AM,7/2/2015 12:00:00 AM,39,19,20
4/10/2015 12:00:00 AM,7/3/2015 12:00:00 AM,39,19,20
4/10/2015 12:00:00 AM,7/4/2015 12:00:00 AM,39,19,20
4/10/2015 12:00:00 AM,7/5/2015 12:00:00 AM,39,19,20
4/10/2015 12:00:00 AM,7/6/2015 12:00:00 AM,39,19,20
4/10/2015 12:00:00 AM,7/7/2015 12:00:00 AM,116,19,97
4/10/2015 12:00:00 AM,7/8/2015 12:00:00 AM,169,19,150
4/10/2015 12:00:00 AM,7/9/2015 12:00:00 AM,104,19,85
4/10/2015 12:00:00 AM,7/10/2015 12:00:00 AM,104,19,85
4/9/2015 12:00:00 AM,4/10/2015 12:00:00 AM,32935,16323,16612
4/9/2015 12:00:00 AM,4/11/2015 12:00:00 AM,40901,19330,21571
4/9/2015 12:00:00 AM,4/12/2015 12:00:00 AM,41841,19510,22331
4/9/2015 12:00:00 AM,4/13/2015 12:00:00 AM,45886,21540,24346
4/9/2015 12:00:00 AM,4/14/2015 12:00:00 AM,44985,21527,23458
4/9/2015 12:00:00 AM,4/15/2015 12:00:00 AM,44543,20718,23825
4/9/2015 12:00:00 AM,4/16/2015 12:00:00 AM,42348,19245,23103
4/9/2015 12:00:00 AM,4/17/2015 12:00:00 AM,43000,19593,23407
4/9/2015 12:00:00 AM,4/18/2015 12:00:00 AM,48934,24358,24576
4/9/2015 12:00:00 AM,4/19/2015 12:00:00 AM,47463,23624,23839
4/9/2015 12:00:00 AM,4/20/2015 12:00:00 AM,48480,23707,24773
4/9/2015 12:00:00 AM,4/21/2015 12:00:00 AM,43376,19308,24068
4/9/2015 12:00:00 AM,4/22/2015 12:00:00 AM,41830,17984,23846
4/9/2015 12:00:00 AM,4/23/2015 12:00:00 AM,42847,19140,23707
4/9/2015 12:00:00 AM,4/24/2015 12:00:00 AM,43040,19036,24004
4/9/2015 12:00:00 AM,4/25/2015 12:00:00 AM,44774,19917,24857
4/9/2015 12:00:00 AM,4/26/2015 12:00:00 AM,44387,19746,24641
4/9/2015 12:00:00 AM,4/27/2015 12:00:00 AM,42207,18226,23981
4/9/2015 12:00:00 AM,4/28/2015 12:00:00 AM,39037,15441,23596
4/9/2015 12:00:00 AM,4/29/2015 12:00:00 AM,38044,15377,22667
4/9/2015 12:00:00 AM,4/30/2015 12:00:00 AM,37345,15197,22148
4/9/2015 12:00:00 AM,5/1/2015 12:00:00 AM,36447,14473,21974
4/9/2015 12:00:00 AM,5/2/2015 12:00:00 AM,38917,17898,21019
4/9/2015 12:00:00 AM,5/3/2015 12:00:00 AM,39698,17388,22310
4/9/2015 12:00:00 AM,5/4/2015 12:00:00 AM,39804,18687,21117
4/9/2015 12:00:00 AM,5/5/2015 12:00:00 AM,35511,16690,18821
4/9/2015 12:00:00 AM,5/6/2015 12:00:00 AM,37575,17487,20088
4/9/2015 12:00:00 AM,5/7/2015 12:00:00 AM,34306,16770,17536
4/9/2015 12:00:00 AM,5/8/2015 12:00:00 AM,35445,17452,17993
4/9/2015 12:00:00 AM,5/9/2015 12:00:00 AM,37500,19666,17834
4/9/2015 12:00:00 AM,5/10/2015 12:00:00 AM,36339,20148,16191
4/9/2015 12:00:00 AM,5/11/2015 12:00:00 AM,36892,18298,18594
4/9/2015 12:00:00 AM,5/12/2015 12:00:00 AM,35322,17819,17503
4/9/2015 12:00:00 AM,5/13/2015 12:00:00 AM,34156,16637,17519
4/9/2015 12:00:00 AM,5/14/2015 12:00:00 AM,34700,16987,17713
4/9/2015 12:00:00 AM,5/15/2015 12:00:00 AM,32447,16264,16183
4/9/2015 12:00:00 AM,5/16/2015 12:00:00 AM,35187,17872,17315
4/9/2015 12:00:00 AM,5/17/2015 12:00:00 AM,31776,15795,15981
4/9/2015 12:00:00 AM,5/18/2015 12:00:00 AM,29580,16072,13508
4/9/2015 12:00:00 AM,5/19/2015 12:00:00 AM,26103,12631,13472
4/9/2015 12:00:00 AM,5/20/2015 12:00:00 AM,24354,11816,12538
4/9/2015 12:00:00 AM,5/21/2015 12:00:00 AM,24196,12602,11594
4/9/2015 12:00:00 AM,5/22/2015 12:00:00 AM,22215,11586,10629
4/9/2015 12:00:00 AM,5/23/2015 12:00:00 AM,23332,13401,9931
4/9/2015 12:00:00 AM,5/24/2015 12:00:00 AM,21715,12393,9322
4/9/2015 12:00:00 AM,5/25/2015 12:00:00 AM,19042,10285,8757
4/9/2015 12:00:00 AM,5/26/2015 12:00:00 AM,15946,7406,8540
4/9/2015 12:00:00 AM,5/27/2015 12:00:00 AM,15471,7403,8068
4/9/2015 12:00:00 AM,5/28/2015 12:00:00 AM,15616,7603,8013
4/9/2015 12:00:00 AM,5/29/2015 12:00:00 AM,14158,6613,7545
4/9/2015 12:00:00 AM,5/30/2015 12:00:00 AM,14967,7014,7953
4/9/2015 12:00:00 AM,5/31/2015 12:00:00 AM,12665,6627,6038
4/9/2015 12:00:00 AM,6/1/2015 12:00:00 AM,8401,4571,3830
4/9/2015 12:00:00 AM,6/2/2015 12:00:00 AM,4058,1248,2810
4/9/2015 12:00:00 AM,6/3/2015 12:00:00 AM,4659,1455,3204
4/9/2015 12:00:00 AM,6/4/2015 12:00:00 AM,4272,1492,2780
4/9/2015 12:00:00 AM,6/5/2015 12:00:00 AM,3716,1248,2468
4/9/2015 12:00:00 AM,6/6/2015 12:00:00 AM,2778,1148,1630
4/9/2015 12:00:00 AM,6/7/2015 12:00:00 AM,1921,1148,773
4/9/2015 12:00:00 AM,6/8/2015 12:00:00 AM,2446,848,1598
4/9/2015 12:00:00 AM,6/9/2015 12:00:00 AM,1072,263,809
4/9/2015 12:00:00 AM,6/10/2015 12:00:00 AM,1072,263,809
4/9/2015 12:00:00 AM,6/11/2015 12:00:00 AM,1045,263,782
4/9/2015 12:00:00 AM,6/12/2015 12:00:00 AM,1045,263,782
4/9/2015 12:00:00 AM,6/13/2015 12:00:00 AM,801,19,782
4/9/2015 12:00:00 AM,6/14/2015 12:00:00 AM,1009,263,746
4/9/2015 12:00:00 AM,6/15/2015 12:00:00 AM,126,19,107
4/9/2015 12:00:00 AM,6/16/2015 12:00:00 AM,126,19,107
4/9/2015 12:00:00 AM,6/17/2015 12:00:00 AM,126,19,107
4/9/2015 12:00:00 AM,6/18/2015 12:00:00 AM,126,19,107
4/9/2015 12:00:00 AM,6/19/2015 12:00:00 AM,126,19,107
4/9/2015 12:00:00 AM,6/20/2015 12:00:00 AM,87,19,68
4/9/2015 12:00:00 AM,6/21/2015 12:00:00 AM,87,19,68
4/9/2015 12:00:00 AM,6/22/2015 12:00:00 AM,87,19,68
4/9/2015 12:00:00 AM,6/23/2015 12:00:00 AM,87,19,68
4/9/2015 12:00:00 AM,6/24/2015 12:00:00 AM,87,19,68
4/9/2015 12:00:00 AM,6/25/2015 12:00:00 AM,152,19,133
4/9/2015 12:00:00 AM,6/26/2015 12:00:00 AM,87,19,68
4/9/2015 12:00:00 AM,6/27/2015 12:00:00 AM,39,19,20
4/9/2015 12:00:00 AM,6/28/2015 12:00:00 AM,39,19,20
4/9/2015 12:00:00 AM,6/29/2015 12:00:00 AM,39,19,20
4/9/2015 12:00:00 AM,6/30/2015 12:00:00 AM,39,19,20
4/9/2015 12:00:00 AM,7/1/2015 12:00:00 AM,39,19,20
4/9/2015 12:00:00 AM,7/2/2015 12:00:00 AM,39,19,20
4/9/2015 12:00:00 AM,7/3/2015 12:00:00 AM,39,19,20
4/9/2015 12:00:00 AM,7/4/2015 12:00:00 AM,39,19,20
4/9/2015 12:00:00 AM,7/5/2015 12:00:00 AM,39,19,20
4/9/2015 12:00:00 AM,7/6/2015 12:00:00 AM,39,19,20
4/9/2015 12:00:00 AM,7/7/2015 12:00:00 AM,116,19,97
4/9/2015 12:00:00 AM,7/8/2015 12:00:00 AM,169,19,150
4/9/2015 12:00:00 AM,7/9/2015 12:00:00 AM,104,19,85
4/8/2015 12:00:00 AM,4/9/2015 12:00:00 AM,31446,14902,16544
4/8/2015 12:00:00 AM,4/10/2015 12:00:00 AM,32935,16323,16612
4/8/2015 12:00:00 AM,4/11/2015 12:00:00 AM,40901,19330,21571
4/8/2015 12:00:00 AM,4/12/2015 12:00:00 AM,41841,19510,22331
4/8/2015 12:00:00 AM,4/13/2015 12:00:00 AM,44799,21198,23601
4/8/2015 12:00:00 AM,4/14/2015 12:00:00 AM,44415,21702,22713
4/8/2015 12:00:00 AM,4/15/2015 12:00:00 AM,43986,20893,23093
4/8/2015 12:00:00 AM,4/16/2015 12:00:00 AM,42523,19420,23103
4/8/2015 12:00:00 AM,4/17/2015 12:00:00 AM,42913,19618,23295
4/8/2015 12:00:00 AM,4/18/2015 12:00:00 AM,47527,23063,24464
4/8/2015 12:00:00 AM,4/19/2015 12:00:00 AM,46476,22749,23727
4/8/2015 12:00:00 AM,4/20/2015 12:00:00 AM,47373,22712,24661
4/8/2015 12:00:00 AM,4/21/2015 12:00:00 AM,42269,18313,23956
4/8/2015 12:00:00 AM,4/22/2015 12:00:00 AM,40103,16369,23734
4/8/2015 12:00:00 AM,4/23/2015 12:00:00 AM,41590,17995,23595
4/8/2015 12:00:00 AM,4/24/2015 12:00:00 AM,41163,17271,23892
4/8/2015 12:00:00 AM,4/25/2015 12:00:00 AM,42897,18152,24745
4/8/2015 12:00:00 AM,4/26/2015 12:00:00 AM,42780,18251,24529
4/8/2015 12:00:00 AM,4/27/2015 12:00:00 AM,40330,16461,23869
4/8/2015 12:00:00 AM,4/28/2015 12:00:00 AM,39100,15616,23484
4/8/2015 12:00:00 AM,4/29/2015 12:00:00 AM,37487,14932,22555
4/8/2015 12:00:00 AM,4/30/2015 12:00:00 AM,37408,15372,22036
4/8/2015 12:00:00 AM,5/1/2015 12:00:00 AM,36510,14648,21862
4/8/2015 12:00:00 AM,5/2/2015 12:00:00 AM,38359,17452,20907
4/8/2015 12:00:00 AM,5/3/2015 12:00:00 AM,39140,16942,22198
4/8/2015 12:00:00 AM,5/4/2015 12:00:00 AM,39246,18241,21005
4/8/2015 12:00:00 AM,5/5/2015 12:00:00 AM,34953,16244,18709
4/8/2015 12:00:00 AM,5/6/2015 12:00:00 AM,36858,16882,19976
4/8/2015 12:00:00 AM,5/7/2015 12:00:00 AM,33247,15823,17424
4/8/2015 12:00:00 AM,5/8/2015 12:00:00 AM,34386,16505,17881
4/8/2015 12:00:00 AM,5/9/2015 12:00:00 AM,36441,18719,17722
4/8/2015 12:00:00 AM,5/10/2015 12:00:00 AM,35280,19201,16079
4/8/2015 12:00:00 AM,5/11/2015 12:00:00 AM,36454,17972,18482
4/8/2015 12:00:00 AM,5/12/2015 12:00:00 AM,34884,17493,17391
4/8/2015 12:00:00 AM,5/13/2015 12:00:00 AM,33718,16311,17407
4/8/2015 12:00:00 AM,5/14/2015 12:00:00 AM,34262,16661,17601
4/8/2015 12:00:00 AM,5/15/2015 12:00:00 AM,32009,15938,16071
4/8/2015 12:00:00 AM,5/16/2015 12:00:00 AM,34749,17546,17203
4/8/2015 12:00:00 AM,5/17/2015 12:00:00 AM,31248,15469,15779
4/8/2015 12:00:00 AM,5/18/2015 12:00:00 AM,29468,16072,13396
4/8/2015 12:00:00 AM,5/19/2015 12:00:00 AM,25991,12631,13360
4/8/2015 12:00:00 AM,5/20/2015 12:00:00 AM,24242,11816,12426
4/8/2015 12:00:00 AM,5/21/2015 12:00:00 AM,24194,12602,11592
4/8/2015 12:00:00 AM,5/22/2015 12:00:00 AM,22061,11586,10475
4/8/2015 12:00:00 AM,5/23/2015 12:00:00 AM,22604,13089,9515
4/8/2015 12:00:00 AM,5/24/2015 12:00:00 AM,20877,12081,8796
4/8/2015 12:00:00 AM,5/25/2015 12:00:00 AM,18356,9973,8383
4/8/2015 12:00:00 AM,5/26/2015 12:00:00 AM,15522,7094,8428
4/8/2015 12:00:00 AM,5/27/2015 12:00:00 AM,15047,7091,7956
4/8/2015 12:00:00 AM,5/28/2015 12:00:00 AM,15192,7291,7901
4/8/2015 12:00:00 AM,5/29/2015 12:00:00 AM,13734,6301,7433
4/8/2015 12:00:00 AM,5/30/2015 12:00:00 AM,15863,8022,7841
4/8/2015 12:00:00 AM,5/31/2015 12:00:00 AM,13728,7802,5926
4/8/2015 12:00:00 AM,6/1/2015 12:00:00 AM,9609,5891,3718
4/8/2015 12:00:00 AM,6/2/2015 12:00:00 AM,5266,2568,2698
4/8/2015 12:00:00 AM,6/3/2015 12:00:00 AM,5867,2775,3092
4/8/2015 12:00:00 AM,6/4/2015 12:00:00 AM,5480,2812,2668
4/8/2015 12:00:00 AM,6/5/2015 12:00:00 AM,4924,2568,2356
4/8/2015 12:00:00 AM,6/6/2015 12:00:00 AM,3986,2468,1518
4/8/2015 12:00:00 AM,6/7/2015 12:00:00 AM,3129,2468,661
4/8/2015 12:00:00 AM,6/8/2015 12:00:00 AM,3654,2168,1486
4/8/2015 12:00:00 AM,6/9/2015 12:00:00 AM,960,263,697
4/8/2015 12:00:00 AM,6/10/2015 12:00:00 AM,960,263,697
4/8/2015 12:00:00 AM,6/11/2015 12:00:00 AM,933,263,670
4/8/2015 12:00:00 AM,6/12/2015 12:00:00 AM,933,263,670
4/8/2015 12:00:00 AM,6/13/2015 12:00:00 AM,689,19,670
4/8/2015 12:00:00 AM,6/14/2015 12:00:00 AM,897,263,634
4/8/2015 12:00:00 AM,6/15/2015 12:00:00 AM,126,19,107
4/8/2015 12:00:00 AM,6/16/2015 12:00:00 AM,126,19,107
4/8/2015 12:00:00 AM,6/17/2015 12:00:00 AM,126,19,107
4/8/2015 12:00:00 AM,6/18/2015 12:00:00 AM,126,19,107
4/8/2015 12:00:00 AM,6/19/2015 12:00:00 AM,126,19,107
4/8/2015 12:00:00 AM,6/20/2015 12:00:00 AM,87,19,68
4/8/2015 12:00:00 AM,6/21/2015 12:00:00 AM,87,19,68
4/8/2015 12:00:00 AM,6/22/2015 12:00:00 AM,87,19,68
4/8/2015 12:00:00 AM,6/23/2015 12:00:00 AM,87,19,68
4/8/2015 12:00:00 AM,6/24/2015 12:00:00 AM,87,19,68
4/8/2015 12:00:00 AM,6/25/2015 12:00:00 AM,152,19,133
4/8/2015 12:00:00 AM,6/26/2015 12:00:00 AM,87,19,68
4/8/2015 12:00:00 AM,6/27/2015 12:00:00 AM,39,19,20
4/8/2015 12:00:00 AM,6/28/2015 12:00:00 AM,39,19,20
4/8/2015 12:00:00 AM,6/29/2015 12:00:00 AM,39,19,20
4/8/2015 12:00:00 AM,6/30/2015 12:00:00 AM,39,19,20
4/8/2015 12:00:00 AM,7/1/2015 12:00:00 AM,39,19,20
4/8/2015 12:00:00 AM,7/2/2015 12:00:00 AM,39,19,20
4/8/2015 12:00:00 AM,7/3/2015 12:00:00 AM,39,19,20
4/8/2015 12:00:00 AM,7/4/2015 12:00:00 AM,39,19,20
4/8/2015 12:00:00 AM,7/5/2015 12:00:00 AM,39,19,20
4/8/2015 12:00:00 AM,7/6/2015 12:00:00 AM,39,19,20
4/8/2015 12:00:00 AM,7/7/2015 12:00:00 AM,116,19,97
4/8/2015 12:00:00 AM,7/8/2015 12:00:00 AM,169,19,150
4/7/2015 12:00:00 AM,4/8/2015 12:00:00 AM,31920,14727,17193
4/7/2015 12:00:00 AM,4/9/2015 12:00:00 AM,31557,14677,16880
4/7/2015 12:00:00 AM,4/10/2015 12:00:00 AM,32441,15493,16948
4/7/2015 12:00:00 AM,4/11/2015 12:00:00 AM,40407,18500,21907
4/7/2015 12:00:00 AM,4/12/2015 12:00:00 AM,41347,18680,22667
4/7/2015 12:00:00 AM,4/13/2015 12:00:00 AM,44305,20368,23937
4/7/2015 12:00:00 AM,4/14/2015 12:00:00 AM,43921,20872,23049
4/7/2015 12:00:00 AM,4/15/2015 12:00:00 AM,43269,20288,22981
4/7/2015 12:00:00 AM,4/16/2015 12:00:00 AM,41918,18815,23103
4/7/2015 12:00:00 AM,4/17/2015 12:00:00 AM,42196,19013,23183
4/7/2015 12:00:00 AM,4/18/2015 12:00:00 AM,46810,22458,24352
4/7/2015 12:00:00 AM,4/19/2015 12:00:00 AM,45759,22144,23615
4/7/2015 12:00:00 AM,4/20/2015 12:00:00 AM,46656,22107,24549
4/7/2015 12:00:00 AM,4/21/2015 12:00:00 AM,41552,17708,23844
4/7/2015 12:00:00 AM,4/22/2015 12:00:00 AM,39991,16369,23622
4/7/2015 12:00:00 AM,4/23/2015 12:00:00 AM,41478,17995,23483
4/7/2015 12:00:00 AM,4/24/2015 12:00:00 AM,41051,17271,23780
4/7/2015 12:00:00 AM,4/25/2015 12:00:00 AM,42459,17826,24633
4/7/2015 12:00:00 AM,4/26/2015 12:00:00 AM,42342,17925,24417
4/7/2015 12:00:00 AM,4/27/2015 12:00:00 AM,39892,16135,23757
4/7/2015 12:00:00 AM,4/28/2015 12:00:00 AM,38662,15290,23372
4/7/2015 12:00:00 AM,4/29/2015 12:00:00 AM,37049,14606,22443
4/7/2015 12:00:00 AM,4/30/2015 12:00:00 AM,36970,15046,21924
4/7/2015 12:00:00 AM,5/1/2015 12:00:00 AM,36072,14322,21750
4/7/2015 12:00:00 AM,5/2/2015 12:00:00 AM,37921,17126,20795
4/7/2015 12:00:00 AM,5/3/2015 12:00:00 AM,38702,16616,22086
4/7/2015 12:00:00 AM,5/4/2015 12:00:00 AM,38808,17915,20893
4/7/2015 12:00:00 AM,5/5/2015 12:00:00 AM,34515,15918,18597
4/7/2015 12:00:00 AM,5/6/2015 12:00:00 AM,36420,16556,19864
4/7/2015 12:00:00 AM,5/7/2015 12:00:00 AM,32809,15497,17312
4/7/2015 12:00:00 AM,5/8/2015 12:00:00 AM,33945,16176,17769
4/7/2015 12:00:00 AM,5/9/2015 12:00:00 AM,36000,18390,17610
4/7/2015 12:00:00 AM,5/10/2015 12:00:00 AM,34839,18872,15967
4/7/2015 12:00:00 AM,5/11/2015 12:00:00 AM,36013,17643,18370
4/7/2015 12:00:00 AM,5/12/2015 12:00:00 AM,34443,17164,17279
4/7/2015 12:00:00 AM,5/13/2015 12:00:00 AM,33277,15982,17295
4/7/2015 12:00:00 AM,5/14/2015 12:00:00 AM,33821,16332,17489
4/7/2015 12:00:00 AM,5/15/2015 12:00:00 AM,31568,15609,15959
4/7/2015 12:00:00 AM,5/16/2015 12:00:00 AM,34308,17217,17091
4/7/2015 12:00:00 AM,5/17/2015 12:00:00 AM,30807,15140,15667
4/7/2015 12:00:00 AM,5/18/2015 12:00:00 AM,28547,15263,13284
4/7/2015 12:00:00 AM,5/19/2015 12:00:00 AM,25550,12302,13248
4/7/2015 12:00:00 AM,5/20/2015 12:00:00 AM,23801,11487,12314
4/7/2015 12:00:00 AM,5/21/2015 12:00:00 AM,23753,12273,11480
4/7/2015 12:00:00 AM,5/22/2015 12:00:00 AM,21620,11257,10363
4/7/2015 12:00:00 AM,5/23/2015 12:00:00 AM,22166,12763,9403
4/7/2015 12:00:00 AM,5/24/2015 12:00:00 AM,20439,11755,8684
4/7/2015 12:00:00 AM,5/25/2015 12:00:00 AM,18244,9973,8271
4/7/2015 12:00:00 AM,5/26/2015 12:00:00 AM,15410,7094,8316
4/7/2015 12:00:00 AM,5/27/2015 12:00:00 AM,14935,7091,7844
4/7/2015 12:00:00 AM,5/28/2015 12:00:00 AM,15080,7291,7789
4/7/2015 12:00:00 AM,5/29/2015 12:00:00 AM,13622,6301,7321
4/7/2015 12:00:00 AM,5/30/2015 12:00:00 AM,15751,8022,7729
4/7/2015 12:00:00 AM,5/31/2015 12:00:00 AM,13616,7802,5814
4/7/2015 12:00:00 AM,6/1/2015 12:00:00 AM,9497,5891,3606
4/7/2015 12:00:00 AM,6/2/2015 12:00:00 AM,5154,2568,2586
4/7/2015 12:00:00 AM,6/3/2015 12:00:00 AM,5755,2775,2980
4/7/2015 12:00:00 AM,6/4/2015 12:00:00 AM,5368,2812,2556
4/7/2015 12:00:00 AM,6/5/2015 12:00:00 AM,4812,2568,2244
4/7/2015 12:00:00 AM,6/6/2015 12:00:00 AM,3874,2468,1406
4/7/2015 12:00:00 AM,6/7/2015 12:00:00 AM,3017,2468,549
4/7/2015 12:00:00 AM,6/8/2015 12:00:00 AM,3542,2168,1374
4/7/2015 12:00:00 AM,6/9/2015 12:00:00 AM,848,263,585
4/7/2015 12:00:00 AM,6/10/2015 12:00:00 AM,848,263,585
4/7/2015 12:00:00 AM,6/11/2015 12:00:00 AM,821,263,558
4/7/2015 12:00:00 AM,6/12/2015 12:00:00 AM,821,263,558
4/7/2015 12:00:00 AM,6/13/2015 12:00:00 AM,577,19,558
4/7/2015 12:00:00 AM,6/14/2015 12:00:00 AM,785,263,522
4/7/2015 12:00:00 AM,6/15/2015 12:00:00 AM,126,19,107
4/7/2015 12:00:00 AM,6/16/2015 12:00:00 AM,126,19,107
4/7/2015 12:00:00 AM,6/17/2015 12:00:00 AM,126,19,107
4/7/2015 12:00:00 AM,6/18/2015 12:00:00 AM,126,19,107
4/7/2015 12:00:00 AM,6/19/2015 12:00:00 AM,126,19,107
4/7/2015 12:00:00 AM,6/20/2015 12:00:00 AM,87,19,68
4/7/2015 12:00:00 AM,6/21/2015 12:00:00 AM,87,19,68
4/7/2015 12:00:00 AM,6/22/2015 12:00:00 AM,87,19,68
4/7/2015 12:00:00 AM,6/23/2015 12:00:00 AM,87,19,68
4/7/2015 12:00:00 AM,6/24/2015 12:00:00 AM,87,19,68
4/7/2015 12:00:00 AM,6/25/2015 12:00:00 AM,152,19,133
4/7/2015 12:00:00 AM,6/26/2015 12:00:00 AM,87,19,68
4/7/2015 12:00:00 AM,6/27/2015 12:00:00 AM,39,19,20
4/7/2015 12:00:00 AM,6/28/2015 12:00:00 AM,39,19,20
4/7/2015 12:00:00 AM,6/29/2015 12:00:00 AM,39,19,20
4/7/2015 12:00:00 AM,6/30/2015 12:00:00 AM,39,19,20
4/7/2015 12:00:00 AM,7/1/2015 12:00:00 AM,39,19,20
4/7/2015 12:00:00 AM,7/2/2015 12:00:00 AM,39,19,20
4/7/2015 12:00:00 AM,7/3/2015 12:00:00 AM,39,19,20
4/7/2015 12:00:00 AM,7/4/2015 12:00:00 AM,39,19,20
4/7/2015 12:00:00 AM,7/5/2015 12:00:00 AM,39,19,20
4/7/2015 12:00:00 AM,7/6/2015 12:00:00 AM,39,19,20
4/7/2015 12:00:00 AM,7/7/2015 12:00:00 AM,116,19,97
4/6/2015 12:00:00 AM,4/7/2015 12:00:00 AM,32878,14623,18255
4/6/2015 12:00:00 AM,4/8/2015 12:00:00 AM,31976,14727,17249
4/6/2015 12:00:00 AM,4/9/2015 12:00:00 AM,31613,14677,16936
4/6/2015 12:00:00 AM,4/10/2015 12:00:00 AM,32399,15493,16906
4/6/2015 12:00:00 AM,4/11/2015 12:00:00 AM,40463,18500,21963
4/6/2015 12:00:00 AM,4/12/2015 12:00:00 AM,41305,18680,22625
4/6/2015 12:00:00 AM,4/13/2015 12:00:00 AM,44207,20368,23839
4/6/2015 12:00:00 AM,4/14/2015 12:00:00 AM,43823,20872,22951
4/6/2015 12:00:00 AM,4/15/2015 12:00:00 AM,43171,20288,22883
4/6/2015 12:00:00 AM,4/16/2015 12:00:00 AM,41820,18815,23005
4/6/2015 12:00:00 AM,4/17/2015 12:00:00 AM,42196,19013,23183
4/6/2015 12:00:00 AM,4/18/2015 12:00:00 AM,46712,22458,24254
4/6/2015 12:00:00 AM,4/19/2015 12:00:00 AM,45759,22144,23615
4/6/2015 12:00:00 AM,4/20/2015 12:00:00 AM,46656,22107,24549
4/6/2015 12:00:00 AM,4/21/2015 12:00:00 AM,41552,17708,23844
4/6/2015 12:00:00 AM,4/22/2015 12:00:00 AM,39991,16369,23622
4/6/2015 12:00:00 AM,4/23/2015 12:00:00 AM,41478,17995,23483
4/6/2015 12:00:00 AM,4/24/2015 12:00:00 AM,41051,17271,23780
4/6/2015 12:00:00 AM,4/25/2015 12:00:00 AM,42459,17826,24633
4/6/2015 12:00:00 AM,4/26/2015 12:00:00 AM,42342,17925,24417
4/6/2015 12:00:00 AM,4/27/2015 12:00:00 AM,39892,16135,23757
4/6/2015 12:00:00 AM,4/28/2015 12:00:00 AM,38662,15290,23372
4/6/2015 12:00:00 AM,4/29/2015 12:00:00 AM,37049,14606,22443
4/6/2015 12:00:00 AM,4/30/2015 12:00:00 AM,36970,15046,21924
4/6/2015 12:00:00 AM,5/1/2015 12:00:00 AM,36072,14322,21750
4/6/2015 12:00:00 AM,5/2/2015 12:00:00 AM,38071,17126,20945
4/6/2015 12:00:00 AM,5/3/2015 12:00:00 AM,38852,16616,22236
4/6/2015 12:00:00 AM,5/4/2015 12:00:00 AM,38808,17915,20893
4/6/2015 12:00:00 AM,5/5/2015 12:00:00 AM,34515,15918,18597
4/6/2015 12:00:00 AM,5/6/2015 12:00:00 AM,36420,16556,19864
4/6/2015 12:00:00 AM,5/7/2015 12:00:00 AM,32809,15497,17312
4/6/2015 12:00:00 AM,5/8/2015 12:00:00 AM,33945,16176,17769
4/6/2015 12:00:00 AM,5/9/2015 12:00:00 AM,36000,18390,17610
4/6/2015 12:00:00 AM,5/10/2015 12:00:00 AM,34839,18872,15967
4/6/2015 12:00:00 AM,5/11/2015 12:00:00 AM,36013,17643,18370
4/6/2015 12:00:00 AM,5/12/2015 12:00:00 AM,34443,17164,17279
4/6/2015 12:00:00 AM,5/13/2015 12:00:00 AM,33277,15982,17295
4/6/2015 12:00:00 AM,5/14/2015 12:00:00 AM,33821,16332,17489
4/6/2015 12:00:00 AM,5/15/2015 12:00:00 AM,31568,15609,15959
4/6/2015 12:00:00 AM,5/16/2015 12:00:00 AM,34308,17217,17091
4/6/2015 12:00:00 AM,5/17/2015 12:00:00 AM,30807,15140,15667
4/6/2015 12:00:00 AM,5/18/2015 12:00:00 AM,28547,15263,13284
4/6/2015 12:00:00 AM,5/19/2015 12:00:00 AM,25550,12302,13248
4/6/2015 12:00:00 AM,5/20/2015 12:00:00 AM,23801,11487,12314
4/6/2015 12:00:00 AM,5/21/2015 12:00:00 AM,23753,12273,11480
4/6/2015 12:00:00 AM,5/22/2015 12:00:00 AM,21620,11257,10363
4/6/2015 12:00:00 AM,5/23/2015 12:00:00 AM,22166,12763,9403
4/6/2015 12:00:00 AM,5/24/2015 12:00:00 AM,20439,11755,8684
4/6/2015 12:00:00 AM,5/25/2015 12:00:00 AM,18244,9973,8271
4/6/2015 12:00:00 AM,5/26/2015 12:00:00 AM,15410,7094,8316
4/6/2015 12:00:00 AM,5/27/2015 12:00:00 AM,14935,7091,7844
4/6/2015 12:00:00 AM,5/28/2015 12:00:00 AM,15080,7291,7789
4/6/2015 12:00:00 AM,5/29/2015 12:00:00 AM,13622,6301,7321
4/6/2015 12:00:00 AM,5/30/2015 12:00:00 AM,15751,8022,7729
4/6/2015 12:00:00 AM,5/31/2015 12:00:00 AM,13616,7802,5814
4/6/2015 12:00:00 AM,6/1/2015 12:00:00 AM,9497,5891,3606
4/6/2015 12:00:00 AM,6/2/2015 12:00:00 AM,5154,2568,2586
4/6/2015 12:00:00 AM,6/3/2015 12:00:00 AM,5755,2775,2980
4/6/2015 12:00:00 AM,6/4/2015 12:00:00 AM,5368,2812,2556
4/6/2015 12:00:00 AM,6/5/2015 12:00:00 AM,4812,2568,2244
4/6/2015 12:00:00 AM,6/6/2015 12:00:00 AM,3874,2468,1406
4/6/2015 12:00:00 AM,6/7/2015 12:00:00 AM,3017,2468,549
4/6/2015 12:00:00 AM,6/8/2015 12:00:00 AM,3542,2168,1374
4/6/2015 12:00:00 AM,6/9/2015 12:00:00 AM,848,263,585
4/6/2015 12:00:00 AM,6/10/2015 12:00:00 AM,848,263,585
4/6/2015 12:00:00 AM,6/11/2015 12:00:00 AM,821,263,558
4/6/2015 12:00:00 AM,6/12/2015 12:00:00 AM,821,263,558
4/6/2015 12:00:00 AM,6/13/2015 12:00:00 AM,577,19,558
4/6/2015 12:00:00 AM,6/14/2015 12:00:00 AM,785,263,522
4/6/2015 12:00:00 AM,6/15/2015 12:00:00 AM,126,19,107
4/6/2015 12:00:00 AM,6/16/2015 12:00:00 AM,126,19,107
4/6/2015 12:00:00 AM,6/17/2015 12:00:00 AM,126,19,107
4/6/2015 12:00:00 AM,6/18/2015 12:00:00 AM,126,19,107
4/6/2015 12:00:00 AM,6/19/2015 12:00:00 AM,126,19,107
4/6/2015 12:00:00 AM,6/20/2015 12:00:00 AM,87,19,68
4/6/2015 12:00:00 AM,6/21/2015 12:00:00 AM,87,19,68
4/6/2015 12:00:00 AM,6/22/2015 12:00:00 AM,87,19,68
4/6/2015 12:00:00 AM,6/23/2015 12:00:00 AM,87,19,68
4/6/2015 12:00:00 AM,6/24/2015 12:00:00 AM,87,19,68
4/6/2015 12:00:00 AM,6/25/2015 12:00:00 AM,152,19,133
4/6/2015 12:00:00 AM,6/26/2015 12:00:00 AM,87,19,68
4/6/2015 12:00:00 AM,6/27/2015 12:00:00 AM,39,19,20
4/6/2015 12:00:00 AM,6/28/2015 12:00:00 AM,39,19,20
4/6/2015 12:00:00 AM,6/29/2015 12:00:00 AM,39,19,20
4/6/2015 12:00:00 AM,6/30/2015 12:00:00 AM,39,19,20
4/6/2015 12:00:00 AM,7/1/2015 12:00:00 AM,39,19,20
4/6/2015 12:00:00 AM,7/2/2015 12:00:00 AM,39,19,20
4/6/2015 12:00:00 AM,7/3/2015 12:00:00 AM,39,19,20
4/6/2015 12:00:00 AM,7/4/2015 12:00:00 AM,39,19,20
4/6/2015 12:00:00 AM,7/5/2015 12:00:00 AM,39,19,20
4/6/2015 12:00:00 AM,7/6/2015 12:00:00 AM,39,19,20
4/5/2015 12:00:00 AM,4/6/2015 12:00:00 AM,32966,14373,18593
4/5/2015 12:00:00 AM,4/7/2015 12:00:00 AM,32911,14623,18288
4/5/2015 12:00:00 AM,4/8/2015 12:00:00 AM,32009,14727,17282
4/5/2015 12:00:00 AM,4/9/2015 12:00:00 AM,31646,14677,16969
4/5/2015 12:00:00 AM,4/10/2015 12:00:00 AM,32432,15493,16939
4/5/2015 12:00:00 AM,4/11/2015 12:00:00 AM,40496,18500,21996
4/5/2015 12:00:00 AM,4/12/2015 12:00:00 AM,41305,18680,22625
4/5/2015 12:00:00 AM,4/13/2015 12:00:00 AM,44240,20368,23872
4/5/2015 12:00:00 AM,4/14/2015 12:00:00 AM,43823,20872,22951
4/5/2015 12:00:00 AM,4/15/2015 12:00:00 AM,43171,20288,22883
4/5/2015 12:00:00 AM,4/16/2015 12:00:00 AM,41820,18815,23005
4/5/2015 12:00:00 AM,4/17/2015 12:00:00 AM,42196,19013,23183
4/5/2015 12:00:00 AM,4/18/2015 12:00:00 AM,46712,22458,24254
4/5/2015 12:00:00 AM,4/19/2015 12:00:00 AM,45759,22144,23615
4/5/2015 12:00:00 AM,4/20/2015 12:00:00 AM,46656,22107,24549
4/5/2015 12:00:00 AM,4/21/2015 12:00:00 AM,41552,17708,23844
4/5/2015 12:00:00 AM,4/22/2015 12:00:00 AM,39991,16369,23622
4/5/2015 12:00:00 AM,4/23/2015 12:00:00 AM,41478,17995,23483
4/5/2015 12:00:00 AM,4/24/2015 12:00:00 AM,41051,17271,23780
4/5/2015 12:00:00 AM,4/25/2015 12:00:00 AM,42459,17826,24633
4/5/2015 12:00:00 AM,4/26/2015 12:00:00 AM,42342,17925,24417
4/5/2015 12:00:00 AM,4/27/2015 12:00:00 AM,39892,16135,23757
4/5/2015 12:00:00 AM,4/28/2015 12:00:00 AM,38662,15290,23372
4/5/2015 12:00:00 AM,4/29/2015 12:00:00 AM,37049,14606,22443
4/5/2015 12:00:00 AM,4/30/2015 12:00:00 AM,36970,15046,21924
4/5/2015 12:00:00 AM,5/1/2015 12:00:00 AM,36072,14322,21750
4/5/2015 12:00:00 AM,5/2/2015 12:00:00 AM,38071,17126,20945
4/5/2015 12:00:00 AM,5/3/2015 12:00:00 AM,38852,16616,22236
4/5/2015 12:00:00 AM,5/4/2015 12:00:00 AM,38808,17915,20893
4/5/2015 12:00:00 AM,5/5/2015 12:00:00 AM,34515,15918,18597
4/5/2015 12:00:00 AM,5/6/2015 12:00:00 AM,36420,16556,19864
4/5/2015 12:00:00 AM,5/7/2015 12:00:00 AM,32809,15497,17312
4/5/2015 12:00:00 AM,5/8/2015 12:00:00 AM,33945,16176,17769
4/5/2015 12:00:00 AM,5/9/2015 12:00:00 AM,36000,18390,17610
4/5/2015 12:00:00 AM,5/10/2015 12:00:00 AM,34839,18872,15967
4/5/2015 12:00:00 AM,5/11/2015 12:00:00 AM,36013,17643,18370
4/5/2015 12:00:00 AM,5/12/2015 12:00:00 AM,34443,17164,17279
4/5/2015 12:00:00 AM,5/13/2015 12:00:00 AM,33277,15982,17295
4/5/2015 12:00:00 AM,5/14/2015 12:00:00 AM,33821,16332,17489
4/5/2015 12:00:00 AM,5/15/2015 12:00:00 AM,31568,15609,15959
4/5/2015 12:00:00 AM,5/16/2015 12:00:00 AM,34308,17217,17091
4/5/2015 12:00:00 AM,5/17/2015 12:00:00 AM,30807,15140,15667
4/5/2015 12:00:00 AM,5/18/2015 12:00:00 AM,28547,15263,13284
4/5/2015 12:00:00 AM,5/19/2015 12:00:00 AM,25550,12302,13248
4/5/2015 12:00:00 AM,5/20/2015 12:00:00 AM,23801,11487,12314
4/5/2015 12:00:00 AM,5/21/2015 12:00:00 AM,23753,12273,11480
4/5/2015 12:00:00 AM,5/22/2015 12:00:00 AM,21620,11257,10363
4/5/2015 12:00:00 AM,5/23/2015 12:00:00 AM,22166,12763,9403
4/5/2015 12:00:00 AM,5/24/2015 12:00:00 AM,20439,11755,8684
4/5/2015 12:00:00 AM,5/25/2015 12:00:00 AM,18244,9973,8271
4/5/2015 12:00:00 AM,5/26/2015 12:00:00 AM,15410,7094,8316
4/5/2015 12:00:00 AM,5/27/2015 12:00:00 AM,14935,7091,7844
4/5/2015 12:00:00 AM,5/28/2015 12:00:00 AM,15080,7291,7789
4/5/2015 12:00:00 AM,5/29/2015 12:00:00 AM,13622,6301,7321
4/5/2015 12:00:00 AM,5/30/2015 12:00:00 AM,15751,8022,7729
4/5/2015 12:00:00 AM,5/31/2015 12:00:00 AM,13616,7802,5814
4/5/2015 12:00:00 AM,6/1/2015 12:00:00 AM,9497,5891,3606
4/5/2015 12:00:00 AM,6/2/2015 12:00:00 AM,5154,2568,2586
4/5/2015 12:00:00 AM,6/3/2015 12:00:00 AM,5755,2775,2980
4/5/2015 12:00:00 AM,6/4/2015 12:00:00 AM,5368,2812,2556
4/5/2015 12:00:00 AM,6/5/2015 12:00:00 AM,4812,2568,2244
4/5/2015 12:00:00 AM,6/6/2015 12:00:00 AM,3874,2468,1406
4/5/2015 12:00:00 AM,6/7/2015 12:00:00 AM,3017,2468,549
4/5/2015 12:00:00 AM,6/8/2015 12:00:00 AM,3542,2168,1374
4/5/2015 12:00:00 AM,6/9/2015 12:00:00 AM,848,263,585
4/5/2015 12:00:00 AM,6/10/2015 12:00:00 AM,848,263,585
4/5/2015 12:00:00 AM,6/11/2015 12:00:00 AM,821,263,558
4/5/2015 12:00:00 AM,6/12/2015 12:00:00 AM,821,263,558
4/5/2015 12:00:00 AM,6/13/2015 12:00:00 AM,577,19,558
4/5/2015 12:00:00 AM,6/14/2015 12:00:00 AM,785,263,522
4/5/2015 12:00:00 AM,6/15/2015 12:00:00 AM,126,19,107
4/5/2015 12:00:00 AM,6/16/2015 12:00:00 AM,126,19,107
4/5/2015 12:00:00 AM,6/17/2015 12:00:00 AM,126,19,107
4/5/2015 12:00:00 AM,6/18/2015 12:00:00 AM,126,19,107
4/5/2015 12:00:00 AM,6/19/2015 12:00:00 AM,126,19,107
4/5/2015 12:00:00 AM,6/20/2015 12:00:00 AM,87,19,68
4/5/2015 12:00:00 AM,6/21/2015 12:00:00 AM,87,19,68
4/5/2015 12:00:00 AM,6/22/2015 12:00:00 AM,87,19,68
4/5/2015 12:00:00 AM,6/23/2015 12:00:00 AM,87,19,68
4/5/2015 12:00:00 AM,6/24/2015 12:00:00 AM,87,19,68
4/5/2015 12:00:00 AM,6/25/2015 12:00:00 AM,152,19,133
4/5/2015 12:00:00 AM,6/26/2015 12:00:00 AM,87,19,68
4/5/2015 12:00:00 AM,6/27/2015 12:00:00 AM,39,19,20
4/5/2015 12:00:00 AM,6/28/2015 12:00:00 AM,39,19,20
4/5/2015 12:00:00 AM,6/29/2015 12:00:00 AM,39,19,20
4/5/2015 12:00:00 AM,6/30/2015 12:00:00 AM,39,19,20
4/5/2015 12:00:00 AM,7/1/2015 12:00:00 AM,39,19,20
4/5/2015 12:00:00 AM,7/2/2015 12:00:00 AM,39,19,20
4/5/2015 12:00:00 AM,7/3/2015 12:00:00 AM,39,19,20
4/5/2015 12:00:00 AM,7/4/2015 12:00:00 AM,39,19,20
4/5/2015 12:00:00 AM,7/5/2015 12:00:00 AM,39,19,20
4/4/2015 12:00:00 AM,4/5/2015 12:00:00 AM,31436,14554,16882
4/4/2015 12:00:00 AM,4/6/2015 12:00:00 AM,33381,14787,18594
4/4/2015 12:00:00 AM,4/7/2015 12:00:00 AM,33005,14716,18289
4/4/2015 12:00:00 AM,4/8/2015 12:00:00 AM,32010,14727,17283
4/4/2015 12:00:00 AM,4/9/2015 12:00:00 AM,31647,14677,16970
4/4/2015 12:00:00 AM,4/10/2015 12:00:00 AM,32433,15493,16940
4/4/2015 12:00:00 AM,4/11/2015 12:00:00 AM,40497,18500,21997
4/4/2015 12:00:00 AM,4/12/2015 12:00:00 AM,41306,18680,22626
4/4/2015 12:00:00 AM,4/13/2015 12:00:00 AM,44241,20368,23873
4/4/2015 12:00:00 AM,4/14/2015 12:00:00 AM,43824,20872,22952
4/4/2015 12:00:00 AM,4/15/2015 12:00:00 AM,43172,20288,22884
4/4/2015 12:00:00 AM,4/16/2015 12:00:00 AM,41821,18815,23006
4/4/2015 12:00:00 AM,4/17/2015 12:00:00 AM,42197,19013,23184
4/4/2015 12:00:00 AM,4/18/2015 12:00:00 AM,46713,22458,24255
4/4/2015 12:00:00 AM,4/19/2015 12:00:00 AM,45760,22144,23616
4/4/2015 12:00:00 AM,4/20/2015 12:00:00 AM,46657,22107,24550
4/4/2015 12:00:00 AM,4/21/2015 12:00:00 AM,41553,17708,23845
4/4/2015 12:00:00 AM,4/22/2015 12:00:00 AM,39992,16369,23623
4/4/2015 12:00:00 AM,4/23/2015 12:00:00 AM,41479,17995,23484
4/4/2015 12:00:00 AM,4/24/2015 12:00:00 AM,41052,17271,23781
4/4/2015 12:00:00 AM,4/25/2015 12:00:00 AM,42460,17826,24634
4/4/2015 12:00:00 AM,4/26/2015 12:00:00 AM,42343,17925,24418
4/4/2015 12:00:00 AM,4/27/2015 12:00:00 AM,39893,16135,23758
4/4/2015 12:00:00 AM,4/28/2015 12:00:00 AM,38663,15290,23373
4/4/2015 12:00:00 AM,4/29/2015 12:00:00 AM,37050,14606,22444
4/4/2015 12:00:00 AM,4/30/2015 12:00:00 AM,36971,15046,21925
4/4/2015 12:00:00 AM,5/1/2015 12:00:00 AM,36073,14322,21751
4/4/2015 12:00:00 AM,5/2/2015 12:00:00 AM,38072,17126,20946
4/4/2015 12:00:00 AM,5/3/2015 12:00:00 AM,38853,16616,22237
4/4/2015 12:00:00 AM,5/4/2015 12:00:00 AM,38809,17915,20894
4/4/2015 12:00:00 AM,5/5/2015 12:00:00 AM,34516,15918,18598
4/4/2015 12:00:00 AM,5/6/2015 12:00:00 AM,36421,16556,19865
4/4/2015 12:00:00 AM,5/7/2015 12:00:00 AM,32810,15497,17313
4/4/2015 12:00:00 AM,5/8/2015 12:00:00 AM,33946,16176,17770
4/4/2015 12:00:00 AM,5/9/2015 12:00:00 AM,36001,18390,17611
4/4/2015 12:00:00 AM,5/10/2015 12:00:00 AM,34840,18872,15968
4/4/2015 12:00:00 AM,5/11/2015 12:00:00 AM,36014,17643,18371
4/4/2015 12:00:00 AM,5/12/2015 12:00:00 AM,34444,17164,17280
4/4/2015 12:00:00 AM,5/13/2015 12:00:00 AM,33278,15982,17296
4/4/2015 12:00:00 AM,5/14/2015 12:00:00 AM,33822,16332,17490
4/4/2015 12:00:00 AM,5/15/2015 12:00:00 AM,31569,15609,15960
4/4/2015 12:00:00 AM,5/16/2015 12:00:00 AM,34309,17217,17092
4/4/2015 12:00:00 AM,5/17/2015 12:00:00 AM,30808,15140,15668
4/4/2015 12:00:00 AM,5/18/2015 12:00:00 AM,28548,15263,13285
4/4/2015 12:00:00 AM,5/19/2015 12:00:00 AM,25551,12302,13249
4/4/2015 12:00:00 AM,5/20/2015 12:00:00 AM,23802,11487,12315
4/4/2015 12:00:00 AM,5/21/2015 12:00:00 AM,23754,12273,11481
4/4/2015 12:00:00 AM,5/22/2015 12:00:00 AM,21621,11257,10364
4/4/2015 12:00:00 AM,5/23/2015 12:00:00 AM,22167,12763,9404
4/4/2015 12:00:00 AM,5/24/2015 12:00:00 AM,20440,11755,8685
4/4/2015 12:00:00 AM,5/25/2015 12:00:00 AM,18245,9973,8272
4/4/2015 12:00:00 AM,5/26/2015 12:00:00 AM,15411,7094,8317
4/4/2015 12:00:00 AM,5/27/2015 12:00:00 AM,14936,7091,7845
4/4/2015 12:00:00 AM,5/28/2015 12:00:00 AM,15081,7291,7790
4/4/2015 12:00:00 AM,5/29/2015 12:00:00 AM,13622,6301,7321
4/4/2015 12:00:00 AM,5/30/2015 12:00:00 AM,15751,8022,7729
4/4/2015 12:00:00 AM,5/31/2015 12:00:00 AM,13616,7802,5814
4/4/2015 12:00:00 AM,6/1/2015 12:00:00 AM,9497,5891,3606
4/4/2015 12:00:00 AM,6/2/2015 12:00:00 AM,5154,2568,2586
4/4/2015 12:00:00 AM,6/3/2015 12:00:00 AM,5755,2775,2980
4/4/2015 12:00:00 AM,6/4/2015 12:00:00 AM,5368,2812,2556
4/4/2015 12:00:00 AM,6/5/2015 12:00:00 AM,4812,2568,2244
4/4/2015 12:00:00 AM,6/6/2015 12:00:00 AM,3874,2468,1406
4/4/2015 12:00:00 AM,6/7/2015 12:00:00 AM,3017,2468,549
4/4/2015 12:00:00 AM,6/8/2015 12:00:00 AM,3542,2168,1374
4/4/2015 12:00:00 AM,6/9/2015 12:00:00 AM,848,263,585
4/4/2015 12:00:00 AM,6/10/2015 12:00:00 AM,848,263,585
4/4/2015 12:00:00 AM,6/11/2015 12:00:00 AM,821,263,558
4/4/2015 12:00:00 AM,6/12/2015 12:00:00 AM,821,263,558
4/4/2015 12:00:00 AM,6/13/2015 12:00:00 AM,577,19,558
4/4/2015 12:00:00 AM,6/14/2015 12:00:00 AM,785,263,522
4/4/2015 12:00:00 AM,6/15/2015 12:00:00 AM,126,19,107
4/4/2015 12:00:00 AM,6/16/2015 12:00:00 AM,126,19,107
4/4/2015 12:00:00 AM,6/17/2015 12:00:00 AM,126,19,107
4/4/2015 12:00:00 AM,6/18/2015 12:00:00 AM,126,19,107
4/4/2015 12:00:00 AM,6/19/2015 12:00:00 AM,126,19,107
4/4/2015 12:00:00 AM,6/20/2015 12:00:00 AM,87,19,68
4/4/2015 12:00:00 AM,6/21/2015 12:00:00 AM,87,19,68
4/4/2015 12:00:00 AM,6/22/2015 12:00:00 AM,87,19,68
4/4/2015 12:00:00 AM,6/23/2015 12:00:00 AM,87,19,68
4/4/2015 12:00:00 AM,6/24/2015 12:00:00 AM,87,19,68
4/4/2015 12:00:00 AM,6/25/2015 12:00:00 AM,152,19,133
4/4/2015 12:00:00 AM,6/26/2015 12:00:00 AM,87,19,68
4/4/2015 12:00:00 AM,6/27/2015 12:00:00 AM,39,19,20
4/4/2015 12:00:00 AM,6/28/2015 12:00:00 AM,39,19,20
4/4/2015 12:00:00 AM,6/29/2015 12:00:00 AM,39,19,20
4/4/2015 12:00:00 AM,6/30/2015 12:00:00 AM,39,19,20
4/4/2015 12:00:00 AM,7/1/2015 12:00:00 AM,39,19,20
4/4/2015 12:00:00 AM,7/2/2015 12:00:00 AM,39,19,20
4/4/2015 12:00:00 AM,7/3/2015 12:00:00 AM,39,19,20
4/4/2015 12:00:00 AM,7/4/2015 12:00:00 AM,39,19,20
4/3/2015 12:00:00 AM,4/4/2015 12:00:00 AM,31307,14469,16838
4/3/2015 12:00:00 AM,4/5/2015 12:00:00 AM,31492,14610,16882
4/3/2015 12:00:00 AM,4/6/2015 12:00:00 AM,33437,14843,18594
4/3/2015 12:00:00 AM,4/7/2015 12:00:00 AM,33061,14772,18289
4/3/2015 12:00:00 AM,4/8/2015 12:00:00 AM,32066,14783,17283
4/3/2015 12:00:00 AM,4/9/2015 12:00:00 AM,31703,14733,16970
4/3/2015 12:00:00 AM,4/10/2015 12:00:00 AM,32489,15549,16940
4/3/2015 12:00:00 AM,4/11/2015 12:00:00 AM,40553,18556,21997
4/3/2015 12:00:00 AM,4/12/2015 12:00:00 AM,41362,18736,22626
4/3/2015 12:00:00 AM,4/13/2015 12:00:00 AM,44297,20424,23873
4/3/2015 12:00:00 AM,4/14/2015 12:00:00 AM,43880,20928,22952
4/3/2015 12:00:00 AM,4/15/2015 12:00:00 AM,43228,20344,22884
4/3/2015 12:00:00 AM,4/16/2015 12:00:00 AM,41877,18871,23006
4/3/2015 12:00:00 AM,4/17/2015 12:00:00 AM,42253,19069,23184
4/3/2015 12:00:00 AM,4/18/2015 12:00:00 AM,46769,22514,24255
4/3/2015 12:00:00 AM,4/19/2015 12:00:00 AM,45816,22200,23616
4/3/2015 12:00:00 AM,4/20/2015 12:00:00 AM,46713,22163,24550
4/3/2015 12:00:00 AM,4/21/2015 12:00:00 AM,41609,17764,23845
4/3/2015 12:00:00 AM,4/22/2015 12:00:00 AM,40048,16425,23623
4/3/2015 12:00:00 AM,4/23/2015 12:00:00 AM,41535,18051,23484
4/3/2015 12:00:00 AM,4/24/2015 12:00:00 AM,41108,17327,23781
4/3/2015 12:00:00 AM,4/25/2015 12:00:00 AM,42516,17882,24634
4/3/2015 12:00:00 AM,4/26/2015 12:00:00 AM,42343,17925,24418
4/3/2015 12:00:00 AM,4/27/2015 12:00:00 AM,39893,16135,23758
4/3/2015 12:00:00 AM,4/28/2015 12:00:00 AM,38663,15290,23373
4/3/2015 12:00:00 AM,4/29/2015 12:00:00 AM,37050,14606,22444
4/3/2015 12:00:00 AM,4/30/2015 12:00:00 AM,36971,15046,21925
4/3/2015 12:00:00 AM,5/1/2015 12:00:00 AM,36073,14322,21751
4/3/2015 12:00:00 AM,5/2/2015 12:00:00 AM,38072,17126,20946
4/3/2015 12:00:00 AM,5/3/2015 12:00:00 AM,38853,16616,22237
4/3/2015 12:00:00 AM,5/4/2015 12:00:00 AM,38809,17915,20894
4/3/2015 12:00:00 AM,5/5/2015 12:00:00 AM,34274,15676,18598
4/3/2015 12:00:00 AM,5/6/2015 12:00:00 AM,36179,16314,19865
4/3/2015 12:00:00 AM,5/7/2015 12:00:00 AM,32810,15497,17313
4/3/2015 12:00:00 AM,5/8/2015 12:00:00 AM,33946,16176,17770
4/3/2015 12:00:00 AM,5/9/2015 12:00:00 AM,35401,17790,17611
4/3/2015 12:00:00 AM,5/10/2015 12:00:00 AM,34240,18272,15968
4/3/2015 12:00:00 AM,5/11/2015 12:00:00 AM,35414,17043,18371
4/3/2015 12:00:00 AM,5/12/2015 12:00:00 AM,33844,16564,17280
4/3/2015 12:00:00 AM,5/13/2015 12:00:00 AM,32678,15382,17296
4/3/2015 12:00:00 AM,5/14/2015 12:00:00 AM,33222,15732,17490
4/3/2015 12:00:00 AM,5/15/2015 12:00:00 AM,30969,15009,15960
4/3/2015 12:00:00 AM,5/16/2015 12:00:00 AM,33709,16617,17092
4/3/2015 12:00:00 AM,5/17/2015 12:00:00 AM,30208,14540,15668
4/3/2015 12:00:00 AM,5/18/2015 12:00:00 AM,28548,15263,13285
4/3/2015 12:00:00 AM,5/19/2015 12:00:00 AM,25551,12302,13249
4/3/2015 12:00:00 AM,5/20/2015 12:00:00 AM,23802,11487,12315
4/3/2015 12:00:00 AM,5/21/2015 12:00:00 AM,23754,12273,11481
4/3/2015 12:00:00 AM,5/22/2015 12:00:00 AM,21621,11257,10364
4/3/2015 12:00:00 AM,5/23/2015 12:00:00 AM,22167,12763,9404
4/3/2015 12:00:00 AM,5/24/2015 12:00:00 AM,20440,11755,8685
4/3/2015 12:00:00 AM,5/25/2015 12:00:00 AM,18245,9973,8272
4/3/2015 12:00:00 AM,5/26/2015 12:00:00 AM,15411,7094,8317
4/3/2015 12:00:00 AM,5/27/2015 12:00:00 AM,14936,7091,7845
4/3/2015 12:00:00 AM,5/28/2015 12:00:00 AM,15081,7291,7790
4/3/2015 12:00:00 AM,5/29/2015 12:00:00 AM,13622,6301,7321
4/3/2015 12:00:00 AM,5/30/2015 12:00:00 AM,15751,8022,7729
4/3/2015 12:00:00 AM,5/31/2015 12:00:00 AM,13616,7802,5814
4/3/2015 12:00:00 AM,6/1/2015 12:00:00 AM,9497,5891,3606
4/3/2015 12:00:00 AM,6/2/2015 12:00:00 AM,5154,2568,2586
4/3/2015 12:00:00 AM,6/3/2015 12:00:00 AM,5755,2775,2980
4/3/2015 12:00:00 AM,6/4/2015 12:00:00 AM,5368,2812,2556
4/3/2015 12:00:00 AM,6/5/2015 12:00:00 AM,4812,2568,2244
4/3/2015 12:00:00 AM,6/6/2015 12:00:00 AM,3874,2468,1406
4/3/2015 12:00:00 AM,6/7/2015 12:00:00 AM,3017,2468,549
4/3/2015 12:00:00 AM,6/8/2015 12:00:00 AM,3542,2168,1374
4/3/2015 12:00:00 AM,6/9/2015 12:00:00 AM,848,263,585
4/3/2015 12:00:00 AM,6/10/2015 12:00:00 AM,848,263,585
4/3/2015 12:00:00 AM,6/11/2015 12:00:00 AM,821,263,558
4/3/2015 12:00:00 AM,6/12/2015 12:00:00 AM,821,263,558
4/3/2015 12:00:00 AM,6/13/2015 12:00:00 AM,577,19,558
4/3/2015 12:00:00 AM,6/14/2015 12:00:00 AM,785,263,522
4/3/2015 12:00:00 AM,6/15/2015 12:00:00 AM,126,19,107
4/3/2015 12:00:00 AM,6/16/2015 12:00:00 AM,126,19,107
4/3/2015 12:00:00 AM,6/17/2015 12:00:00 AM,126,19,107
4/3/2015 12:00:00 AM,6/18/2015 12:00:00 AM,126,19,107
4/3/2015 12:00:00 AM,6/19/2015 12:00:00 AM,126,19,107
4/3/2015 12:00:00 AM,6/20/2015 12:00:00 AM,87,19,68
4/3/2015 12:00:00 AM,6/21/2015 12:00:00 AM,87,19,68
4/3/2015 12:00:00 AM,6/22/2015 12:00:00 AM,87,19,68
4/3/2015 12:00:00 AM,6/23/2015 12:00:00 AM,87,19,68
4/3/2015 12:00:00 AM,6/24/2015 12:00:00 AM,87,19,68
4/3/2015 12:00:00 AM,6/25/2015 12:00:00 AM,152,19,133
4/3/2015 12:00:00 AM,6/26/2015 12:00:00 AM,87,19,68
4/3/2015 12:00:00 AM,6/27/2015 12:00:00 AM,39,19,20
4/3/2015 12:00:00 AM,6/28/2015 12:00:00 AM,39,19,20
4/3/2015 12:00:00 AM,6/29/2015 12:00:00 AM,39,19,20
4/3/2015 12:00:00 AM,6/30/2015 12:00:00 AM,39,19,20
4/3/2015 12:00:00 AM,7/1/2015 12:00:00 AM,39,19,20
4/3/2015 12:00:00 AM,7/2/2015 12:00:00 AM,39,19,20
4/3/2015 12:00:00 AM,7/3/2015 12:00:00 AM,39,19,20
4/2/2015 12:00:00 AM,4/3/2015 12:00:00 AM,29196,13954,15242
4/2/2015 12:00:00 AM,4/4/2015 12:00:00 AM,31369,14376,16993
4/2/2015 12:00:00 AM,4/5/2015 12:00:00 AM,31233,14196,17037
4/2/2015 12:00:00 AM,4/6/2015 12:00:00 AM,32942,14429,18513
4/2/2015 12:00:00 AM,4/7/2015 12:00:00 AM,32529,14679,17850
4/2/2015 12:00:00 AM,4/8/2015 12:00:00 AM,31627,14783,16844
4/2/2015 12:00:00 AM,4/9/2015 12:00:00 AM,31577,14733,16844
4/2/2015 12:00:00 AM,4/10/2015 12:00:00 AM,32318,15549,16769
4/2/2015 12:00:00 AM,4/11/2015 12:00:00 AM,40427,18601,21826
4/2/2015 12:00:00 AM,4/12/2015 12:00:00 AM,41281,18781,22500
4/2/2015 12:00:00 AM,4/13/2015 12:00:00 AM,44342,20469,23873
4/2/2015 12:00:00 AM,4/14/2015 12:00:00 AM,43925,20973,22952
4/2/2015 12:00:00 AM,4/15/2015 12:00:00 AM,43273,20389,22884
4/2/2015 12:00:00 AM,4/16/2015 12:00:00 AM,41996,18990,23006
4/2/2015 12:00:00 AM,4/17/2015 12:00:00 AM,42298,19114,23184
4/2/2015 12:00:00 AM,4/18/2015 12:00:00 AM,46814,22559,24255
4/2/2015 12:00:00 AM,4/19/2015 12:00:00 AM,45861,22245,23616
4/2/2015 12:00:00 AM,4/20/2015 12:00:00 AM,46758,22208,24550
4/2/2015 12:00:00 AM,4/21/2015 12:00:00 AM,41654,17809,23845
4/2/2015 12:00:00 AM,4/22/2015 12:00:00 AM,40093,16470,23623
4/2/2015 12:00:00 AM,4/23/2015 12:00:00 AM,40942,17458,23484
4/2/2015 12:00:00 AM,4/24/2015 12:00:00 AM,40515,16734,23781
4/2/2015 12:00:00 AM,4/25/2015 12:00:00 AM,42561,17927,24634
4/2/2015 12:00:00 AM,4/26/2015 12:00:00 AM,42388,17970,24418
4/2/2015 12:00:00 AM,4/27/2015 12:00:00 AM,39938,16180,23758
4/2/2015 12:00:00 AM,4/28/2015 12:00:00 AM,38663,15335,23328
4/2/2015 12:00:00 AM,4/29/2015 12:00:00 AM,37050,14651,22399
4/2/2015 12:00:00 AM,4/30/2015 12:00:00 AM,36971,15091,21880
4/2/2015 12:00:00 AM,5/1/2015 12:00:00 AM,36073,14367,21706
4/2/2015 12:00:00 AM,5/2/2015 12:00:00 AM,38072,17171,20901
4/2/2015 12:00:00 AM,5/3/2015 12:00:00 AM,38853,16661,22192
4/2/2015 12:00:00 AM,5/4/2015 12:00:00 AM,38769,17960,20809
4/2/2015 12:00:00 AM,5/5/2015 12:00:00 AM,34234,15721,18513
4/2/2015 12:00:00 AM,5/6/2015 12:00:00 AM,36139,16359,19780
4/2/2015 12:00:00 AM,5/7/2015 12:00:00 AM,32770,15542,17228
4/2/2015 12:00:00 AM,5/8/2015 12:00:00 AM,33991,16221,17770
4/2/2015 12:00:00 AM,5/9/2015 12:00:00 AM,35361,17835,17526
4/2/2015 12:00:00 AM,5/10/2015 12:00:00 AM,34285,18317,15968
4/2/2015 12:00:00 AM,5/11/2015 12:00:00 AM,35459,17088,18371
4/2/2015 12:00:00 AM,5/12/2015 12:00:00 AM,33889,16609,17280
4/2/2015 12:00:00 AM,5/13/2015 12:00:00 AM,32723,15427,17296
4/2/2015 12:00:00 AM,5/14/2015 12:00:00 AM,33267,15777,17490
4/2/2015 12:00:00 AM,5/15/2015 12:00:00 AM,30984,15054,15930
4/2/2015 12:00:00 AM,5/16/2015 12:00:00 AM,33806,16744,17062
4/2/2015 12:00:00 AM,5/17/2015 12:00:00 AM,30335,14667,15668
4/2/2015 12:00:00 AM,5/18/2015 12:00:00 AM,28630,15345,13285
4/2/2015 12:00:00 AM,5/19/2015 12:00:00 AM,25633,12384,13249
4/2/2015 12:00:00 AM,5/20/2015 12:00:00 AM,23884,11569,12315
4/2/2015 12:00:00 AM,5/21/2015 12:00:00 AM,23836,12355,11481
4/2/2015 12:00:00 AM,5/22/2015 12:00:00 AM,21703,11339,10364
4/2/2015 12:00:00 AM,5/23/2015 12:00:00 AM,22167,12763,9404
4/2/2015 12:00:00 AM,5/24/2015 12:00:00 AM,20276,11591,8685
4/2/2015 12:00:00 AM,5/25/2015 12:00:00 AM,18081,9809,8272
4/2/2015 12:00:00 AM,5/26/2015 12:00:00 AM,15247,6930,8317
4/2/2015 12:00:00 AM,5/27/2015 12:00:00 AM,14772,6927,7845
4/2/2015 12:00:00 AM,5/28/2015 12:00:00 AM,14917,7127,7790
4/2/2015 12:00:00 AM,5/29/2015 12:00:00 AM,13458,6137,7321
4/2/2015 12:00:00 AM,5/30/2015 12:00:00 AM,15751,8022,7729
4/2/2015 12:00:00 AM,5/31/2015 12:00:00 AM,13616,7802,5814
4/2/2015 12:00:00 AM,6/1/2015 12:00:00 AM,9467,5891,3576
4/2/2015 12:00:00 AM,6/2/2015 12:00:00 AM,5124,2568,2556
4/2/2015 12:00:00 AM,6/3/2015 12:00:00 AM,5725,2775,2950
4/2/2015 12:00:00 AM,6/4/2015 12:00:00 AM,5338,2812,2526
4/2/2015 12:00:00 AM,6/5/2015 12:00:00 AM,4782,2568,2214
4/2/2015 12:00:00 AM,6/6/2015 12:00:00 AM,3844,2468,1376
4/2/2015 12:00:00 AM,6/7/2015 12:00:00 AM,2987,2468,519
4/2/2015 12:00:00 AM,6/8/2015 12:00:00 AM,3512,2168,1344
4/2/2015 12:00:00 AM,6/9/2015 12:00:00 AM,848,263,585
4/2/2015 12:00:00 AM,6/10/2015 12:00:00 AM,848,263,585
4/2/2015 12:00:00 AM,6/11/2015 12:00:00 AM,821,263,558
4/2/2015 12:00:00 AM,6/12/2015 12:00:00 AM,821,263,558
4/2/2015 12:00:00 AM,6/13/2015 12:00:00 AM,577,19,558
4/2/2015 12:00:00 AM,6/14/2015 12:00:00 AM,785,263,522
4/2/2015 12:00:00 AM,6/15/2015 12:00:00 AM,126,19,107
4/2/2015 12:00:00 AM,6/16/2015 12:00:00 AM,126,19,107
4/2/2015 12:00:00 AM,6/17/2015 12:00:00 AM,126,19,107
4/2/2015 12:00:00 AM,6/18/2015 12:00:00 AM,126,19,107
4/2/2015 12:00:00 AM,6/19/2015 12:00:00 AM,126,19,107
4/2/2015 12:00:00 AM,6/20/2015 12:00:00 AM,87,19,68
4/2/2015 12:00:00 AM,6/21/2015 12:00:00 AM,87,19,68
4/2/2015 12:00:00 AM,6/22/2015 12:00:00 AM,87,19,68
4/2/2015 12:00:00 AM,6/23/2015 12:00:00 AM,87,19,68
4/2/2015 12:00:00 AM,6/24/2015 12:00:00 AM,87,19,68
4/2/2015 12:00:00 AM,6/25/2015 12:00:00 AM,152,19,133
4/2/2015 12:00:00 AM,6/26/2015 12:00:00 AM,87,19,68
4/2/2015 12:00:00 AM,6/27/2015 12:00:00 AM,39,19,20
4/2/2015 12:00:00 AM,6/28/2015 12:00:00 AM,39,19,20
4/2/2015 12:00:00 AM,6/29/2015 12:00:00 AM,39,19,20
4/2/2015 12:00:00 AM,6/30/2015 12:00:00 AM,39,19,20
4/2/2015 12:00:00 AM,7/1/2015 12:00:00 AM,39,19,20
4/2/2015 12:00:00 AM,7/2/2015 12:00:00 AM,39,19,20
4/1/2015 12:00:00 AM,4/2/2015 12:00:00 AM,29902,14114,15788
4/1/2015 12:00:00 AM,4/3/2015 12:00:00 AM,28863,13533,15330
4/1/2015 12:00:00 AM,4/4/2015 12:00:00 AM,30955,13962,16993
4/1/2015 12:00:00 AM,4/5/2015 12:00:00 AM,31066,14029,17037
4/1/2015 12:00:00 AM,4/6/2015 12:00:00 AM,32942,14429,18513
4/1/2015 12:00:00 AM,4/7/2015 12:00:00 AM,32529,14679,17850
4/1/2015 12:00:00 AM,4/8/2015 12:00:00 AM,31627,14783,16844
4/1/2015 12:00:00 AM,4/9/2015 12:00:00 AM,31577,14733,16844
4/1/2015 12:00:00 AM,4/10/2015 12:00:00 AM,32318,15549,16769
4/1/2015 12:00:00 AM,4/11/2015 12:00:00 AM,40427,18601,21826
4/1/2015 12:00:00 AM,4/12/2015 12:00:00 AM,41281,18781,22500
4/1/2015 12:00:00 AM,4/13/2015 12:00:00 AM,44342,20469,23873
4/1/2015 12:00:00 AM,4/14/2015 12:00:00 AM,43925,20973,22952
4/1/2015 12:00:00 AM,4/15/2015 12:00:00 AM,43273,20389,22884
4/1/2015 12:00:00 AM,4/16/2015 12:00:00 AM,41996,18990,23006
4/1/2015 12:00:00 AM,4/17/2015 12:00:00 AM,42073,18889,23184
4/1/2015 12:00:00 AM,4/18/2015 12:00:00 AM,46589,22334,24255
4/1/2015 12:00:00 AM,4/19/2015 12:00:00 AM,45636,22020,23616
4/1/2015 12:00:00 AM,4/20/2015 12:00:00 AM,46533,21983,24550
4/1/2015 12:00:00 AM,4/21/2015 12:00:00 AM,41429,17584,23845
4/1/2015 12:00:00 AM,4/22/2015 12:00:00 AM,39868,16245,23623
4/1/2015 12:00:00 AM,4/23/2015 12:00:00 AM,40717,17233,23484
4/1/2015 12:00:00 AM,4/24/2015 12:00:00 AM,40290,16509,23781
4/1/2015 12:00:00 AM,4/25/2015 12:00:00 AM,42336,17702,24634
4/1/2015 12:00:00 AM,4/26/2015 12:00:00 AM,42163,17745,24418
4/1/2015 12:00:00 AM,4/27/2015 12:00:00 AM,39713,15955,23758
4/1/2015 12:00:00 AM,4/28/2015 12:00:00 AM,38438,15110,23328
4/1/2015 12:00:00 AM,4/29/2015 12:00:00 AM,36825,14426,22399
4/1/2015 12:00:00 AM,4/30/2015 12:00:00 AM,36746,14866,21880
4/1/2015 12:00:00 AM,5/1/2015 12:00:00 AM,35848,14142,21706
4/1/2015 12:00:00 AM,5/2/2015 12:00:00 AM,37765,16864,20901
4/1/2015 12:00:00 AM,5/3/2015 12:00:00 AM,38546,16354,22192
4/1/2015 12:00:00 AM,5/4/2015 12:00:00 AM,38462,17653,20809
4/1/2015 12:00:00 AM,5/5/2015 12:00:00 AM,33927,15414,18513
4/1/2015 12:00:00 AM,5/6/2015 12:00:00 AM,35832,16052,19780
4/1/2015 12:00:00 AM,5/7/2015 12:00:00 AM,32463,15235,17228
4/1/2015 12:00:00 AM,5/8/2015 12:00:00 AM,33684,15914,17770
4/1/2015 12:00:00 AM,5/9/2015 12:00:00 AM,35054,17528,17526
4/1/2015 12:00:00 AM,5/10/2015 12:00:00 AM,33978,18010,15968
4/1/2015 12:00:00 AM,5/11/2015 12:00:00 AM,35152,16781,18371
4/1/2015 12:00:00 AM,5/12/2015 12:00:00 AM,32812,15532,17280
4/1/2015 12:00:00 AM,5/13/2015 12:00:00 AM,31646,14350,17296
4/1/2015 12:00:00 AM,5/14/2015 12:00:00 AM,32190,14700,17490
4/1/2015 12:00:00 AM,5/15/2015 12:00:00 AM,29907,13977,15930
4/1/2015 12:00:00 AM,5/16/2015 12:00:00 AM,32729,15667,17062
4/1/2015 12:00:00 AM,5/17/2015 12:00:00 AM,29258,13590,15668
4/1/2015 12:00:00 AM,5/18/2015 12:00:00 AM,27553,14268,13285
4/1/2015 12:00:00 AM,5/19/2015 12:00:00 AM,24556,11307,13249
4/1/2015 12:00:00 AM,5/20/2015 12:00:00 AM,22807,10492,12315
4/1/2015 12:00:00 AM,5/21/2015 12:00:00 AM,22759,11278,11481
4/1/2015 12:00:00 AM,5/22/2015 12:00:00 AM,20626,10262,10364
4/1/2015 12:00:00 AM,5/23/2015 12:00:00 AM,21008,11604,9404
4/1/2015 12:00:00 AM,5/24/2015 12:00:00 AM,19281,10596,8685
4/1/2015 12:00:00 AM,5/25/2015 12:00:00 AM,17086,8814,8272
4/1/2015 12:00:00 AM,5/26/2015 12:00:00 AM,15247,6930,8317
4/1/2015 12:00:00 AM,5/27/2015 12:00:00 AM,14772,6927,7845
4/1/2015 12:00:00 AM,5/28/2015 12:00:00 AM,14917,7127,7790
4/1/2015 12:00:00 AM,5/29/2015 12:00:00 AM,13458,6137,7321
4/1/2015 12:00:00 AM,5/30/2015 12:00:00 AM,15751,8022,7729
4/1/2015 12:00:00 AM,5/31/2015 12:00:00 AM,13646,7802,5844
4/1/2015 12:00:00 AM,6/1/2015 12:00:00 AM,9467,5891,3576
4/1/2015 12:00:00 AM,6/2/2015 12:00:00 AM,5124,2568,2556
4/1/2015 12:00:00 AM,6/3/2015 12:00:00 AM,5725,2775,2950
4/1/2015 12:00:00 AM,6/4/2015 12:00:00 AM,5338,2812,2526
4/1/2015 12:00:00 AM,6/5/2015 12:00:00 AM,4782,2568,2214
4/1/2015 12:00:00 AM,6/6/2015 12:00:00 AM,3058,2468,590
4/1/2015 12:00:00 AM,6/7/2015 12:00:00 AM,3773,2468,1305
4/1/2015 12:00:00 AM,6/8/2015 12:00:00 AM,2726,2168,558
4/1/2015 12:00:00 AM,6/9/2015 12:00:00 AM,848,263,585
4/1/2015 12:00:00 AM,6/10/2015 12:00:00 AM,848,263,585
4/1/2015 12:00:00 AM,6/11/2015 12:00:00 AM,821,263,558
4/1/2015 12:00:00 AM,6/12/2015 12:00:00 AM,821,263,558
4/1/2015 12:00:00 AM,6/13/2015 12:00:00 AM,577,19,558
4/1/2015 12:00:00 AM,6/14/2015 12:00:00 AM,785,263,522
4/1/2015 12:00:00 AM,6/15/2015 12:00:00 AM,126,19,107
4/1/2015 12:00:00 AM,6/16/2015 12:00:00 AM,126,19,107
4/1/2015 12:00:00 AM,6/17/2015 12:00:00 AM,126,19,107
4/1/2015 12:00:00 AM,6/18/2015 12:00:00 AM,126,19,107
4/1/2015 12:00:00 AM,6/19/2015 12:00:00 AM,126,19,107
4/1/2015 12:00:00 AM,6/20/2015 12:00:00 AM,87,19,68
4/1/2015 12:00:00 AM,6/21/2015 12:00:00 AM,87,19,68
4/1/2015 12:00:00 AM,6/22/2015 12:00:00 AM,87,19,68
4/1/2015 12:00:00 AM,6/23/2015 12:00:00 AM,87,19,68
4/1/2015 12:00:00 AM,6/24/2015 12:00:00 AM,87,19,68
4/1/2015 12:00:00 AM,6/25/2015 12:00:00 AM,152,19,133
4/1/2015 12:00:00 AM,6/26/2015 12:00:00 AM,87,19,68
4/1/2015 12:00:00 AM,6/27/2015 12:00:00 AM,39,19,20
4/1/2015 12:00:00 AM,6/28/2015 12:00:00 AM,39,19,20
4/1/2015 12:00:00 AM,6/29/2015 12:00:00 AM,39,19,20
4/1/2015 12:00:00 AM,6/30/2015 12:00:00 AM,39,19,20
4/1/2015 12:00:00 AM,7/1/2015 12:00:00 AM,39,19,20
3/31/2015 12:00:00 AM,4/1/2015 12:00:00 AM,29992,13745,16247
3/31/2015 12:00:00 AM,4/2/2015 12:00:00 AM,29950,13947,16003
3/31/2015 12:00:00 AM,4/3/2015 12:00:00 AM,29229,13533,15696
3/31/2015 12:00:00 AM,4/4/2015 12:00:00 AM,31678,14467,17211
3/31/2015 12:00:00 AM,4/5/2015 12:00:00 AM,31789,14534,17255
3/31/2015 12:00:00 AM,4/6/2015 12:00:00 AM,33419,14906,18513
3/31/2015 12:00:00 AM,4/7/2015 12:00:00 AM,33224,15156,18068
3/31/2015 12:00:00 AM,4/8/2015 12:00:00 AM,31599,14755,16844
3/31/2015 12:00:00 AM,4/9/2015 12:00:00 AM,32559,15715,16844
3/31/2015 12:00:00 AM,4/10/2015 12:00:00 AM,32990,16026,16964
3/31/2015 12:00:00 AM,4/11/2015 12:00:00 AM,40904,19078,21826
3/31/2015 12:00:00 AM,4/12/2015 12:00:00 AM,41758,19258,22500
3/31/2015 12:00:00 AM,4/13/2015 12:00:00 AM,44314,20441,23873
3/31/2015 12:00:00 AM,4/14/2015 12:00:00 AM,44607,21655,22952
3/31/2015 12:00:00 AM,4/15/2015 12:00:00 AM,43450,20566,22884
3/31/2015 12:00:00 AM,4/16/2015 12:00:00 AM,42201,19195,23006
3/31/2015 12:00:00 AM,4/17/2015 12:00:00 AM,42278,19094,23184
3/31/2015 12:00:00 AM,4/18/2015 12:00:00 AM,46589,22334,24255
3/31/2015 12:00:00 AM,4/19/2015 12:00:00 AM,45841,22225,23616
3/31/2015 12:00:00 AM,4/20/2015 12:00:00 AM,46533,21983,24550
3/31/2015 12:00:00 AM,4/21/2015 12:00:00 AM,41234,17584,23650
3/31/2015 12:00:00 AM,4/22/2015 12:00:00 AM,39673,16245,23428
3/31/2015 12:00:00 AM,4/23/2015 12:00:00 AM,40522,17233,23289
3/31/2015 12:00:00 AM,4/24/2015 12:00:00 AM,40095,16509,23586
3/31/2015 12:00:00 AM,4/25/2015 12:00:00 AM,42141,17702,24439
3/31/2015 12:00:00 AM,4/26/2015 12:00:00 AM,41968,17745,24223
3/31/2015 12:00:00 AM,4/27/2015 12:00:00 AM,39518,15955,23563
3/31/2015 12:00:00 AM,4/28/2015 12:00:00 AM,38438,15110,23328
3/31/2015 12:00:00 AM,4/29/2015 12:00:00 AM,36300,14426,21874
3/31/2015 12:00:00 AM,4/30/2015 12:00:00 AM,37027,14866,22161
3/31/2015 12:00:00 AM,5/1/2015 12:00:00 AM,35604,14142,21462
3/31/2015 12:00:00 AM,5/2/2015 12:00:00 AM,37521,16864,20657
3/31/2015 12:00:00 AM,5/3/2015 12:00:00 AM,38021,16354,21667
3/31/2015 12:00:00 AM,5/4/2015 12:00:00 AM,38218,17653,20565
3/31/2015 12:00:00 AM,5/5/2015 12:00:00 AM,33402,15414,17988
3/31/2015 12:00:00 AM,5/6/2015 12:00:00 AM,35307,16052,19255
3/31/2015 12:00:00 AM,5/7/2015 12:00:00 AM,31938,15235,16703
3/31/2015 12:00:00 AM,5/8/2015 12:00:00 AM,33159,15914,17245
3/31/2015 12:00:00 AM,5/9/2015 12:00:00 AM,34529,17528,17001
3/31/2015 12:00:00 AM,5/10/2015 12:00:00 AM,33453,18010,15443
3/31/2015 12:00:00 AM,5/11/2015 12:00:00 AM,34291,16445,17846
3/31/2015 12:00:00 AM,5/12/2015 12:00:00 AM,31951,15196,16755
3/31/2015 12:00:00 AM,5/13/2015 12:00:00 AM,30785,14014,16771
3/31/2015 12:00:00 AM,5/14/2015 12:00:00 AM,31329,14364,16965
3/31/2015 12:00:00 AM,5/15/2015 12:00:00 AM,29046,13641,15405
3/31/2015 12:00:00 AM,5/16/2015 12:00:00 AM,32204,15667,16537
3/31/2015 12:00:00 AM,5/17/2015 12:00:00 AM,28733,13590,15143
3/31/2015 12:00:00 AM,5/18/2015 12:00:00 AM,27028,14268,12760
3/31/2015 12:00:00 AM,5/19/2015 12:00:00 AM,24031,11307,12724
3/31/2015 12:00:00 AM,5/20/2015 12:00:00 AM,22282,10492,11790
3/31/2015 12:00:00 AM,5/21/2015 12:00:00 AM,22234,11278,10956
3/31/2015 12:00:00 AM,5/22/2015 12:00:00 AM,20101,10262,9839
3/31/2015 12:00:00 AM,5/23/2015 12:00:00 AM,20483,11604,8879
3/31/2015 12:00:00 AM,5/24/2015 12:00:00 AM,18756,10596,8160
3/31/2015 12:00:00 AM,5/25/2015 12:00:00 AM,16561,8814,7747
3/31/2015 12:00:00 AM,5/26/2015 12:00:00 AM,14722,6930,7792
3/31/2015 12:00:00 AM,5/27/2015 12:00:00 AM,14247,6927,7320
3/31/2015 12:00:00 AM,5/28/2015 12:00:00 AM,13606,7127,6479
3/31/2015 12:00:00 AM,5/29/2015 12:00:00 AM,12933,6137,6796
3/31/2015 12:00:00 AM,5/30/2015 12:00:00 AM,14440,8022,6418
3/31/2015 12:00:00 AM,5/31/2015 12:00:00 AM,12860,7802,5058
3/31/2015 12:00:00 AM,6/1/2015 12:00:00 AM,7830,5891,1939
3/31/2015 12:00:00 AM,6/2/2015 12:00:00 AM,4293,2568,1725
3/31/2015 12:00:00 AM,6/3/2015 12:00:00 AM,4613,2775,1838
3/31/2015 12:00:00 AM,6/4/2015 12:00:00 AM,4507,2812,1695
3/31/2015 12:00:00 AM,6/5/2015 12:00:00 AM,3951,2568,1383
3/31/2015 12:00:00 AM,6/6/2015 12:00:00 AM,3013,2468,545
3/31/2015 12:00:00 AM,6/7/2015 12:00:00 AM,2942,2468,474
3/31/2015 12:00:00 AM,6/8/2015 12:00:00 AM,2681,2168,513
3/31/2015 12:00:00 AM,6/9/2015 12:00:00 AM,803,263,540
3/31/2015 12:00:00 AM,6/10/2015 12:00:00 AM,803,263,540
3/31/2015 12:00:00 AM,6/11/2015 12:00:00 AM,776,263,513
3/31/2015 12:00:00 AM,6/12/2015 12:00:00 AM,776,263,513
3/31/2015 12:00:00 AM,6/13/2015 12:00:00 AM,532,19,513
3/31/2015 12:00:00 AM,6/14/2015 12:00:00 AM,740,263,477
3/31/2015 12:00:00 AM,6/15/2015 12:00:00 AM,126,19,107
3/31/2015 12:00:00 AM,6/16/2015 12:00:00 AM,126,19,107
3/31/2015 12:00:00 AM,6/17/2015 12:00:00 AM,126,19,107
3/31/2015 12:00:00 AM,6/18/2015 12:00:00 AM,126,19,107
3/31/2015 12:00:00 AM,6/19/2015 12:00:00 AM,126,19,107
3/31/2015 12:00:00 AM,6/20/2015 12:00:00 AM,87,19,68
3/31/2015 12:00:00 AM,6/21/2015 12:00:00 AM,87,19,68
3/31/2015 12:00:00 AM,6/22/2015 12:00:00 AM,87,19,68
3/31/2015 12:00:00 AM,6/23/2015 12:00:00 AM,87,19,68
3/31/2015 12:00:00 AM,6/24/2015 12:00:00 AM,87,19,68
3/31/2015 12:00:00 AM,6/25/2015 12:00:00 AM,152,19,133
3/31/2015 12:00:00 AM,6/26/2015 12:00:00 AM,87,19,68
3/31/2015 12:00:00 AM,6/27/2015 12:00:00 AM,39,19,20
3/31/2015 12:00:00 AM,6/28/2015 12:00:00 AM,39,19,20
3/31/2015 12:00:00 AM,6/29/2015 12:00:00 AM,39,19,20
3/31/2015 12:00:00 AM,6/30/2015 12:00:00 AM,39,19,20
3/30/2015 12:00:00 AM,3/31/2015 12:00:00 AM,29690,13284,16406
3/30/2015 12:00:00 AM,4/1/2015 12:00:00 AM,29608,13331,16277
3/30/2015 12:00:00 AM,4/2/2015 12:00:00 AM,29566,13533,16033
3/30/2015 12:00:00 AM,4/3/2015 12:00:00 AM,29259,13533,15726
3/30/2015 12:00:00 AM,4/4/2015 12:00:00 AM,31708,14467,17241
3/30/2015 12:00:00 AM,4/5/2015 12:00:00 AM,31819,14534,17285
3/30/2015 12:00:00 AM,4/6/2015 12:00:00 AM,33419,14906,18513
3/30/2015 12:00:00 AM,4/7/2015 12:00:00 AM,33221,15156,18065
3/30/2015 12:00:00 AM,4/8/2015 12:00:00 AM,31566,14755,16811
3/30/2015 12:00:00 AM,4/9/2015 12:00:00 AM,32526,15715,16811
3/30/2015 12:00:00 AM,4/10/2015 12:00:00 AM,32957,16026,16931
3/30/2015 12:00:00 AM,4/11/2015 12:00:00 AM,40871,19078,21793
3/30/2015 12:00:00 AM,4/12/2015 12:00:00 AM,41725,19258,22467
3/30/2015 12:00:00 AM,4/13/2015 12:00:00 AM,44281,20441,23840
3/30/2015 12:00:00 AM,4/14/2015 12:00:00 AM,44574,21655,22919
3/30/2015 12:00:00 AM,4/15/2015 12:00:00 AM,43417,20566,22851
3/30/2015 12:00:00 AM,4/16/2015 12:00:00 AM,42168,19195,22973
3/30/2015 12:00:00 AM,4/17/2015 12:00:00 AM,42245,19094,23151
3/30/2015 12:00:00 AM,4/18/2015 12:00:00 AM,46556,22334,24222
3/30/2015 12:00:00 AM,4/19/2015 12:00:00 AM,45808,22225,23583
3/30/2015 12:00:00 AM,4/20/2015 12:00:00 AM,46500,21983,24517
3/30/2015 12:00:00 AM,4/21/2015 12:00:00 AM,41201,17584,23617
3/30/2015 12:00:00 AM,4/22/2015 12:00:00 AM,39640,16245,23395
3/30/2015 12:00:00 AM,4/23/2015 12:00:00 AM,40477,17233,23244
3/30/2015 12:00:00 AM,4/24/2015 12:00:00 AM,40050,16509,23541
3/30/2015 12:00:00 AM,4/25/2015 12:00:00 AM,42096,17702,24394
3/30/2015 12:00:00 AM,4/26/2015 12:00:00 AM,41923,17745,24178
3/30/2015 12:00:00 AM,4/27/2015 12:00:00 AM,39473,15955,23518
3/30/2015 12:00:00 AM,4/28/2015 12:00:00 AM,38393,15110,23283
3/30/2015 12:00:00 AM,4/29/2015 12:00:00 AM,36255,14426,21829
3/30/2015 12:00:00 AM,4/30/2015 12:00:00 AM,36982,14866,22116
3/30/2015 12:00:00 AM,5/1/2015 12:00:00 AM,35559,14142,21417
3/30/2015 12:00:00 AM,5/2/2015 12:00:00 AM,37476,16864,20612
3/30/2015 12:00:00 AM,5/3/2015 12:00:00 AM,37976,16354,21622
3/30/2015 12:00:00 AM,5/4/2015 12:00:00 AM,37873,17353,20520
3/30/2015 12:00:00 AM,5/5/2015 12:00:00 AM,33057,15114,17943
3/30/2015 12:00:00 AM,5/6/2015 12:00:00 AM,34962,15752,19210
3/30/2015 12:00:00 AM,5/7/2015 12:00:00 AM,31593,14935,16658
3/30/2015 12:00:00 AM,5/8/2015 12:00:00 AM,32814,15614,17200
3/30/2015 12:00:00 AM,5/9/2015 12:00:00 AM,34184,17228,16956
3/30/2015 12:00:00 AM,5/10/2015 12:00:00 AM,33108,17710,15398
3/30/2015 12:00:00 AM,5/11/2015 12:00:00 AM,33946,16145,17801
3/30/2015 12:00:00 AM,5/12/2015 12:00:00 AM,31606,14896,16710
3/30/2015 12:00:00 AM,5/13/2015 12:00:00 AM,30440,13714,16726
3/30/2015 12:00:00 AM,5/14/2015 12:00:00 AM,30984,14064,16920
3/30/2015 12:00:00 AM,5/15/2015 12:00:00 AM,28701,13341,15360
3/30/2015 12:00:00 AM,5/16/2015 12:00:00 AM,32159,15667,16492
3/30/2015 12:00:00 AM,5/17/2015 12:00:00 AM,28688,13590,15098
3/30/2015 12:00:00 AM,5/18/2015 12:00:00 AM,26983,14268,12715
3/30/2015 12:00:00 AM,5/19/2015 12:00:00 AM,23986,11307,12679
3/30/2015 12:00:00 AM,5/20/2015 12:00:00 AM,22237,10492,11745
3/30/2015 12:00:00 AM,5/21/2015 12:00:00 AM,22189,11278,10911
3/30/2015 12:00:00 AM,5/22/2015 12:00:00 AM,20056,10262,9794
3/30/2015 12:00:00 AM,5/23/2015 12:00:00 AM,20438,11604,8834
3/30/2015 12:00:00 AM,5/24/2015 12:00:00 AM,18711,10596,8115
3/30/2015 12:00:00 AM,5/25/2015 12:00:00 AM,16516,8814,7702
3/30/2015 12:00:00 AM,5/26/2015 12:00:00 AM,14677,6930,7747
3/30/2015 12:00:00 AM,5/27/2015 12:00:00 AM,14202,6927,7275
3/30/2015 12:00:00 AM,5/28/2015 12:00:00 AM,13561,7127,6434
3/30/2015 12:00:00 AM,5/29/2015 12:00:00 AM,12888,6137,6751
3/30/2015 12:00:00 AM,5/30/2015 12:00:00 AM,14395,8022,6373
3/30/2015 12:00:00 AM,5/31/2015 12:00:00 AM,12815,7802,5013
3/30/2015 12:00:00 AM,6/1/2015 12:00:00 AM,7830,5891,1939
3/30/2015 12:00:00 AM,6/2/2015 12:00:00 AM,4293,2568,1725
3/30/2015 12:00:00 AM,6/3/2015 12:00:00 AM,4613,2775,1838
3/30/2015 12:00:00 AM,6/4/2015 12:00:00 AM,4507,2812,1695
3/30/2015 12:00:00 AM,6/5/2015 12:00:00 AM,3951,2568,1383
3/30/2015 12:00:00 AM,6/6/2015 12:00:00 AM,3013,2468,545
3/30/2015 12:00:00 AM,6/7/2015 12:00:00 AM,2942,2468,474
3/30/2015 12:00:00 AM,6/8/2015 12:00:00 AM,2681,2168,513
3/30/2015 12:00:00 AM,6/9/2015 12:00:00 AM,803,263,540
3/30/2015 12:00:00 AM,6/10/2015 12:00:00 AM,803,263,540
3/30/2015 12:00:00 AM,6/11/2015 12:00:00 AM,776,263,513
3/30/2015 12:00:00 AM,6/12/2015 12:00:00 AM,776,263,513
3/30/2015 12:00:00 AM,6/13/2015 12:00:00 AM,532,19,513
3/30/2015 12:00:00 AM,6/14/2015 12:00:00 AM,740,263,477
3/30/2015 12:00:00 AM,6/15/2015 12:00:00 AM,126,19,107
3/30/2015 12:00:00 AM,6/16/2015 12:00:00 AM,126,19,107
3/30/2015 12:00:00 AM,6/17/2015 12:00:00 AM,126,19,107
3/30/2015 12:00:00 AM,6/18/2015 12:00:00 AM,126,19,107
3/30/2015 12:00:00 AM,6/19/2015 12:00:00 AM,126,19,107
3/30/2015 12:00:00 AM,6/20/2015 12:00:00 AM,87,19,68
3/30/2015 12:00:00 AM,6/21/2015 12:00:00 AM,87,19,68
3/30/2015 12:00:00 AM,6/22/2015 12:00:00 AM,87,19,68
3/30/2015 12:00:00 AM,6/23/2015 12:00:00 AM,87,19,68
3/30/2015 12:00:00 AM,6/24/2015 12:00:00 AM,87,19,68
3/30/2015 12:00:00 AM,6/25/2015 12:00:00 AM,152,19,133
3/30/2015 12:00:00 AM,6/26/2015 12:00:00 AM,87,19,68
3/30/2015 12:00:00 AM,6/27/2015 12:00:00 AM,39,19,20
3/30/2015 12:00:00 AM,6/28/2015 12:00:00 AM,39,19,20
3/30/2015 12:00:00 AM,6/29/2015 12:00:00 AM,39,19,20
3/29/2015 12:00:00 AM,3/30/2015 12:00:00 AM,32200,14353,17847
3/29/2015 12:00:00 AM,3/31/2015 12:00:00 AM,31230,13484,17746
3/29/2015 12:00:00 AM,4/1/2015 12:00:00 AM,30338,13531,16807
3/29/2015 12:00:00 AM,4/2/2015 12:00:00 AM,30906,13533,17373
3/29/2015 12:00:00 AM,4/3/2015 12:00:00 AM,29789,13533,16256
3/29/2015 12:00:00 AM,4/4/2015 12:00:00 AM,32238,14467,17771
3/29/2015 12:00:00 AM,4/5/2015 12:00:00 AM,32349,14534,17815
3/29/2015 12:00:00 AM,4/6/2015 12:00:00 AM,33419,14906,18513
3/29/2015 12:00:00 AM,4/7/2015 12:00:00 AM,33751,15156,18595
3/29/2015 12:00:00 AM,4/8/2015 12:00:00 AM,31566,14755,16811
3/29/2015 12:00:00 AM,4/9/2015 12:00:00 AM,32526,15715,16811
3/29/2015 12:00:00 AM,4/10/2015 12:00:00 AM,32957,16026,16931
3/29/2015 12:00:00 AM,4/11/2015 12:00:00 AM,40871,19078,21793
3/29/2015 12:00:00 AM,4/12/2015 12:00:00 AM,41725,19258,22467
3/29/2015 12:00:00 AM,4/13/2015 12:00:00 AM,44281,20441,23840
3/29/2015 12:00:00 AM,4/14/2015 12:00:00 AM,44574,21655,22919
3/29/2015 12:00:00 AM,4/15/2015 12:00:00 AM,43417,20566,22851
3/29/2015 12:00:00 AM,4/16/2015 12:00:00 AM,42168,19195,22973
3/29/2015 12:00:00 AM,4/17/2015 12:00:00 AM,42245,19094,23151
3/29/2015 12:00:00 AM,4/18/2015 12:00:00 AM,46556,22334,24222
3/29/2015 12:00:00 AM,4/19/2015 12:00:00 AM,45808,22225,23583
3/29/2015 12:00:00 AM,4/20/2015 12:00:00 AM,46500,21983,24517
3/29/2015 12:00:00 AM,4/21/2015 12:00:00 AM,41201,17584,23617
3/29/2015 12:00:00 AM,4/22/2015 12:00:00 AM,39640,16245,23395
3/29/2015 12:00:00 AM,4/23/2015 12:00:00 AM,40477,17233,23244
3/29/2015 12:00:00 AM,4/24/2015 12:00:00 AM,40050,16509,23541
3/29/2015 12:00:00 AM,4/25/2015 12:00:00 AM,42096,17702,24394
3/29/2015 12:00:00 AM,4/26/2015 12:00:00 AM,41923,17745,24178
3/29/2015 12:00:00 AM,4/27/2015 12:00:00 AM,39473,15955,23518
3/29/2015 12:00:00 AM,4/28/2015 12:00:00 AM,38393,15110,23283
3/29/2015 12:00:00 AM,4/29/2015 12:00:00 AM,36255,14426,21829
3/29/2015 12:00:00 AM,4/30/2015 12:00:00 AM,36982,14866,22116
3/29/2015 12:00:00 AM,5/1/2015 12:00:00 AM,35559,14142,21417
3/29/2015 12:00:00 AM,5/2/2015 12:00:00 AM,37476,16864,20612
3/29/2015 12:00:00 AM,5/3/2015 12:00:00 AM,37976,16354,21622
3/29/2015 12:00:00 AM,5/4/2015 12:00:00 AM,37873,17353,20520
3/29/2015 12:00:00 AM,5/5/2015 12:00:00 AM,33057,15114,17943
3/29/2015 12:00:00 AM,5/6/2015 12:00:00 AM,34962,15752,19210
3/29/2015 12:00:00 AM,5/7/2015 12:00:00 AM,31593,14935,16658
3/29/2015 12:00:00 AM,5/8/2015 12:00:00 AM,32814,15614,17200
3/29/2015 12:00:00 AM,5/9/2015 12:00:00 AM,34184,17228,16956
3/29/2015 12:00:00 AM,5/10/2015 12:00:00 AM,33108,17710,15398
3/29/2015 12:00:00 AM,5/11/2015 12:00:00 AM,33946,16145,17801
3/29/2015 12:00:00 AM,5/12/2015 12:00:00 AM,31606,14896,16710
3/29/2015 12:00:00 AM,5/13/2015 12:00:00 AM,30440,13714,16726
3/29/2015 12:00:00 AM,5/14/2015 12:00:00 AM,30984,14064,16920
3/29/2015 12:00:00 AM,5/15/2015 12:00:00 AM,28701,13341,15360
3/29/2015 12:00:00 AM,5/16/2015 12:00:00 AM,32159,15667,16492
3/29/2015 12:00:00 AM,5/17/2015 12:00:00 AM,28688,13590,15098
3/29/2015 12:00:00 AM,5/18/2015 12:00:00 AM,26983,14268,12715
3/29/2015 12:00:00 AM,5/19/2015 12:00:00 AM,23986,11307,12679
3/29/2015 12:00:00 AM,5/20/2015 12:00:00 AM,22237,10492,11745
3/29/2015 12:00:00 AM,5/21/2015 12:00:00 AM,22189,11278,10911
3/29/2015 12:00:00 AM,5/22/2015 12:00:00 AM,20056,10262,9794
3/29/2015 12:00:00 AM,5/23/2015 12:00:00 AM,20438,11604,8834
3/29/2015 12:00:00 AM,5/24/2015 12:00:00 AM,18711,10596,8115
3/29/2015 12:00:00 AM,5/25/2015 12:00:00 AM,16516,8814,7702
3/29/2015 12:00:00 AM,5/26/2015 12:00:00 AM,14677,6930,7747
3/29/2015 12:00:00 AM,5/27/2015 12:00:00 AM,14202,6927,7275
3/29/2015 12:00:00 AM,5/28/2015 12:00:00 AM,13561,7127,6434
3/29/2015 12:00:00 AM,5/29/2015 12:00:00 AM,12888,6137,6751
3/29/2015 12:00:00 AM,5/30/2015 12:00:00 AM,14395,8022,6373
3/29/2015 12:00:00 AM,5/31/2015 12:00:00 AM,12815,7802,5013
3/29/2015 12:00:00 AM,6/1/2015 12:00:00 AM,7830,5891,1939
3/29/2015 12:00:00 AM,6/2/2015 12:00:00 AM,4293,2568,1725
3/29/2015 12:00:00 AM,6/3/2015 12:00:00 AM,4613,2775,1838
3/29/2015 12:00:00 AM,6/4/2015 12:00:00 AM,4507,2812,1695
3/29/2015 12:00:00 AM,6/5/2015 12:00:00 AM,3951,2568,1383
3/29/2015 12:00:00 AM,6/6/2015 12:00:00 AM,3013,2468,545
3/29/2015 12:00:00 AM,6/7/2015 12:00:00 AM,2942,2468,474
3/29/2015 12:00:00 AM,6/8/2015 12:00:00 AM,2681,2168,513
3/29/2015 12:00:00 AM,6/9/2015 12:00:00 AM,803,263,540
3/29/2015 12:00:00 AM,6/10/2015 12:00:00 AM,803,263,540
3/29/2015 12:00:00 AM,6/11/2015 12:00:00 AM,776,263,513
3/29/2015 12:00:00 AM,6/12/2015 12:00:00 AM,776,263,513
3/29/2015 12:00:00 AM,6/13/2015 12:00:00 AM,532,19,513
3/29/2015 12:00:00 AM,6/14/2015 12:00:00 AM,740,263,477
3/29/2015 12:00:00 AM,6/15/2015 12:00:00 AM,126,19,107
3/29/2015 12:00:00 AM,6/16/2015 12:00:00 AM,126,19,107
3/29/2015 12:00:00 AM,6/17/2015 12:00:00 AM,126,19,107
3/29/2015 12:00:00 AM,6/18/2015 12:00:00 AM,126,19,107
3/29/2015 12:00:00 AM,6/19/2015 12:00:00 AM,126,19,107
3/29/2015 12:00:00 AM,6/20/2015 12:00:00 AM,87,19,68
3/29/2015 12:00:00 AM,6/21/2015 12:00:00 AM,87,19,68
3/29/2015 12:00:00 AM,6/22/2015 12:00:00 AM,87,19,68
3/29/2015 12:00:00 AM,6/23/2015 12:00:00 AM,87,19,68
3/29/2015 12:00:00 AM,6/24/2015 12:00:00 AM,87,19,68
3/29/2015 12:00:00 AM,6/25/2015 12:00:00 AM,152,19,133
3/29/2015 12:00:00 AM,6/26/2015 12:00:00 AM,87,19,68
3/29/2015 12:00:00 AM,6/27/2015 12:00:00 AM,39,19,20
3/29/2015 12:00:00 AM,6/28/2015 12:00:00 AM,39,19,20
3/28/2015 12:00:00 AM,3/29/2015 12:00:00 AM,32585,13408,19177
3/28/2015 12:00:00 AM,3/30/2015 12:00:00 AM,32368,14353,18015
3/28/2015 12:00:00 AM,3/31/2015 12:00:00 AM,31398,13484,17914
3/28/2015 12:00:00 AM,4/1/2015 12:00:00 AM,30506,13531,16975
3/28/2015 12:00:00 AM,4/2/2015 12:00:00 AM,31074,13533,17541
3/28/2015 12:00:00 AM,4/3/2015 12:00:00 AM,29957,13533,16424
3/28/2015 12:00:00 AM,4/4/2015 12:00:00 AM,32406,14467,17939
3/28/2015 12:00:00 AM,4/5/2015 12:00:00 AM,32517,14534,17983
3/28/2015 12:00:00 AM,4/6/2015 12:00:00 AM,33419,14906,18513
3/28/2015 12:00:00 AM,4/7/2015 12:00:00 AM,33919,15156,18763
3/28/2015 12:00:00 AM,4/8/2015 12:00:00 AM,31566,14755,16811
3/28/2015 12:00:00 AM,4/9/2015 12:00:00 AM,32526,15715,16811
3/28/2015 12:00:00 AM,4/10/2015 12:00:00 AM,32957,16026,16931
3/28/2015 12:00:00 AM,4/11/2015 12:00:00 AM,40871,19078,21793
3/28/2015 12:00:00 AM,4/12/2015 12:00:00 AM,41725,19258,22467
3/28/2015 12:00:00 AM,4/13/2015 12:00:00 AM,44281,20441,23840
3/28/2015 12:00:00 AM,4/14/2015 12:00:00 AM,44574,21655,22919
3/28/2015 12:00:00 AM,4/15/2015 12:00:00 AM,43417,20566,22851
3/28/2015 12:00:00 AM,4/16/2015 12:00:00 AM,42168,19195,22973
3/28/2015 12:00:00 AM,4/17/2015 12:00:00 AM,42245,19094,23151
3/28/2015 12:00:00 AM,4/18/2015 12:00:00 AM,46556,22334,24222
3/28/2015 12:00:00 AM,4/19/2015 12:00:00 AM,45808,22225,23583
3/28/2015 12:00:00 AM,4/20/2015 12:00:00 AM,46500,21983,24517
3/28/2015 12:00:00 AM,4/21/2015 12:00:00 AM,41201,17584,23617
3/28/2015 12:00:00 AM,4/22/2015 12:00:00 AM,39640,16245,23395
3/28/2015 12:00:00 AM,4/23/2015 12:00:00 AM,40477,17233,23244
3/28/2015 12:00:00 AM,4/24/2015 12:00:00 AM,40050,16509,23541
3/28/2015 12:00:00 AM,4/25/2015 12:00:00 AM,42096,17702,24394
3/28/2015 12:00:00 AM,4/26/2015 12:00:00 AM,41923,17745,24178
3/28/2015 12:00:00 AM,4/27/2015 12:00:00 AM,39473,15955,23518
3/28/2015 12:00:00 AM,4/28/2015 12:00:00 AM,38393,15110,23283
3/28/2015 12:00:00 AM,4/29/2015 12:00:00 AM,36255,14426,21829
3/28/2015 12:00:00 AM,4/30/2015 12:00:00 AM,36982,14866,22116
3/28/2015 12:00:00 AM,5/1/2015 12:00:00 AM,35559,14142,21417
3/28/2015 12:00:00 AM,5/2/2015 12:00:00 AM,37476,16864,20612
3/28/2015 12:00:00 AM,5/3/2015 12:00:00 AM,37976,16354,21622
3/28/2015 12:00:00 AM,5/4/2015 12:00:00 AM,37873,17353,20520
3/28/2015 12:00:00 AM,5/5/2015 12:00:00 AM,33057,15114,17943
3/28/2015 12:00:00 AM,5/6/2015 12:00:00 AM,34962,15752,19210
3/28/2015 12:00:00 AM,5/7/2015 12:00:00 AM,31593,14935,16658
3/28/2015 12:00:00 AM,5/8/2015 12:00:00 AM,32814,15614,17200
3/28/2015 12:00:00 AM,5/9/2015 12:00:00 AM,34184,17228,16956
3/28/2015 12:00:00 AM,5/10/2015 12:00:00 AM,33108,17710,15398
3/28/2015 12:00:00 AM,5/11/2015 12:00:00 AM,33946,16145,17801
3/28/2015 12:00:00 AM,5/12/2015 12:00:00 AM,31606,14896,16710
3/28/2015 12:00:00 AM,5/13/2015 12:00:00 AM,30440,13714,16726
3/28/2015 12:00:00 AM,5/14/2015 12:00:00 AM,30984,14064,16920
3/28/2015 12:00:00 AM,5/15/2015 12:00:00 AM,28701,13341,15360
3/28/2015 12:00:00 AM,5/16/2015 12:00:00 AM,32159,15667,16492
3/28/2015 12:00:00 AM,5/17/2015 12:00:00 AM,28688,13590,15098
3/28/2015 12:00:00 AM,5/18/2015 12:00:00 AM,26983,14268,12715
3/28/2015 12:00:00 AM,5/19/2015 12:00:00 AM,23986,11307,12679
3/28/2015 12:00:00 AM,5/20/2015 12:00:00 AM,22237,10492,11745
3/28/2015 12:00:00 AM,5/21/2015 12:00:00 AM,22189,11278,10911
3/28/2015 12:00:00 AM,5/22/2015 12:00:00 AM,20056,10262,9794
3/28/2015 12:00:00 AM,5/23/2015 12:00:00 AM,20438,11604,8834
3/28/2015 12:00:00 AM,5/24/2015 12:00:00 AM,18711,10596,8115
3/28/2015 12:00:00 AM,5/25/2015 12:00:00 AM,16516,8814,7702
3/28/2015 12:00:00 AM,5/26/2015 12:00:00 AM,14677,6930,7747
3/28/2015 12:00:00 AM,5/27/2015 12:00:00 AM,14202,6927,7275
3/28/2015 12:00:00 AM,5/28/2015 12:00:00 AM,13081,6647,6434
3/28/2015 12:00:00 AM,5/29/2015 12:00:00 AM,13368,6617,6751
3/28/2015 12:00:00 AM,5/30/2015 12:00:00 AM,14395,8022,6373
3/28/2015 12:00:00 AM,5/31/2015 12:00:00 AM,12815,7802,5013
3/28/2015 12:00:00 AM,6/1/2015 12:00:00 AM,7830,5891,1939
3/28/2015 12:00:00 AM,6/2/2015 12:00:00 AM,4293,2568,1725
3/28/2015 12:00:00 AM,6/3/2015 12:00:00 AM,4613,2775,1838
3/28/2015 12:00:00 AM,6/4/2015 12:00:00 AM,4507,2812,1695
3/28/2015 12:00:00 AM,6/5/2015 12:00:00 AM,3951,2568,1383
3/28/2015 12:00:00 AM,6/6/2015 12:00:00 AM,3013,2468,545
3/28/2015 12:00:00 AM,6/7/2015 12:00:00 AM,2942,2468,474
3/28/2015 12:00:00 AM,6/8/2015 12:00:00 AM,2681,2168,513
3/28/2015 12:00:00 AM,6/9/2015 12:00:00 AM,803,263,540
3/28/2015 12:00:00 AM,6/10/2015 12:00:00 AM,803,263,540
3/28/2015 12:00:00 AM,6/11/2015 12:00:00 AM,776,263,513
3/28/2015 12:00:00 AM,6/12/2015 12:00:00 AM,776,263,513
3/28/2015 12:00:00 AM,6/13/2015 12:00:00 AM,532,19,513
3/28/2015 12:00:00 AM,6/14/2015 12:00:00 AM,740,263,477
3/28/2015 12:00:00 AM,6/15/2015 12:00:00 AM,126,19,107
3/28/2015 12:00:00 AM,6/16/2015 12:00:00 AM,126,19,107
3/28/2015 12:00:00 AM,6/17/2015 12:00:00 AM,126,19,107
3/28/2015 12:00:00 AM,6/18/2015 12:00:00 AM,126,19,107
3/28/2015 12:00:00 AM,6/19/2015 12:00:00 AM,126,19,107
3/28/2015 12:00:00 AM,6/20/2015 12:00:00 AM,87,19,68
3/28/2015 12:00:00 AM,6/21/2015 12:00:00 AM,87,19,68
3/28/2015 12:00:00 AM,6/22/2015 12:00:00 AM,87,19,68
3/28/2015 12:00:00 AM,6/23/2015 12:00:00 AM,87,19,68
3/28/2015 12:00:00 AM,6/24/2015 12:00:00 AM,87,19,68
3/28/2015 12:00:00 AM,6/25/2015 12:00:00 AM,152,19,133
3/28/2015 12:00:00 AM,6/26/2015 12:00:00 AM,87,19,68
3/28/2015 12:00:00 AM,6/27/2015 12:00:00 AM,39,19,20
3/27/2015 12:00:00 AM,3/28/2015 12:00:00 AM,32525,13335,19190
3/27/2015 12:00:00 AM,3/29/2015 12:00:00 AM,31775,13408,18367
3/27/2015 12:00:00 AM,3/30/2015 12:00:00 AM,32005,14353,17652
3/27/2015 12:00:00 AM,3/31/2015 12:00:00 AM,29917,13484,16433
3/27/2015 12:00:00 AM,4/1/2015 12:00:00 AM,30380,13531,16849
3/27/2015 12:00:00 AM,4/2/2015 12:00:00 AM,30138,13533,16605
3/27/2015 12:00:00 AM,4/3/2015 12:00:00 AM,29831,13533,16298
3/27/2015 12:00:00 AM,4/4/2015 12:00:00 AM,32374,14561,17813
3/27/2015 12:00:00 AM,4/5/2015 12:00:00 AM,32485,14628,17857
3/27/2015 12:00:00 AM,4/6/2015 12:00:00 AM,33513,15000,18513
3/27/2015 12:00:00 AM,4/7/2015 12:00:00 AM,34013,15250,18763
3/27/2015 12:00:00 AM,4/8/2015 12:00:00 AM,31660,14849,16811
3/27/2015 12:00:00 AM,4/9/2015 12:00:00 AM,32620,15809,16811
3/27/2015 12:00:00 AM,4/10/2015 12:00:00 AM,33051,16120,16931
3/27/2015 12:00:00 AM,4/11/2015 12:00:00 AM,40965,19172,21793
3/27/2015 12:00:00 AM,4/12/2015 12:00:00 AM,41819,19352,22467
3/27/2015 12:00:00 AM,4/13/2015 12:00:00 AM,44375,20535,23840
3/27/2015 12:00:00 AM,4/14/2015 12:00:00 AM,43868,20949,22919
3/27/2015 12:00:00 AM,4/15/2015 12:00:00 AM,43511,20660,22851
3/27/2015 12:00:00 AM,4/16/2015 12:00:00 AM,42262,19289,22973
3/27/2015 12:00:00 AM,4/17/2015 12:00:00 AM,42339,19188,23151
3/27/2015 12:00:00 AM,4/18/2015 12:00:00 AM,46650,22428,24222
3/27/2015 12:00:00 AM,4/19/2015 12:00:00 AM,45808,22225,23583
3/27/2015 12:00:00 AM,4/20/2015 12:00:00 AM,46594,22077,24517
3/27/2015 12:00:00 AM,4/21/2015 12:00:00 AM,41201,17584,23617
3/27/2015 12:00:00 AM,4/22/2015 12:00:00 AM,39640,16245,23395
3/27/2015 12:00:00 AM,4/23/2015 12:00:00 AM,40477,17233,23244
3/27/2015 12:00:00 AM,4/24/2015 12:00:00 AM,40050,16509,23541
3/27/2015 12:00:00 AM,4/25/2015 12:00:00 AM,42096,17702,24394
3/27/2015 12:00:00 AM,4/26/2015 12:00:00 AM,41764,17745,24019
3/27/2015 12:00:00 AM,4/27/2015 12:00:00 AM,39314,15955,23359
3/27/2015 12:00:00 AM,4/28/2015 12:00:00 AM,38234,15110,23124
3/27/2015 12:00:00 AM,4/29/2015 12:00:00 AM,36096,14426,21670
3/27/2015 12:00:00 AM,4/30/2015 12:00:00 AM,36823,14866,21957
3/27/2015 12:00:00 AM,5/1/2015 12:00:00 AM,35400,14142,21258
3/27/2015 12:00:00 AM,5/2/2015 12:00:00 AM,37317,16864,20453
3/27/2015 12:00:00 AM,5/3/2015 12:00:00 AM,37179,15716,21463
3/27/2015 12:00:00 AM,5/4/2015 12:00:00 AM,37714,17353,20361
3/27/2015 12:00:00 AM,5/5/2015 12:00:00 AM,32898,15114,17784
3/27/2015 12:00:00 AM,5/6/2015 12:00:00 AM,34165,15114,19051
3/27/2015 12:00:00 AM,5/7/2015 12:00:00 AM,31434,14935,16499
3/27/2015 12:00:00 AM,5/8/2015 12:00:00 AM,32655,15614,17041
3/27/2015 12:00:00 AM,5/9/2015 12:00:00 AM,33735,16938,16797
3/27/2015 12:00:00 AM,5/10/2015 12:00:00 AM,32659,17420,15239
3/27/2015 12:00:00 AM,5/11/2015 12:00:00 AM,33157,15515,17642
3/27/2015 12:00:00 AM,5/12/2015 12:00:00 AM,30817,14266,16551
3/27/2015 12:00:00 AM,5/13/2015 12:00:00 AM,30281,13714,16567
3/27/2015 12:00:00 AM,5/14/2015 12:00:00 AM,30195,13434,16761
3/27/2015 12:00:00 AM,5/15/2015 12:00:00 AM,28542,13341,15201
3/27/2015 12:00:00 AM,5/16/2015 12:00:00 AM,31435,14943,16492
3/27/2015 12:00:00 AM,5/17/2015 12:00:00 AM,27805,12866,14939
3/27/2015 12:00:00 AM,5/18/2015 12:00:00 AM,26259,13544,12715
3/27/2015 12:00:00 AM,5/19/2015 12:00:00 AM,23262,10583,12679
3/27/2015 12:00:00 AM,5/20/2015 12:00:00 AM,22143,10398,11745
3/27/2015 12:00:00 AM,5/21/2015 12:00:00 AM,21465,10554,10911
3/27/2015 12:00:00 AM,5/22/2015 12:00:00 AM,19962,10168,9794
3/27/2015 12:00:00 AM,5/23/2015 12:00:00 AM,20344,11510,8834
3/27/2015 12:00:00 AM,5/24/2015 12:00:00 AM,18617,10502,8115
3/27/2015 12:00:00 AM,5/25/2015 12:00:00 AM,16422,8720,7702
3/27/2015 12:00:00 AM,5/26/2015 12:00:00 AM,14583,6836,7747
3/27/2015 12:00:00 AM,5/27/2015 12:00:00 AM,14108,6833,7275
3/27/2015 12:00:00 AM,5/28/2015 12:00:00 AM,12987,6553,6434
3/27/2015 12:00:00 AM,5/29/2015 12:00:00 AM,13274,6523,6751
3/27/2015 12:00:00 AM,5/30/2015 12:00:00 AM,14301,7928,6373
3/27/2015 12:00:00 AM,5/31/2015 12:00:00 AM,12815,7802,5013
3/27/2015 12:00:00 AM,6/1/2015 12:00:00 AM,7736,5797,1939
3/27/2015 12:00:00 AM,6/2/2015 12:00:00 AM,4293,2568,1725
3/27/2015 12:00:00 AM,6/3/2015 12:00:00 AM,4613,2775,1838
3/27/2015 12:00:00 AM,6/4/2015 12:00:00 AM,4507,2812,1695
3/27/2015 12:00:00 AM,6/5/2015 12:00:00 AM,3951,2568,1383
3/27/2015 12:00:00 AM,6/6/2015 12:00:00 AM,3013,2468,545
3/27/2015 12:00:00 AM,6/7/2015 12:00:00 AM,2942,2468,474
3/27/2015 12:00:00 AM,6/8/2015 12:00:00 AM,2681,2168,513
3/27/2015 12:00:00 AM,6/9/2015 12:00:00 AM,803,263,540
3/27/2015 12:00:00 AM,6/10/2015 12:00:00 AM,803,263,540
3/27/2015 12:00:00 AM,6/11/2015 12:00:00 AM,776,263,513
3/27/2015 12:00:00 AM,6/12/2015 12:00:00 AM,776,263,513
3/27/2015 12:00:00 AM,6/13/2015 12:00:00 AM,532,19,513
3/27/2015 12:00:00 AM,6/14/2015 12:00:00 AM,740,263,477
3/27/2015 12:00:00 AM,6/15/2015 12:00:00 AM,126,19,107
3/27/2015 12:00:00 AM,6/16/2015 12:00:00 AM,126,19,107
3/27/2015 12:00:00 AM,6/17/2015 12:00:00 AM,126,19,107
3/27/2015 12:00:00 AM,6/18/2015 12:00:00 AM,126,19,107
3/27/2015 12:00:00 AM,6/19/2015 12:00:00 AM,126,19,107
3/27/2015 12:00:00 AM,6/20/2015 12:00:00 AM,87,19,68
3/27/2015 12:00:00 AM,6/21/2015 12:00:00 AM,87,19,68
3/27/2015 12:00:00 AM,6/22/2015 12:00:00 AM,87,19,68
3/27/2015 12:00:00 AM,6/23/2015 12:00:00 AM,87,19,68
3/27/2015 12:00:00 AM,6/24/2015 12:00:00 AM,87,19,68
3/27/2015 12:00:00 AM,6/25/2015 12:00:00 AM,152,19,133
3/27/2015 12:00:00 AM,6/26/2015 12:00:00 AM,87,19,68
3/26/2015 12:00:00 AM,3/27/2015 12:00:00 AM,28866,11746,17120
3/26/2015 12:00:00 AM,3/28/2015 12:00:00 AM,32559,13324,19235
3/26/2015 12:00:00 AM,3/29/2015 12:00:00 AM,31464,13052,18412
3/26/2015 12:00:00 AM,3/30/2015 12:00:00 AM,31694,13997,17697
3/26/2015 12:00:00 AM,3/31/2015 12:00:00 AM,29767,13289,16478
3/26/2015 12:00:00 AM,4/1/2015 12:00:00 AM,30425,13531,16894
3/26/2015 12:00:00 AM,4/2/2015 12:00:00 AM,30173,13523,16650
3/26/2015 12:00:00 AM,4/3/2015 12:00:00 AM,29821,13523,16298
3/26/2015 12:00:00 AM,4/4/2015 12:00:00 AM,32364,14551,17813
3/26/2015 12:00:00 AM,4/5/2015 12:00:00 AM,32475,14618,17857
3/26/2015 12:00:00 AM,4/6/2015 12:00:00 AM,33503,14990,18513
3/26/2015 12:00:00 AM,4/7/2015 12:00:00 AM,34003,15240,18763
3/26/2015 12:00:00 AM,4/8/2015 12:00:00 AM,31650,14839,16811
3/26/2015 12:00:00 AM,4/9/2015 12:00:00 AM,32610,15799,16811
3/26/2015 12:00:00 AM,4/10/2015 12:00:00 AM,33041,16110,16931
3/26/2015 12:00:00 AM,4/11/2015 12:00:00 AM,40955,19162,21793
3/26/2015 12:00:00 AM,4/12/2015 12:00:00 AM,41809,19342,22467
3/26/2015 12:00:00 AM,4/13/2015 12:00:00 AM,44365,20525,23840
3/26/2015 12:00:00 AM,4/14/2015 12:00:00 AM,43858,20939,22919
3/26/2015 12:00:00 AM,4/15/2015 12:00:00 AM,43501,20650,22851
3/26/2015 12:00:00 AM,4/16/2015 12:00:00 AM,42252,19279,22973
3/26/2015 12:00:00 AM,4/17/2015 12:00:00 AM,42329,19178,23151
3/26/2015 12:00:00 AM,4/18/2015 12:00:00 AM,46020,21798,24222
3/26/2015 12:00:00 AM,4/19/2015 12:00:00 AM,45178,21595,23583
3/26/2015 12:00:00 AM,4/20/2015 12:00:00 AM,45964,21447,24517
3/26/2015 12:00:00 AM,4/21/2015 12:00:00 AM,40526,16954,23572
3/26/2015 12:00:00 AM,4/22/2015 12:00:00 AM,39585,16235,23350
3/26/2015 12:00:00 AM,4/23/2015 12:00:00 AM,39802,16603,23199
3/26/2015 12:00:00 AM,4/24/2015 12:00:00 AM,39995,16499,23496
3/26/2015 12:00:00 AM,4/25/2015 12:00:00 AM,42661,18312,24349
3/26/2015 12:00:00 AM,4/26/2015 12:00:00 AM,42236,18262,23974
3/26/2015 12:00:00 AM,4/27/2015 12:00:00 AM,39860,16565,23295
3/26/2015 12:00:00 AM,4/28/2015 12:00:00 AM,38277,15627,22650
3/26/2015 12:00:00 AM,4/29/2015 12:00:00 AM,35612,14416,21196
3/26/2015 12:00:00 AM,4/30/2015 12:00:00 AM,37414,15476,21938
3/26/2015 12:00:00 AM,5/1/2015 12:00:00 AM,35328,14132,21196
3/26/2015 12:00:00 AM,5/2/2015 12:00:00 AM,37152,16761,20391
3/26/2015 12:00:00 AM,5/3/2015 12:00:00 AM,37014,15613,21401
3/26/2015 12:00:00 AM,5/4/2015 12:00:00 AM,37549,17250,20299
3/26/2015 12:00:00 AM,5/5/2015 12:00:00 AM,32733,15011,17722
3/26/2015 12:00:00 AM,5/6/2015 12:00:00 AM,34019,15011,19008
3/26/2015 12:00:00 AM,5/7/2015 12:00:00 AM,31269,14832,16437
3/26/2015 12:00:00 AM,5/8/2015 12:00:00 AM,32509,15511,16998
3/26/2015 12:00:00 AM,5/9/2015 12:00:00 AM,33682,16928,16754
3/26/2015 12:00:00 AM,5/10/2015 12:00:00 AM,32275,17079,15196
3/26/2015 12:00:00 AM,5/11/2015 12:00:00 AM,33104,15505,17599
3/26/2015 12:00:00 AM,5/12/2015 12:00:00 AM,30433,13925,16508
3/26/2015 12:00:00 AM,5/13/2015 12:00:00 AM,29833,13611,16222
3/26/2015 12:00:00 AM,5/14/2015 12:00:00 AM,30200,13331,16869
3/26/2015 12:00:00 AM,5/15/2015 12:00:00 AM,28338,13331,15007
3/26/2015 12:00:00 AM,5/16/2015 12:00:00 AM,30900,14602,16298
3/26/2015 12:00:00 AM,5/17/2015 12:00:00 AM,27431,12535,14896
3/26/2015 12:00:00 AM,5/18/2015 12:00:00 AM,26113,13441,12672
3/26/2015 12:00:00 AM,5/19/2015 12:00:00 AM,23126,10490,12636
3/26/2015 12:00:00 AM,5/20/2015 12:00:00 AM,22100,10398,11702
3/26/2015 12:00:00 AM,5/21/2015 12:00:00 AM,20847,9979,10868
3/26/2015 12:00:00 AM,5/22/2015 12:00:00 AM,19675,9924,9751
3/26/2015 12:00:00 AM,5/23/2015 12:00:00 AM,20344,11510,8834
3/26/2015 12:00:00 AM,5/24/2015 12:00:00 AM,18524,10409,8115
3/26/2015 12:00:00 AM,5/25/2015 12:00:00 AM,16422,8720,7702
3/26/2015 12:00:00 AM,5/26/2015 12:00:00 AM,14583,6836,7747
3/26/2015 12:00:00 AM,5/27/2015 12:00:00 AM,13957,6833,7124
3/26/2015 12:00:00 AM,5/28/2015 12:00:00 AM,12987,6553,6434
3/26/2015 12:00:00 AM,5/29/2015 12:00:00 AM,13123,6523,6600
3/26/2015 12:00:00 AM,5/30/2015 12:00:00 AM,14301,7928,6373
3/26/2015 12:00:00 AM,5/31/2015 12:00:00 AM,12571,7709,4862
3/26/2015 12:00:00 AM,6/1/2015 12:00:00 AM,7643,5704,1939
3/26/2015 12:00:00 AM,6/2/2015 12:00:00 AM,4200,2475,1725
3/26/2015 12:00:00 AM,6/3/2015 12:00:00 AM,4613,2775,1838
3/26/2015 12:00:00 AM,6/4/2015 12:00:00 AM,4170,2475,1695
3/26/2015 12:00:00 AM,6/5/2015 12:00:00 AM,3858,2475,1383
3/26/2015 12:00:00 AM,6/6/2015 12:00:00 AM,2920,2375,545
3/26/2015 12:00:00 AM,6/7/2015 12:00:00 AM,2849,2375,474
3/26/2015 12:00:00 AM,6/8/2015 12:00:00 AM,2588,2075,513
3/26/2015 12:00:00 AM,6/9/2015 12:00:00 AM,710,170,540
3/26/2015 12:00:00 AM,6/10/2015 12:00:00 AM,710,170,540
3/26/2015 12:00:00 AM,6/11/2015 12:00:00 AM,683,170,513
3/26/2015 12:00:00 AM,6/12/2015 12:00:00 AM,683,170,513
3/26/2015 12:00:00 AM,6/13/2015 12:00:00 AM,532,19,513
3/26/2015 12:00:00 AM,6/14/2015 12:00:00 AM,647,170,477
3/26/2015 12:00:00 AM,6/15/2015 12:00:00 AM,126,19,107
3/26/2015 12:00:00 AM,6/16/2015 12:00:00 AM,126,19,107
3/26/2015 12:00:00 AM,6/17/2015 12:00:00 AM,126,19,107
3/26/2015 12:00:00 AM,6/18/2015 12:00:00 AM,126,19,107
3/26/2015 12:00:00 AM,6/19/2015 12:00:00 AM,126,19,107
3/26/2015 12:00:00 AM,6/20/2015 12:00:00 AM,87,19,68
3/26/2015 12:00:00 AM,6/21/2015 12:00:00 AM,87,19,68
3/26/2015 12:00:00 AM,6/22/2015 12:00:00 AM,87,19,68
3/26/2015 12:00:00 AM,6/23/2015 12:00:00 AM,87,19,68
3/26/2015 12:00:00 AM,6/24/2015 12:00:00 AM,87,19,68
3/26/2015 12:00:00 AM,6/25/2015 12:00:00 AM,152,19,133
3/25/2015 12:00:00 AM,3/26/2015 12:00:00 AM,28495,12863,15632
3/25/2015 12:00:00 AM,3/27/2015 12:00:00 AM,29012,12702,16310
3/25/2015 12:00:00 AM,3/28/2015 12:00:00 AM,33367,14280,19087
3/25/2015 12:00:00 AM,3/29/2015 12:00:00 AM,31316,13052,18264
3/25/2015 12:00:00 AM,3/30/2015 12:00:00 AM,30736,13997,16739
3/25/2015 12:00:00 AM,3/31/2015 12:00:00 AM,29619,13289,16330
3/25/2015 12:00:00 AM,4/1/2015 12:00:00 AM,30277,13531,16746
3/25/2015 12:00:00 AM,4/2/2015 12:00:00 AM,30025,13523,16502
3/25/2015 12:00:00 AM,4/3/2015 12:00:00 AM,29673,13523,16150
3/25/2015 12:00:00 AM,4/4/2015 12:00:00 AM,32364,14551,17813
3/25/2015 12:00:00 AM,4/5/2015 12:00:00 AM,32475,14618,17857
3/25/2015 12:00:00 AM,4/6/2015 12:00:00 AM,33503,14990,18513
3/25/2015 12:00:00 AM,4/7/2015 12:00:00 AM,34003,15240,18763
3/25/2015 12:00:00 AM,4/8/2015 12:00:00 AM,31650,14839,16811
3/25/2015 12:00:00 AM,4/9/2015 12:00:00 AM,32610,15799,16811
3/25/2015 12:00:00 AM,4/10/2015 12:00:00 AM,33041,16110,16931
3/25/2015 12:00:00 AM,4/11/2015 12:00:00 AM,40955,19162,21793
3/25/2015 12:00:00 AM,4/12/2015 12:00:00 AM,41809,19342,22467
3/25/2015 12:00:00 AM,4/13/2015 12:00:00 AM,43438,19725,23713
3/25/2015 12:00:00 AM,4/14/2015 12:00:00 AM,42411,19619,22792
3/25/2015 12:00:00 AM,4/15/2015 12:00:00 AM,42054,19330,22724
3/25/2015 12:00:00 AM,4/16/2015 12:00:00 AM,42125,19279,22846
3/25/2015 12:00:00 AM,4/17/2015 12:00:00 AM,42202,19178,23024
3/25/2015 12:00:00 AM,4/18/2015 12:00:00 AM,45859,21798,24061
3/25/2015 12:00:00 AM,4/19/2015 12:00:00 AM,45048,21595,23453
3/25/2015 12:00:00 AM,4/20/2015 12:00:00 AM,45834,21447,24387
3/25/2015 12:00:00 AM,4/21/2015 12:00:00 AM,40396,16954,23442
3/25/2015 12:00:00 AM,4/22/2015 12:00:00 AM,39424,16235,23189
3/25/2015 12:00:00 AM,4/23/2015 12:00:00 AM,39768,16603,23165
3/25/2015 12:00:00 AM,4/24/2015 12:00:00 AM,39961,16499,23462
3/25/2015 12:00:00 AM,4/25/2015 12:00:00 AM,42007,17692,24315
3/25/2015 12:00:00 AM,4/26/2015 12:00:00 AM,41582,17642,23940
3/25/2015 12:00:00 AM,4/27/2015 12:00:00 AM,39206,15945,23261
3/25/2015 12:00:00 AM,4/28/2015 12:00:00 AM,37623,15007,22616
3/25/2015 12:00:00 AM,4/29/2015 12:00:00 AM,35578,14416,21162
3/25/2015 12:00:00 AM,4/30/2015 12:00:00 AM,36760,14856,21904
3/25/2015 12:00:00 AM,5/1/2015 12:00:00 AM,35294,14132,21162
3/25/2015 12:00:00 AM,5/2/2015 12:00:00 AM,37118,16761,20357
3/25/2015 12:00:00 AM,5/3/2015 12:00:00 AM,36980,15613,21367
3/25/2015 12:00:00 AM,5/4/2015 12:00:00 AM,37515,17250,20265
3/25/2015 12:00:00 AM,5/5/2015 12:00:00 AM,32699,15011,17688
3/25/2015 12:00:00 AM,5/6/2015 12:00:00 AM,33985,15011,18974
3/25/2015 12:00:00 AM,5/7/2015 12:00:00 AM,31235,14832,16403
3/25/2015 12:00:00 AM,5/8/2015 12:00:00 AM,32475,15511,16964
3/25/2015 12:00:00 AM,5/9/2015 12:00:00 AM,33648,16928,16720
3/25/2015 12:00:00 AM,5/10/2015 12:00:00 AM,32432,17079,15353
3/25/2015 12:00:00 AM,5/11/2015 12:00:00 AM,33261,15505,17756
3/25/2015 12:00:00 AM,5/12/2015 12:00:00 AM,30624,13925,16699
3/25/2015 12:00:00 AM,5/13/2015 12:00:00 AM,30024,13611,16413
3/25/2015 12:00:00 AM,5/14/2015 12:00:00 AM,30391,13331,17060
3/25/2015 12:00:00 AM,5/15/2015 12:00:00 AM,28529,13331,15198
3/25/2015 12:00:00 AM,5/16/2015 12:00:00 AM,30900,14602,16298
3/25/2015 12:00:00 AM,5/17/2015 12:00:00 AM,27622,12535,15087
3/25/2015 12:00:00 AM,5/18/2015 12:00:00 AM,26113,13441,12672
3/25/2015 12:00:00 AM,5/19/2015 12:00:00 AM,23126,10490,12636
3/25/2015 12:00:00 AM,5/20/2015 12:00:00 AM,22100,10398,11702
3/25/2015 12:00:00 AM,5/21/2015 12:00:00 AM,20847,9979,10868
3/25/2015 12:00:00 AM,5/22/2015 12:00:00 AM,19675,9924,9751
3/25/2015 12:00:00 AM,5/23/2015 12:00:00 AM,20344,11510,8834
3/25/2015 12:00:00 AM,5/24/2015 12:00:00 AM,18524,10409,8115
3/25/2015 12:00:00 AM,5/25/2015 12:00:00 AM,16422,8720,7702
3/25/2015 12:00:00 AM,5/26/2015 12:00:00 AM,14583,6836,7747
3/25/2015 12:00:00 AM,5/27/2015 12:00:00 AM,13957,6833,7124
3/25/2015 12:00:00 AM,5/28/2015 12:00:00 AM,12987,6553,6434
3/25/2015 12:00:00 AM,5/29/2015 12:00:00 AM,13123,6523,6600
3/25/2015 12:00:00 AM,5/30/2015 12:00:00 AM,14301,7928,6373
3/25/2015 12:00:00 AM,5/31/2015 12:00:00 AM,12571,7709,4862
3/25/2015 12:00:00 AM,6/1/2015 12:00:00 AM,7643,5704,1939
3/25/2015 12:00:00 AM,6/2/2015 12:00:00 AM,4200,2475,1725
3/25/2015 12:00:00 AM,6/3/2015 12:00:00 AM,4613,2775,1838
3/25/2015 12:00:00 AM,6/4/2015 12:00:00 AM,4170,2475,1695
3/25/2015 12:00:00 AM,6/5/2015 12:00:00 AM,3858,2475,1383
3/25/2015 12:00:00 AM,6/6/2015 12:00:00 AM,2920,2375,545
3/25/2015 12:00:00 AM,6/7/2015 12:00:00 AM,2849,2375,474
3/25/2015 12:00:00 AM,6/8/2015 12:00:00 AM,2588,2075,513
3/25/2015 12:00:00 AM,6/9/2015 12:00:00 AM,710,170,540
3/25/2015 12:00:00 AM,6/10/2015 12:00:00 AM,710,170,540
3/25/2015 12:00:00 AM,6/11/2015 12:00:00 AM,683,170,513
3/25/2015 12:00:00 AM,6/12/2015 12:00:00 AM,683,170,513
3/25/2015 12:00:00 AM,6/13/2015 12:00:00 AM,532,19,513
3/25/2015 12:00:00 AM,6/14/2015 12:00:00 AM,647,170,477
3/25/2015 12:00:00 AM,6/15/2015 12:00:00 AM,126,19,107
3/25/2015 12:00:00 AM,6/16/2015 12:00:00 AM,126,19,107
3/25/2015 12:00:00 AM,6/17/2015 12:00:00 AM,126,19,107
3/25/2015 12:00:00 AM,6/18/2015 12:00:00 AM,126,19,107
3/25/2015 12:00:00 AM,6/19/2015 12:00:00 AM,126,19,107
3/25/2015 12:00:00 AM,6/20/2015 12:00:00 AM,87,19,68
3/25/2015 12:00:00 AM,6/21/2015 12:00:00 AM,87,19,68
3/25/2015 12:00:00 AM,6/22/2015 12:00:00 AM,87,19,68
3/25/2015 12:00:00 AM,6/23/2015 12:00:00 AM,87,19,68
3/25/2015 12:00:00 AM,6/24/2015 12:00:00 AM,87,19,68
3/24/2015 12:00:00 AM,3/25/2015 12:00:00 AM,29303,12863,16440
3/24/2015 12:00:00 AM,3/26/2015 12:00:00 AM,28495,12863,15632
3/24/2015 12:00:00 AM,3/27/2015 12:00:00 AM,29012,12702,16310
3/24/2015 12:00:00 AM,3/28/2015 12:00:00 AM,33241,14280,18961
3/24/2015 12:00:00 AM,3/29/2015 12:00:00 AM,31190,13052,18138
3/24/2015 12:00:00 AM,3/30/2015 12:00:00 AM,30045,13997,16048
3/24/2015 12:00:00 AM,3/31/2015 12:00:00 AM,29054,13289,15765
3/24/2015 12:00:00 AM,4/1/2015 12:00:00 AM,29712,13531,16181
3/24/2015 12:00:00 AM,4/2/2015 12:00:00 AM,29460,13523,15937
3/24/2015 12:00:00 AM,4/3/2015 12:00:00 AM,29108,13523,15585
3/24/2015 12:00:00 AM,4/4/2015 12:00:00 AM,31799,14551,17248
3/24/2015 12:00:00 AM,4/5/2015 12:00:00 AM,31910,14618,17292
3/24/2015 12:00:00 AM,4/6/2015 12:00:00 AM,32938,14990,17948
3/24/2015 12:00:00 AM,4/7/2015 12:00:00 AM,33438,15240,18198
3/24/2015 12:00:00 AM,4/8/2015 12:00:00 AM,31650,14839,16811
3/24/2015 12:00:00 AM,4/9/2015 12:00:00 AM,32610,15799,16811
3/24/2015 12:00:00 AM,4/10/2015 12:00:00 AM,32990,16110,16880
3/24/2015 12:00:00 AM,4/11/2015 12:00:00 AM,40955,19162,21793
3/24/2015 12:00:00 AM,4/12/2015 12:00:00 AM,41758,19342,22416
3/24/2015 12:00:00 AM,4/13/2015 12:00:00 AM,43387,19725,23662
3/24/2015 12:00:00 AM,4/14/2015 12:00:00 AM,42360,19619,22741
3/24/2015 12:00:00 AM,4/15/2015 12:00:00 AM,42003,19330,22673
3/24/2015 12:00:00 AM,4/16/2015 12:00:00 AM,42074,19279,22795
3/24/2015 12:00:00 AM,4/17/2015 12:00:00 AM,42202,19178,23024
3/24/2015 12:00:00 AM,4/18/2015 12:00:00 AM,45808,21798,24010
3/24/2015 12:00:00 AM,4/19/2015 12:00:00 AM,45048,21595,23453
3/24/2015 12:00:00 AM,4/20/2015 12:00:00 AM,45834,21447,24387
3/24/2015 12:00:00 AM,4/21/2015 12:00:00 AM,40396,16954,23442
3/24/2015 12:00:00 AM,4/22/2015 12:00:00 AM,39424,16235,23189
3/24/2015 12:00:00 AM,4/23/2015 12:00:00 AM,39768,16603,23165
3/24/2015 12:00:00 AM,4/24/2015 12:00:00 AM,39961,16499,23462
3/24/2015 12:00:00 AM,4/25/2015 12:00:00 AM,42007,17692,24315
3/24/2015 12:00:00 AM,4/26/2015 12:00:00 AM,41582,17642,23940
3/24/2015 12:00:00 AM,4/27/2015 12:00:00 AM,39206,15945,23261
3/24/2015 12:00:00 AM,4/28/2015 12:00:00 AM,37623,15007,22616
3/24/2015 12:00:00 AM,4/29/2015 12:00:00 AM,35578,14416,21162
3/24/2015 12:00:00 AM,4/30/2015 12:00:00 AM,36760,14856,21904
3/24/2015 12:00:00 AM,5/1/2015 12:00:00 AM,35294,14132,21162
3/24/2015 12:00:00 AM,5/2/2015 12:00:00 AM,37118,16761,20357
3/24/2015 12:00:00 AM,5/3/2015 12:00:00 AM,36980,15613,21367
3/24/2015 12:00:00 AM,5/4/2015 12:00:00 AM,37515,17250,20265
3/24/2015 12:00:00 AM,5/5/2015 12:00:00 AM,32699,15011,17688
3/24/2015 12:00:00 AM,5/6/2015 12:00:00 AM,33985,15011,18974
3/24/2015 12:00:00 AM,5/7/2015 12:00:00 AM,31235,14832,16403
3/24/2015 12:00:00 AM,5/8/2015 12:00:00 AM,32475,15511,16964
3/24/2015 12:00:00 AM,5/9/2015 12:00:00 AM,33308,16588,16720
3/24/2015 12:00:00 AM,5/10/2015 12:00:00 AM,32092,16739,15353
3/24/2015 12:00:00 AM,5/11/2015 12:00:00 AM,33261,15505,17756
3/24/2015 12:00:00 AM,5/12/2015 12:00:00 AM,30624,13925,16699
3/24/2015 12:00:00 AM,5/13/2015 12:00:00 AM,30024,13611,16413
3/24/2015 12:00:00 AM,5/14/2015 12:00:00 AM,30391,13331,17060
3/24/2015 12:00:00 AM,5/15/2015 12:00:00 AM,28529,13331,15198
3/24/2015 12:00:00 AM,5/16/2015 12:00:00 AM,30900,14602,16298
3/24/2015 12:00:00 AM,5/17/2015 12:00:00 AM,27622,12535,15087
3/24/2015 12:00:00 AM,5/18/2015 12:00:00 AM,26113,13441,12672
3/24/2015 12:00:00 AM,5/19/2015 12:00:00 AM,23126,10490,12636
3/24/2015 12:00:00 AM,5/20/2015 12:00:00 AM,22100,10398,11702
3/24/2015 12:00:00 AM,5/21/2015 12:00:00 AM,20847,9979,10868
3/24/2015 12:00:00 AM,5/22/2015 12:00:00 AM,19675,9924,9751
3/24/2015 12:00:00 AM,5/23/2015 12:00:00 AM,20344,11510,8834
3/24/2015 12:00:00 AM,5/24/2015 12:00:00 AM,18524,10409,8115
3/24/2015 12:00:00 AM,5/25/2015 12:00:00 AM,16422,8720,7702
3/24/2015 12:00:00 AM,5/26/2015 12:00:00 AM,14583,6836,7747
3/24/2015 12:00:00 AM,5/27/2015 12:00:00 AM,13957,6833,7124
3/24/2015 12:00:00 AM,5/28/2015 12:00:00 AM,12987,6553,6434
3/24/2015 12:00:00 AM,5/29/2015 12:00:00 AM,13123,6523,6600
3/24/2015 12:00:00 AM,5/30/2015 12:00:00 AM,14301,7928,6373
3/24/2015 12:00:00 AM,5/31/2015 12:00:00 AM,12571,7709,4862
3/24/2015 12:00:00 AM,6/1/2015 12:00:00 AM,7643,5704,1939
3/24/2015 12:00:00 AM,6/2/2015 12:00:00 AM,4200,2475,1725
3/24/2015 12:00:00 AM,6/3/2015 12:00:00 AM,4613,2775,1838
3/24/2015 12:00:00 AM,6/4/2015 12:00:00 AM,4170,2475,1695
3/24/2015 12:00:00 AM,6/5/2015 12:00:00 AM,3858,2475,1383
3/24/2015 12:00:00 AM,6/6/2015 12:00:00 AM,2920,2375,545
3/24/2015 12:00:00 AM,6/7/2015 12:00:00 AM,2849,2375,474
3/24/2015 12:00:00 AM,6/8/2015 12:00:00 AM,2588,2075,513
3/24/2015 12:00:00 AM,6/9/2015 12:00:00 AM,710,170,540
3/24/2015 12:00:00 AM,6/10/2015 12:00:00 AM,710,170,540
3/24/2015 12:00:00 AM,6/11/2015 12:00:00 AM,683,170,513
3/24/2015 12:00:00 AM,6/12/2015 12:00:00 AM,683,170,513
3/24/2015 12:00:00 AM,6/13/2015 12:00:00 AM,532,19,513
3/24/2015 12:00:00 AM,6/14/2015 12:00:00 AM,647,170,477
3/24/2015 12:00:00 AM,6/15/2015 12:00:00 AM,126,19,107
3/24/2015 12:00:00 AM,6/16/2015 12:00:00 AM,126,19,107
3/24/2015 12:00:00 AM,6/17/2015 12:00:00 AM,126,19,107
3/24/2015 12:00:00 AM,6/18/2015 12:00:00 AM,126,19,107
3/24/2015 12:00:00 AM,6/19/2015 12:00:00 AM,126,19,107
3/24/2015 12:00:00 AM,6/20/2015 12:00:00 AM,87,19,68
3/24/2015 12:00:00 AM,6/21/2015 12:00:00 AM,87,19,68
3/24/2015 12:00:00 AM,6/22/2015 12:00:00 AM,87,19,68
3/24/2015 12:00:00 AM,6/23/2015 12:00:00 AM,87,19,68
3/23/2015 12:00:00 AM,3/24/2015 12:00:00 AM,27716,12245,15471
3/23/2015 12:00:00 AM,3/25/2015 12:00:00 AM,29796,13298,16498
3/23/2015 12:00:00 AM,3/26/2015 12:00:00 AM,28712,13148,15564
3/23/2015 12:00:00 AM,3/27/2015 12:00:00 AM,29229,12987,16242
3/23/2015 12:00:00 AM,3/28/2015 12:00:00 AM,33584,14565,19019
3/23/2015 12:00:00 AM,3/29/2015 12:00:00 AM,31683,13487,18196
3/23/2015 12:00:00 AM,3/30/2015 12:00:00 AM,30167,14432,15735
3/23/2015 12:00:00 AM,3/31/2015 12:00:00 AM,28741,13289,15452
3/23/2015 12:00:00 AM,4/1/2015 12:00:00 AM,29834,13966,15868
3/23/2015 12:00:00 AM,4/2/2015 12:00:00 AM,29147,13523,15624
3/23/2015 12:00:00 AM,4/3/2015 12:00:00 AM,28795,13523,15272
3/23/2015 12:00:00 AM,4/4/2015 12:00:00 AM,31486,14551,16935
3/23/2015 12:00:00 AM,4/5/2015 12:00:00 AM,31597,14618,16979
3/23/2015 12:00:00 AM,4/6/2015 12:00:00 AM,32625,14990,17635
3/23/2015 12:00:00 AM,4/7/2015 12:00:00 AM,33438,15240,18198
3/23/2015 12:00:00 AM,4/8/2015 12:00:00 AM,31650,14839,16811
3/23/2015 12:00:00 AM,4/9/2015 12:00:00 AM,32610,15799,16811
3/23/2015 12:00:00 AM,4/10/2015 12:00:00 AM,32990,16110,16880
3/23/2015 12:00:00 AM,4/11/2015 12:00:00 AM,40955,19162,21793
3/23/2015 12:00:00 AM,4/12/2015 12:00:00 AM,41758,19342,22416
3/23/2015 12:00:00 AM,4/13/2015 12:00:00 AM,43387,19725,23662
3/23/2015 12:00:00 AM,4/14/2015 12:00:00 AM,42360,19619,22741
3/23/2015 12:00:00 AM,4/15/2015 12:00:00 AM,42003,19330,22673
3/23/2015 12:00:00 AM,4/16/2015 12:00:00 AM,42074,19279,22795
3/23/2015 12:00:00 AM,4/17/2015 12:00:00 AM,42202,19178,23024
3/23/2015 12:00:00 AM,4/18/2015 12:00:00 AM,45808,21798,24010
3/23/2015 12:00:00 AM,4/19/2015 12:00:00 AM,45048,21595,23453
3/23/2015 12:00:00 AM,4/20/2015 12:00:00 AM,45834,21447,24387
3/23/2015 12:00:00 AM,4/21/2015 12:00:00 AM,40396,16954,23442
3/23/2015 12:00:00 AM,4/22/2015 12:00:00 AM,39424,16235,23189
3/23/2015 12:00:00 AM,4/23/2015 12:00:00 AM,39768,16603,23165
3/23/2015 12:00:00 AM,4/24/2015 12:00:00 AM,39961,16499,23462
3/23/2015 12:00:00 AM,4/25/2015 12:00:00 AM,42007,17692,24315
3/23/2015 12:00:00 AM,4/26/2015 12:00:00 AM,41582,17642,23940
3/23/2015 12:00:00 AM,4/27/2015 12:00:00 AM,39206,15945,23261
3/23/2015 12:00:00 AM,4/28/2015 12:00:00 AM,37623,15007,22616
3/23/2015 12:00:00 AM,4/29/2015 12:00:00 AM,35578,14416,21162
3/23/2015 12:00:00 AM,4/30/2015 12:00:00 AM,36760,14856,21904
3/23/2015 12:00:00 AM,5/1/2015 12:00:00 AM,35294,14132,21162
3/23/2015 12:00:00 AM,5/2/2015 12:00:00 AM,37118,16761,20357
3/23/2015 12:00:00 AM,5/3/2015 12:00:00 AM,36980,15613,21367
3/23/2015 12:00:00 AM,5/4/2015 12:00:00 AM,37515,17250,20265
3/23/2015 12:00:00 AM,5/5/2015 12:00:00 AM,32699,15011,17688
3/23/2015 12:00:00 AM,5/6/2015 12:00:00 AM,33985,15011,18974
3/23/2015 12:00:00 AM,5/7/2015 12:00:00 AM,31235,14832,16403
3/23/2015 12:00:00 AM,5/8/2015 12:00:00 AM,32475,15511,16964
3/23/2015 12:00:00 AM,5/9/2015 12:00:00 AM,33308,16588,16720
3/23/2015 12:00:00 AM,5/10/2015 12:00:00 AM,32092,16739,15353
3/23/2015 12:00:00 AM,5/11/2015 12:00:00 AM,33261,15505,17756
3/23/2015 12:00:00 AM,5/12/2015 12:00:00 AM,30474,13775,16699
3/23/2015 12:00:00 AM,5/13/2015 12:00:00 AM,29874,13461,16413
3/23/2015 12:00:00 AM,5/14/2015 12:00:00 AM,30241,13181,17060
3/23/2015 12:00:00 AM,5/15/2015 12:00:00 AM,28379,13181,15198
3/23/2015 12:00:00 AM,5/16/2015 12:00:00 AM,30750,14452,16298
3/23/2015 12:00:00 AM,5/17/2015 12:00:00 AM,27472,12385,15087
3/23/2015 12:00:00 AM,5/18/2015 12:00:00 AM,25943,13291,12652
3/23/2015 12:00:00 AM,5/19/2015 12:00:00 AM,22956,10340,12616
3/23/2015 12:00:00 AM,5/20/2015 12:00:00 AM,21930,10248,11682
3/23/2015 12:00:00 AM,5/21/2015 12:00:00 AM,20677,9829,10848
3/23/2015 12:00:00 AM,5/22/2015 12:00:00 AM,19505,9774,9731
3/23/2015 12:00:00 AM,5/23/2015 12:00:00 AM,20174,11360,8814
3/23/2015 12:00:00 AM,5/24/2015 12:00:00 AM,18374,10259,8115
3/23/2015 12:00:00 AM,5/25/2015 12:00:00 AM,16252,8570,7682
3/23/2015 12:00:00 AM,5/26/2015 12:00:00 AM,14583,6836,7747
3/23/2015 12:00:00 AM,5/27/2015 12:00:00 AM,13957,6833,7124
3/23/2015 12:00:00 AM,5/28/2015 12:00:00 AM,12987,6553,6434
3/23/2015 12:00:00 AM,5/29/2015 12:00:00 AM,13123,6523,6600
3/23/2015 12:00:00 AM,5/30/2015 12:00:00 AM,14301,7928,6373
3/23/2015 12:00:00 AM,5/31/2015 12:00:00 AM,12571,7709,4862
3/23/2015 12:00:00 AM,6/1/2015 12:00:00 AM,7643,5704,1939
3/23/2015 12:00:00 AM,6/2/2015 12:00:00 AM,4200,2475,1725
3/23/2015 12:00:00 AM,6/3/2015 12:00:00 AM,4613,2775,1838
3/23/2015 12:00:00 AM,6/4/2015 12:00:00 AM,4170,2475,1695
3/23/2015 12:00:00 AM,6/5/2015 12:00:00 AM,3858,2475,1383
3/23/2015 12:00:00 AM,6/6/2015 12:00:00 AM,2920,2375,545
3/23/2015 12:00:00 AM,6/7/2015 12:00:00 AM,2849,2375,474
3/23/2015 12:00:00 AM,6/8/2015 12:00:00 AM,2588,2075,513
3/23/2015 12:00:00 AM,6/9/2015 12:00:00 AM,710,170,540
3/23/2015 12:00:00 AM,6/10/2015 12:00:00 AM,710,170,540
3/23/2015 12:00:00 AM,6/11/2015 12:00:00 AM,683,170,513
3/23/2015 12:00:00 AM,6/12/2015 12:00:00 AM,683,170,513
3/23/2015 12:00:00 AM,6/13/2015 12:00:00 AM,532,19,513
3/23/2015 12:00:00 AM,6/14/2015 12:00:00 AM,647,170,477
3/23/2015 12:00:00 AM,6/15/2015 12:00:00 AM,126,19,107
3/23/2015 12:00:00 AM,6/16/2015 12:00:00 AM,126,19,107
3/23/2015 12:00:00 AM,6/17/2015 12:00:00 AM,126,19,107
3/23/2015 12:00:00 AM,6/18/2015 12:00:00 AM,126,19,107
3/23/2015 12:00:00 AM,6/19/2015 12:00:00 AM,126,19,107
3/23/2015 12:00:00 AM,6/20/2015 12:00:00 AM,87,19,68
3/23/2015 12:00:00 AM,6/21/2015 12:00:00 AM,87,19,68
3/23/2015 12:00:00 AM,6/22/2015 12:00:00 AM,87,19,68
3/22/2015 12:00:00 AM,3/23/2015 12:00:00 AM,29422,12926,16496
3/22/2015 12:00:00 AM,3/24/2015 12:00:00 AM,27716,12245,15471
3/22/2015 12:00:00 AM,3/25/2015 12:00:00 AM,29796,13298,16498
3/22/2015 12:00:00 AM,3/26/2015 12:00:00 AM,28712,13148,15564
3/22/2015 12:00:00 AM,3/27/2015 12:00:00 AM,29229,12987,16242
3/22/2015 12:00:00 AM,3/28/2015 12:00:00 AM,33584,14565,19019
3/22/2015 12:00:00 AM,3/29/2015 12:00:00 AM,31683,13487,18196
3/22/2015 12:00:00 AM,3/30/2015 12:00:00 AM,30167,14432,15735
3/22/2015 12:00:00 AM,3/31/2015 12:00:00 AM,28741,13289,15452
3/22/2015 12:00:00 AM,4/1/2015 12:00:00 AM,29834,13966,15868
3/22/2015 12:00:00 AM,4/2/2015 12:00:00 AM,29147,13523,15624
3/22/2015 12:00:00 AM,4/3/2015 12:00:00 AM,28795,13523,15272
3/22/2015 12:00:00 AM,4/4/2015 12:00:00 AM,31486,14551,16935
3/22/2015 12:00:00 AM,4/5/2015 12:00:00 AM,31597,14618,16979
3/22/2015 12:00:00 AM,4/6/2015 12:00:00 AM,32625,14990,17635
3/22/2015 12:00:00 AM,4/7/2015 12:00:00 AM,33438,15240,18198
3/22/2015 12:00:00 AM,4/8/2015 12:00:00 AM,31650,14839,16811
3/22/2015 12:00:00 AM,4/9/2015 12:00:00 AM,32610,15799,16811
3/22/2015 12:00:00 AM,4/10/2015 12:00:00 AM,32990,16110,16880
3/22/2015 12:00:00 AM,4/11/2015 12:00:00 AM,40955,19162,21793
3/22/2015 12:00:00 AM,4/12/2015 12:00:00 AM,41758,19342,22416
3/22/2015 12:00:00 AM,4/13/2015 12:00:00 AM,43387,19725,23662
3/22/2015 12:00:00 AM,4/14/2015 12:00:00 AM,42360,19619,22741
3/22/2015 12:00:00 AM,4/15/2015 12:00:00 AM,42003,19330,22673
3/22/2015 12:00:00 AM,4/16/2015 12:00:00 AM,42074,19279,22795
3/22/2015 12:00:00 AM,4/17/2015 12:00:00 AM,42202,19178,23024
3/22/2015 12:00:00 AM,4/18/2015 12:00:00 AM,45808,21798,24010
3/22/2015 12:00:00 AM,4/19/2015 12:00:00 AM,45048,21595,23453
3/22/2015 12:00:00 AM,4/20/2015 12:00:00 AM,45834,21447,24387
3/22/2015 12:00:00 AM,4/21/2015 12:00:00 AM,40396,16954,23442
3/22/2015 12:00:00 AM,4/22/2015 12:00:00 AM,39424,16235,23189
3/22/2015 12:00:00 AM,4/23/2015 12:00:00 AM,39768,16603,23165
3/22/2015 12:00:00 AM,4/24/2015 12:00:00 AM,39961,16499,23462
3/22/2015 12:00:00 AM,4/25/2015 12:00:00 AM,42007,17692,24315
3/22/2015 12:00:00 AM,4/26/2015 12:00:00 AM,41582,17642,23940
3/22/2015 12:00:00 AM,4/27/2015 12:00:00 AM,39206,15945,23261
3/22/2015 12:00:00 AM,4/28/2015 12:00:00 AM,37623,15007,22616
3/22/2015 12:00:00 AM,4/29/2015 12:00:00 AM,35578,14416,21162
3/22/2015 12:00:00 AM,4/30/2015 12:00:00 AM,36760,14856,21904
3/22/2015 12:00:00 AM,5/1/2015 12:00:00 AM,35294,14132,21162
3/22/2015 12:00:00 AM,5/2/2015 12:00:00 AM,37118,16761,20357
3/22/2015 12:00:00 AM,5/3/2015 12:00:00 AM,36980,15613,21367
3/22/2015 12:00:00 AM,5/4/2015 12:00:00 AM,37515,17250,20265
3/22/2015 12:00:00 AM,5/5/2015 12:00:00 AM,32699,15011,17688
3/22/2015 12:00:00 AM,5/6/2015 12:00:00 AM,33985,15011,18974
3/22/2015 12:00:00 AM,5/7/2015 12:00:00 AM,31235,14832,16403
3/22/2015 12:00:00 AM,5/8/2015 12:00:00 AM,32475,15511,16964
3/22/2015 12:00:00 AM,5/9/2015 12:00:00 AM,33308,16588,16720
3/22/2015 12:00:00 AM,5/10/2015 12:00:00 AM,32092,16739,15353
3/22/2015 12:00:00 AM,5/11/2015 12:00:00 AM,33261,15505,17756
3/22/2015 12:00:00 AM,5/12/2015 12:00:00 AM,30474,13775,16699
3/22/2015 12:00:00 AM,5/13/2015 12:00:00 AM,29874,13461,16413
3/22/2015 12:00:00 AM,5/14/2015 12:00:00 AM,30241,13181,17060
3/22/2015 12:00:00 AM,5/15/2015 12:00:00 AM,28379,13181,15198
3/22/2015 12:00:00 AM,5/16/2015 12:00:00 AM,30750,14452,16298
3/22/2015 12:00:00 AM,5/17/2015 12:00:00 AM,27472,12385,15087
3/22/2015 12:00:00 AM,5/18/2015 12:00:00 AM,25943,13291,12652
3/22/2015 12:00:00 AM,5/19/2015 12:00:00 AM,22956,10340,12616
3/22/2015 12:00:00 AM,5/20/2015 12:00:00 AM,21930,10248,11682
3/22/2015 12:00:00 AM,5/21/2015 12:00:00 AM,20677,9829,10848
3/22/2015 12:00:00 AM,5/22/2015 12:00:00 AM,19505,9774,9731
3/22/2015 12:00:00 AM,5/23/2015 12:00:00 AM,20174,11360,8814
3/22/2015 12:00:00 AM,5/24/2015 12:00:00 AM,18374,10259,8115
3/22/2015 12:00:00 AM,5/25/2015 12:00:00 AM,16252,8570,7682
3/22/2015 12:00:00 AM,5/26/2015 12:00:00 AM,14583,6836,7747
3/22/2015 12:00:00 AM,5/27/2015 12:00:00 AM,13957,6833,7124
3/22/2015 12:00:00 AM,5/28/2015 12:00:00 AM,12987,6553,6434
3/22/2015 12:00:00 AM,5/29/2015 12:00:00 AM,13123,6523,6600
3/22/2015 12:00:00 AM,5/30/2015 12:00:00 AM,14301,7928,6373
3/22/2015 12:00:00 AM,5/31/2015 12:00:00 AM,12571,7709,4862
3/22/2015 12:00:00 AM,6/1/2015 12:00:00 AM,7643,5704,1939
3/22/2015 12:00:00 AM,6/2/2015 12:00:00 AM,4200,2475,1725
3/22/2015 12:00:00 AM,6/3/2015 12:00:00 AM,4613,2775,1838
3/22/2015 12:00:00 AM,6/4/2015 12:00:00 AM,4170,2475,1695
3/22/2015 12:00:00 AM,6/5/2015 12:00:00 AM,3858,2475,1383
3/22/2015 12:00:00 AM,6/6/2015 12:00:00 AM,2920,2375,545
3/22/2015 12:00:00 AM,6/7/2015 12:00:00 AM,2849,2375,474
3/22/2015 12:00:00 AM,6/8/2015 12:00:00 AM,2588,2075,513
3/22/2015 12:00:00 AM,6/9/2015 12:00:00 AM,710,170,540
3/22/2015 12:00:00 AM,6/10/2015 12:00:00 AM,710,170,540
3/22/2015 12:00:00 AM,6/11/2015 12:00:00 AM,683,170,513
3/22/2015 12:00:00 AM,6/12/2015 12:00:00 AM,683,170,513
3/22/2015 12:00:00 AM,6/13/2015 12:00:00 AM,532,19,513
3/22/2015 12:00:00 AM,6/14/2015 12:00:00 AM,647,170,477
3/22/2015 12:00:00 AM,6/15/2015 12:00:00 AM,126,19,107
3/22/2015 12:00:00 AM,6/16/2015 12:00:00 AM,126,19,107
3/22/2015 12:00:00 AM,6/17/2015 12:00:00 AM,126,19,107
3/22/2015 12:00:00 AM,6/18/2015 12:00:00 AM,126,19,107
3/22/2015 12:00:00 AM,6/19/2015 12:00:00 AM,126,19,107
3/22/2015 12:00:00 AM,6/20/2015 12:00:00 AM,87,19,68
3/22/2015 12:00:00 AM,6/21/2015 12:00:00 AM,87,19,68
3/21/2015 12:00:00 AM,3/22/2015 12:00:00 AM,27986,12805,15181
3/21/2015 12:00:00 AM,3/23/2015 12:00:00 AM,29422,12926,16496
3/21/2015 12:00:00 AM,3/24/2015 12:00:00 AM,27716,12245,15471
3/21/2015 12:00:00 AM,3/25/2015 12:00:00 AM,29796,13298,16498
3/21/2015 12:00:00 AM,3/26/2015 12:00:00 AM,28712,13148,15564
3/21/2015 12:00:00 AM,3/27/2015 12:00:00 AM,29229,12987,16242
3/21/2015 12:00:00 AM,3/28/2015 12:00:00 AM,33584,14565,19019
3/21/2015 12:00:00 AM,3/29/2015 12:00:00 AM,31683,13487,18196
3/21/2015 12:00:00 AM,3/30/2015 12:00:00 AM,30167,14432,15735
3/21/2015 12:00:00 AM,3/31/2015 12:00:00 AM,28741,13289,15452
3/21/2015 12:00:00 AM,4/1/2015 12:00:00 AM,29834,13966,15868
3/21/2015 12:00:00 AM,4/2/2015 12:00:00 AM,29147,13523,15624
3/21/2015 12:00:00 AM,4/3/2015 12:00:00 AM,28795,13523,15272
3/21/2015 12:00:00 AM,4/4/2015 12:00:00 AM,31486,14551,16935
3/21/2015 12:00:00 AM,4/5/2015 12:00:00 AM,31597,14618,16979
3/21/2015 12:00:00 AM,4/6/2015 12:00:00 AM,32625,14990,17635
3/21/2015 12:00:00 AM,4/7/2015 12:00:00 AM,33438,15240,18198
3/21/2015 12:00:00 AM,4/8/2015 12:00:00 AM,31650,14839,16811
3/21/2015 12:00:00 AM,4/9/2015 12:00:00 AM,32610,15799,16811
3/21/2015 12:00:00 AM,4/10/2015 12:00:00 AM,32990,16110,16880
3/21/2015 12:00:00 AM,4/11/2015 12:00:00 AM,40955,19162,21793
3/21/2015 12:00:00 AM,4/12/2015 12:00:00 AM,41758,19342,22416
3/21/2015 12:00:00 AM,4/13/2015 12:00:00 AM,43387,19725,23662
3/21/2015 12:00:00 AM,4/14/2015 12:00:00 AM,42360,19619,22741
3/21/2015 12:00:00 AM,4/15/2015 12:00:00 AM,42003,19330,22673
3/21/2015 12:00:00 AM,4/16/2015 12:00:00 AM,42074,19279,22795
3/21/2015 12:00:00 AM,4/17/2015 12:00:00 AM,42202,19178,23024
3/21/2015 12:00:00 AM,4/18/2015 12:00:00 AM,45808,21798,24010
3/21/2015 12:00:00 AM,4/19/2015 12:00:00 AM,45048,21595,23453
3/21/2015 12:00:00 AM,4/20/2015 12:00:00 AM,45834,21447,24387
3/21/2015 12:00:00 AM,4/21/2015 12:00:00 AM,40396,16954,23442
3/21/2015 12:00:00 AM,4/22/2015 12:00:00 AM,39424,16235,23189
3/21/2015 12:00:00 AM,4/23/2015 12:00:00 AM,39768,16603,23165
3/21/2015 12:00:00 AM,4/24/2015 12:00:00 AM,39961,16499,23462
3/21/2015 12:00:00 AM,4/25/2015 12:00:00 AM,42007,17692,24315
3/21/2015 12:00:00 AM,4/26/2015 12:00:00 AM,41582,17642,23940
3/21/2015 12:00:00 AM,4/27/2015 12:00:00 AM,39206,15945,23261
3/21/2015 12:00:00 AM,4/28/2015 12:00:00 AM,37623,15007,22616
3/21/2015 12:00:00 AM,4/29/2015 12:00:00 AM,35578,14416,21162
3/21/2015 12:00:00 AM,4/30/2015 12:00:00 AM,36760,14856,21904
3/21/2015 12:00:00 AM,5/1/2015 12:00:00 AM,35294,14132,21162
3/21/2015 12:00:00 AM,5/2/2015 12:00:00 AM,37118,16761,20357
3/21/2015 12:00:00 AM,5/3/2015 12:00:00 AM,36980,15613,21367
3/21/2015 12:00:00 AM,5/4/2015 12:00:00 AM,37515,17250,20265
3/21/2015 12:00:00 AM,5/5/2015 12:00:00 AM,32699,15011,17688
3/21/2015 12:00:00 AM,5/6/2015 12:00:00 AM,33985,15011,18974
3/21/2015 12:00:00 AM,5/7/2015 12:00:00 AM,31235,14832,16403
3/21/2015 12:00:00 AM,5/8/2015 12:00:00 AM,32475,15511,16964
3/21/2015 12:00:00 AM,5/9/2015 12:00:00 AM,33308,16588,16720
3/21/2015 12:00:00 AM,5/10/2015 12:00:00 AM,32092,16739,15353
3/21/2015 12:00:00 AM,5/11/2015 12:00:00 AM,33261,15505,17756
3/21/2015 12:00:00 AM,5/12/2015 12:00:00 AM,30474,13775,16699
3/21/2015 12:00:00 AM,5/13/2015 12:00:00 AM,29874,13461,16413
3/21/2015 12:00:00 AM,5/14/2015 12:00:00 AM,30241,13181,17060
3/21/2015 12:00:00 AM,5/15/2015 12:00:00 AM,28379,13181,15198
3/21/2015 12:00:00 AM,5/16/2015 12:00:00 AM,30750,14452,16298
3/21/2015 12:00:00 AM,5/17/2015 12:00:00 AM,27472,12385,15087
3/21/2015 12:00:00 AM,5/18/2015 12:00:00 AM,25943,13291,12652
3/21/2015 12:00:00 AM,5/19/2015 12:00:00 AM,22956,10340,12616
3/21/2015 12:00:00 AM,5/20/2015 12:00:00 AM,21930,10248,11682
3/21/2015 12:00:00 AM,5/21/2015 12:00:00 AM,20677,9829,10848
3/21/2015 12:00:00 AM,5/22/2015 12:00:00 AM,19505,9774,9731
3/21/2015 12:00:00 AM,5/23/2015 12:00:00 AM,20174,11360,8814
3/21/2015 12:00:00 AM,5/24/2015 12:00:00 AM,18374,10259,8115
3/21/2015 12:00:00 AM,5/25/2015 12:00:00 AM,16252,8570,7682
3/21/2015 12:00:00 AM,5/26/2015 12:00:00 AM,14583,6836,7747
3/21/2015 12:00:00 AM,5/27/2015 12:00:00 AM,13957,6833,7124
3/21/2015 12:00:00 AM,5/28/2015 12:00:00 AM,12987,6553,6434
3/21/2015 12:00:00 AM,5/29/2015 12:00:00 AM,13123,6523,6600
3/21/2015 12:00:00 AM,5/30/2015 12:00:00 AM,14301,7928,6373
3/21/2015 12:00:00 AM,5/31/2015 12:00:00 AM,12571,7709,4862
3/21/2015 12:00:00 AM,6/1/2015 12:00:00 AM,7643,5704,1939
3/21/2015 12:00:00 AM,6/2/2015 12:00:00 AM,4200,2475,1725
3/21/2015 12:00:00 AM,6/3/2015 12:00:00 AM,4613,2775,1838
3/21/2015 12:00:00 AM,6/4/2015 12:00:00 AM,4170,2475,1695
3/21/2015 12:00:00 AM,6/5/2015 12:00:00 AM,3858,2475,1383
3/21/2015 12:00:00 AM,6/6/2015 12:00:00 AM,2920,2375,545
3/21/2015 12:00:00 AM,6/7/2015 12:00:00 AM,2849,2375,474
3/21/2015 12:00:00 AM,6/8/2015 12:00:00 AM,2588,2075,513
3/21/2015 12:00:00 AM,6/9/2015 12:00:00 AM,710,170,540
3/21/2015 12:00:00 AM,6/10/2015 12:00:00 AM,710,170,540
3/21/2015 12:00:00 AM,6/11/2015 12:00:00 AM,683,170,513
3/21/2015 12:00:00 AM,6/12/2015 12:00:00 AM,683,170,513
3/21/2015 12:00:00 AM,6/13/2015 12:00:00 AM,532,19,513
3/21/2015 12:00:00 AM,6/14/2015 12:00:00 AM,647,170,477
3/21/2015 12:00:00 AM,6/15/2015 12:00:00 AM,126,19,107
3/21/2015 12:00:00 AM,6/16/2015 12:00:00 AM,126,19,107
3/21/2015 12:00:00 AM,6/17/2015 12:00:00 AM,126,19,107
3/21/2015 12:00:00 AM,6/18/2015 12:00:00 AM,126,19,107
3/21/2015 12:00:00 AM,6/19/2015 12:00:00 AM,126,19,107
3/21/2015 12:00:00 AM,6/20/2015 12:00:00 AM,87,19,68
3/20/2015 12:00:00 AM,3/21/2015 12:00:00 AM,27398,12226,15172
3/20/2015 12:00:00 AM,3/22/2015 12:00:00 AM,27986,12805,15181
3/20/2015 12:00:00 AM,3/23/2015 12:00:00 AM,29422,12926,16496
3/20/2015 12:00:00 AM,3/24/2015 12:00:00 AM,27590,12245,15345
3/20/2015 12:00:00 AM,3/25/2015 12:00:00 AM,29670,13298,16372
3/20/2015 12:00:00 AM,3/26/2015 12:00:00 AM,28712,13148,15564
3/20/2015 12:00:00 AM,3/27/2015 12:00:00 AM,29229,12987,16242
3/20/2015 12:00:00 AM,3/28/2015 12:00:00 AM,33584,14565,19019
3/20/2015 12:00:00 AM,3/29/2015 12:00:00 AM,31683,13487,18196
3/20/2015 12:00:00 AM,3/30/2015 12:00:00 AM,30167,14432,15735
3/20/2015 12:00:00 AM,3/31/2015 12:00:00 AM,28511,13059,15452
3/20/2015 12:00:00 AM,4/1/2015 12:00:00 AM,29604,13736,15868
3/20/2015 12:00:00 AM,4/2/2015 12:00:00 AM,28917,13293,15624
3/20/2015 12:00:00 AM,4/3/2015 12:00:00 AM,29208,13293,15915
3/20/2015 12:00:00 AM,4/4/2015 12:00:00 AM,31899,14321,17578
3/20/2015 12:00:00 AM,4/5/2015 12:00:00 AM,32010,14388,17622
3/20/2015 12:00:00 AM,4/6/2015 12:00:00 AM,33038,14760,18278
3/20/2015 12:00:00 AM,4/7/2015 12:00:00 AM,33851,15010,18841
3/20/2015 12:00:00 AM,4/8/2015 12:00:00 AM,32063,14609,17454
3/20/2015 12:00:00 AM,4/9/2015 12:00:00 AM,33023,15569,17454
3/20/2015 12:00:00 AM,4/10/2015 12:00:00 AM,33403,15880,17523
3/20/2015 12:00:00 AM,4/11/2015 12:00:00 AM,41598,19162,22436
3/20/2015 12:00:00 AM,4/12/2015 12:00:00 AM,42401,19342,23059
3/20/2015 12:00:00 AM,4/13/2015 12:00:00 AM,44030,19725,24305
3/20/2015 12:00:00 AM,4/14/2015 12:00:00 AM,42360,19619,22741
3/20/2015 12:00:00 AM,4/15/2015 12:00:00 AM,42003,19330,22673
3/20/2015 12:00:00 AM,4/16/2015 12:00:00 AM,42074,19279,22795
3/20/2015 12:00:00 AM,4/17/2015 12:00:00 AM,41559,19178,22381
3/20/2015 12:00:00 AM,4/18/2015 12:00:00 AM,45165,21798,23367
3/20/2015 12:00:00 AM,4/19/2015 12:00:00 AM,44405,21595,22810
3/20/2015 12:00:00 AM,4/20/2015 12:00:00 AM,44990,21246,23744
3/20/2015 12:00:00 AM,4/21/2015 12:00:00 AM,39552,16753,22799
3/20/2015 12:00:00 AM,4/22/2015 12:00:00 AM,38781,16235,22546
3/20/2015 12:00:00 AM,4/23/2015 12:00:00 AM,39125,16603,22522
3/20/2015 12:00:00 AM,4/24/2015 12:00:00 AM,39318,16499,22819
3/20/2015 12:00:00 AM,4/25/2015 12:00:00 AM,41364,17692,23672
3/20/2015 12:00:00 AM,4/26/2015 12:00:00 AM,40939,17642,23297
3/20/2015 12:00:00 AM,4/27/2015 12:00:00 AM,38563,15945,22618
3/20/2015 12:00:00 AM,4/28/2015 12:00:00 AM,37623,15007,22616
3/20/2015 12:00:00 AM,4/29/2015 12:00:00 AM,35578,14416,21162
3/20/2015 12:00:00 AM,4/30/2015 12:00:00 AM,36760,14856,21904
3/20/2015 12:00:00 AM,5/1/2015 12:00:00 AM,35294,14132,21162
3/20/2015 12:00:00 AM,5/2/2015 12:00:00 AM,37118,16761,20357
3/20/2015 12:00:00 AM,5/3/2015 12:00:00 AM,36980,15613,21367
3/20/2015 12:00:00 AM,5/4/2015 12:00:00 AM,37515,17250,20265
3/20/2015 12:00:00 AM,5/5/2015 12:00:00 AM,32699,15011,17688
3/20/2015 12:00:00 AM,5/6/2015 12:00:00 AM,33985,15011,18974
3/20/2015 12:00:00 AM,5/7/2015 12:00:00 AM,31235,14832,16403
3/20/2015 12:00:00 AM,5/8/2015 12:00:00 AM,32475,15511,16964
3/20/2015 12:00:00 AM,5/9/2015 12:00:00 AM,33308,16588,16720
3/20/2015 12:00:00 AM,5/10/2015 12:00:00 AM,32092,16739,15353
3/20/2015 12:00:00 AM,5/11/2015 12:00:00 AM,33241,15505,17736
3/20/2015 12:00:00 AM,5/12/2015 12:00:00 AM,30454,13775,16679
3/20/2015 12:00:00 AM,5/13/2015 12:00:00 AM,29854,13461,16393
3/20/2015 12:00:00 AM,5/14/2015 12:00:00 AM,30221,13181,17040
3/20/2015 12:00:00 AM,5/15/2015 12:00:00 AM,28359,13181,15178
3/20/2015 12:00:00 AM,5/16/2015 12:00:00 AM,30730,14452,16278
3/20/2015 12:00:00 AM,5/17/2015 12:00:00 AM,27472,12385,15087
3/20/2015 12:00:00 AM,5/18/2015 12:00:00 AM,25923,13291,12632
3/20/2015 12:00:00 AM,5/19/2015 12:00:00 AM,22956,10340,12616
3/20/2015 12:00:00 AM,5/20/2015 12:00:00 AM,21930,10248,11682
3/20/2015 12:00:00 AM,5/21/2015 12:00:00 AM,20677,9829,10848
3/20/2015 12:00:00 AM,5/22/2015 12:00:00 AM,19505,9774,9731
3/20/2015 12:00:00 AM,5/23/2015 12:00:00 AM,20174,11360,8814
3/20/2015 12:00:00 AM,5/24/2015 12:00:00 AM,18374,10259,8115
3/20/2015 12:00:00 AM,5/25/2015 12:00:00 AM,16252,8570,7682
3/20/2015 12:00:00 AM,5/26/2015 12:00:00 AM,14393,6836,7557
3/20/2015 12:00:00 AM,5/27/2015 12:00:00 AM,13669,6735,6934
3/20/2015 12:00:00 AM,5/28/2015 12:00:00 AM,12699,6455,6244
3/20/2015 12:00:00 AM,5/29/2015 12:00:00 AM,12835,6425,6410
3/20/2015 12:00:00 AM,5/30/2015 12:00:00 AM,14013,7830,6183
3/20/2015 12:00:00 AM,5/31/2015 12:00:00 AM,12283,7611,4672
3/20/2015 12:00:00 AM,6/1/2015 12:00:00 AM,7403,5654,1749
3/20/2015 12:00:00 AM,6/2/2015 12:00:00 AM,4150,2425,1725
3/20/2015 12:00:00 AM,6/3/2015 12:00:00 AM,4563,2725,1838
3/20/2015 12:00:00 AM,6/4/2015 12:00:00 AM,4120,2425,1695
3/20/2015 12:00:00 AM,6/5/2015 12:00:00 AM,3808,2425,1383
3/20/2015 12:00:00 AM,6/6/2015 12:00:00 AM,2920,2375,545
3/20/2015 12:00:00 AM,6/7/2015 12:00:00 AM,2849,2375,474
3/20/2015 12:00:00 AM,6/8/2015 12:00:00 AM,2588,2075,513
3/20/2015 12:00:00 AM,6/9/2015 12:00:00 AM,710,170,540
3/20/2015 12:00:00 AM,6/10/2015 12:00:00 AM,710,170,540
3/20/2015 12:00:00 AM,6/11/2015 12:00:00 AM,683,170,513
3/20/2015 12:00:00 AM,6/12/2015 12:00:00 AM,683,170,513
3/20/2015 12:00:00 AM,6/13/2015 12:00:00 AM,532,19,513
3/20/2015 12:00:00 AM,6/14/2015 12:00:00 AM,647,170,477
3/20/2015 12:00:00 AM,6/15/2015 12:00:00 AM,126,19,107
3/20/2015 12:00:00 AM,6/16/2015 12:00:00 AM,126,19,107
3/20/2015 12:00:00 AM,6/17/2015 12:00:00 AM,126,19,107
3/20/2015 12:00:00 AM,6/18/2015 12:00:00 AM,126,19,107
3/20/2015 12:00:00 AM,6/19/2015 12:00:00 AM,126,19,107
3/19/2015 12:00:00 AM,3/20/2015 12:00:00 AM,26520,12359,14161
3/19/2015 12:00:00 AM,3/21/2015 12:00:00 AM,27278,12226,15052
3/19/2015 12:00:00 AM,3/22/2015 12:00:00 AM,26949,12805,14144
3/19/2015 12:00:00 AM,3/23/2015 12:00:00 AM,28621,12245,16376
3/19/2015 12:00:00 AM,3/24/2015 12:00:00 AM,26825,12245,14580
3/19/2015 12:00:00 AM,3/25/2015 12:00:00 AM,28468,13298,15170
3/19/2015 12:00:00 AM,3/26/2015 12:00:00 AM,27947,13148,14799
3/19/2015 12:00:00 AM,3/27/2015 12:00:00 AM,29229,12987,16242
3/19/2015 12:00:00 AM,3/28/2015 12:00:00 AM,32925,14716,18209
3/19/2015 12:00:00 AM,3/29/2015 12:00:00 AM,31834,13638,18196
3/19/2015 12:00:00 AM,3/30/2015 12:00:00 AM,30318,14583,15735
3/19/2015 12:00:00 AM,3/31/2015 12:00:00 AM,28617,13210,15407
3/19/2015 12:00:00 AM,4/1/2015 12:00:00 AM,29710,13887,15823
3/19/2015 12:00:00 AM,4/2/2015 12:00:00 AM,29023,13444,15579
3/19/2015 12:00:00 AM,4/3/2015 12:00:00 AM,29163,13293,15870
3/19/2015 12:00:00 AM,4/4/2015 12:00:00 AM,31782,14321,17461
3/19/2015 12:00:00 AM,4/5/2015 12:00:00 AM,31893,14388,17505
3/19/2015 12:00:00 AM,4/6/2015 12:00:00 AM,32921,14760,18161
3/19/2015 12:00:00 AM,4/7/2015 12:00:00 AM,33779,15010,18769
3/19/2015 12:00:00 AM,4/8/2015 12:00:00 AM,31991,14609,17382
3/19/2015 12:00:00 AM,4/9/2015 12:00:00 AM,32951,15569,17382
3/19/2015 12:00:00 AM,4/10/2015 12:00:00 AM,33331,15880,17451
3/19/2015 12:00:00 AM,4/11/2015 12:00:00 AM,41749,19313,22436
3/19/2015 12:00:00 AM,4/12/2015 12:00:00 AM,42552,19493,23059
3/19/2015 12:00:00 AM,4/13/2015 12:00:00 AM,44181,19876,24305
3/19/2015 12:00:00 AM,4/14/2015 12:00:00 AM,42466,19770,22696
3/19/2015 12:00:00 AM,4/15/2015 12:00:00 AM,42109,19481,22628
3/19/2015 12:00:00 AM,4/16/2015 12:00:00 AM,42180,19430,22750
3/19/2015 12:00:00 AM,4/17/2015 12:00:00 AM,41514,19178,22336
3/19/2015 12:00:00 AM,4/18/2015 12:00:00 AM,45271,21949,23322
3/19/2015 12:00:00 AM,4/19/2015 12:00:00 AM,44426,21746,22680
3/19/2015 12:00:00 AM,4/20/2015 12:00:00 AM,45011,21397,23614
3/19/2015 12:00:00 AM,4/21/2015 12:00:00 AM,39533,16904,22629
3/19/2015 12:00:00 AM,4/22/2015 12:00:00 AM,38762,16386,22376
3/19/2015 12:00:00 AM,4/23/2015 12:00:00 AM,38955,16603,22352
3/19/2015 12:00:00 AM,4/24/2015 12:00:00 AM,39148,16499,22649
3/19/2015 12:00:00 AM,4/25/2015 12:00:00 AM,41194,17692,23502
3/19/2015 12:00:00 AM,4/26/2015 12:00:00 AM,40618,17491,23127
3/19/2015 12:00:00 AM,4/27/2015 12:00:00 AM,38478,15945,22533
3/19/2015 12:00:00 AM,4/28/2015 12:00:00 AM,37387,14856,22531
3/19/2015 12:00:00 AM,4/29/2015 12:00:00 AM,35578,14416,21162
3/19/2015 12:00:00 AM,4/30/2015 12:00:00 AM,36760,14856,21904
3/19/2015 12:00:00 AM,5/1/2015 12:00:00 AM,35294,14132,21162
3/19/2015 12:00:00 AM,5/2/2015 12:00:00 AM,37038,16610,20428
3/19/2015 12:00:00 AM,5/3/2015 12:00:00 AM,36900,15462,21438
3/19/2015 12:00:00 AM,5/4/2015 12:00:00 AM,37435,17099,20336
3/19/2015 12:00:00 AM,5/5/2015 12:00:00 AM,32619,14860,17759
3/19/2015 12:00:00 AM,5/6/2015 12:00:00 AM,33535,14860,18675
3/19/2015 12:00:00 AM,5/7/2015 12:00:00 AM,31155,14681,16474
3/19/2015 12:00:00 AM,5/8/2015 12:00:00 AM,32395,15360,17035
3/19/2015 12:00:00 AM,5/9/2015 12:00:00 AM,33228,16437,16791
3/19/2015 12:00:00 AM,5/10/2015 12:00:00 AM,31861,16437,15424
3/19/2015 12:00:00 AM,5/11/2015 12:00:00 AM,33161,15354,17807
3/19/2015 12:00:00 AM,5/12/2015 12:00:00 AM,30223,13473,16750
3/19/2015 12:00:00 AM,5/13/2015 12:00:00 AM,29626,13310,16316
3/19/2015 12:00:00 AM,5/14/2015 12:00:00 AM,29993,13030,16963
3/19/2015 12:00:00 AM,5/15/2015 12:00:00 AM,28060,13030,15030
3/19/2015 12:00:00 AM,5/16/2015 12:00:00 AM,30431,14301,16130
3/19/2015 12:00:00 AM,5/17/2015 12:00:00 AM,27022,12083,14939
3/19/2015 12:00:00 AM,5/18/2015 12:00:00 AM,25624,13140,12484
3/19/2015 12:00:00 AM,5/19/2015 12:00:00 AM,22657,10189,12468
3/19/2015 12:00:00 AM,5/20/2015 12:00:00 AM,21631,10097,11534
3/19/2015 12:00:00 AM,5/21/2015 12:00:00 AM,20378,9678,10700
3/19/2015 12:00:00 AM,5/22/2015 12:00:00 AM,19206,9623,9583
3/19/2015 12:00:00 AM,5/23/2015 12:00:00 AM,19875,11209,8666
3/19/2015 12:00:00 AM,5/24/2015 12:00:00 AM,17924,9957,7967
3/19/2015 12:00:00 AM,5/25/2015 12:00:00 AM,15882,8419,7463
3/19/2015 12:00:00 AM,5/26/2015 12:00:00 AM,13872,6534,7338
3/19/2015 12:00:00 AM,5/27/2015 12:00:00 AM,13299,6584,6715
3/19/2015 12:00:00 AM,5/28/2015 12:00:00 AM,12329,6304,6025
3/19/2015 12:00:00 AM,5/29/2015 12:00:00 AM,12465,6274,6191
3/19/2015 12:00:00 AM,5/30/2015 12:00:00 AM,13643,7679,5964
3/19/2015 12:00:00 AM,5/31/2015 12:00:00 AM,11762,7309,4453
3/19/2015 12:00:00 AM,6/1/2015 12:00:00 AM,7033,5503,1530
3/19/2015 12:00:00 AM,6/2/2015 12:00:00 AM,3780,2274,1506
3/19/2015 12:00:00 AM,6/3/2015 12:00:00 AM,4193,2574,1619
3/19/2015 12:00:00 AM,6/4/2015 12:00:00 AM,3750,2274,1476
3/19/2015 12:00:00 AM,6/5/2015 12:00:00 AM,3438,2274,1164
3/19/2015 12:00:00 AM,6/6/2015 12:00:00 AM,2550,2224,326
3/19/2015 12:00:00 AM,6/7/2015 12:00:00 AM,2550,2224,326
3/19/2015 12:00:00 AM,6/8/2015 12:00:00 AM,2289,1924,365
3/19/2015 12:00:00 AM,6/9/2015 12:00:00 AM,411,19,392
3/19/2015 12:00:00 AM,6/10/2015 12:00:00 AM,411,19,392
3/19/2015 12:00:00 AM,6/11/2015 12:00:00 AM,384,19,365
3/19/2015 12:00:00 AM,6/12/2015 12:00:00 AM,384,19,365
3/19/2015 12:00:00 AM,6/13/2015 12:00:00 AM,384,19,365
3/19/2015 12:00:00 AM,6/14/2015 12:00:00 AM,348,19,329
3/19/2015 12:00:00 AM,6/15/2015 12:00:00 AM,126,19,107
3/19/2015 12:00:00 AM,6/16/2015 12:00:00 AM,126,19,107
3/19/2015 12:00:00 AM,6/17/2015 12:00:00 AM,126,19,107
3/19/2015 12:00:00 AM,6/18/2015 12:00:00 AM,126,19,107
3/18/2015 12:00:00 AM,3/19/2015 12:00:00 AM,25676,11778,13898
3/18/2015 12:00:00 AM,3/20/2015 12:00:00 AM,26511,12359,14152
3/18/2015 12:00:00 AM,3/21/2015 12:00:00 AM,27420,12377,15043
3/18/2015 12:00:00 AM,3/22/2015 12:00:00 AM,27091,12956,14135
3/18/2015 12:00:00 AM,3/23/2015 12:00:00 AM,28763,12396,16367
3/18/2015 12:00:00 AM,3/24/2015 12:00:00 AM,27093,12396,14697
3/18/2015 12:00:00 AM,3/25/2015 12:00:00 AM,28736,13449,15287
3/18/2015 12:00:00 AM,3/26/2015 12:00:00 AM,28215,13299,14916
3/18/2015 12:00:00 AM,3/27/2015 12:00:00 AM,29346,12987,16359
3/18/2015 12:00:00 AM,3/28/2015 12:00:00 AM,33042,14716,18326
3/18/2015 12:00:00 AM,3/29/2015 12:00:00 AM,31951,13638,18313
3/18/2015 12:00:00 AM,3/30/2015 12:00:00 AM,30318,14583,15735
3/18/2015 12:00:00 AM,3/31/2015 12:00:00 AM,28617,13210,15407
3/18/2015 12:00:00 AM,4/1/2015 12:00:00 AM,29710,13887,15823
3/18/2015 12:00:00 AM,4/2/2015 12:00:00 AM,29023,13444,15579
3/18/2015 12:00:00 AM,4/3/2015 12:00:00 AM,29163,13293,15870
3/18/2015 12:00:00 AM,4/4/2015 12:00:00 AM,31782,14321,17461
3/18/2015 12:00:00 AM,4/5/2015 12:00:00 AM,31893,14388,17505
3/18/2015 12:00:00 AM,4/6/2015 12:00:00 AM,32921,14760,18161
3/18/2015 12:00:00 AM,4/7/2015 12:00:00 AM,33779,15010,18769
3/18/2015 12:00:00 AM,4/8/2015 12:00:00 AM,31991,14609,17382
3/18/2015 12:00:00 AM,4/9/2015 12:00:00 AM,32951,15569,17382
3/18/2015 12:00:00 AM,4/10/2015 12:00:00 AM,33331,15880,17451
3/18/2015 12:00:00 AM,4/11/2015 12:00:00 AM,41749,19313,22436
3/18/2015 12:00:00 AM,4/12/2015 12:00:00 AM,42552,19493,23059
3/18/2015 12:00:00 AM,4/13/2015 12:00:00 AM,44181,19876,24305
3/18/2015 12:00:00 AM,4/14/2015 12:00:00 AM,42466,19770,22696
3/18/2015 12:00:00 AM,4/15/2015 12:00:00 AM,42109,19481,22628
3/18/2015 12:00:00 AM,4/16/2015 12:00:00 AM,42180,19430,22750
3/18/2015 12:00:00 AM,4/17/2015 12:00:00 AM,41514,19178,22336
3/18/2015 12:00:00 AM,4/18/2015 12:00:00 AM,44658,21336,23322
3/18/2015 12:00:00 AM,4/19/2015 12:00:00 AM,43813,21133,22680
3/18/2015 12:00:00 AM,4/20/2015 12:00:00 AM,44398,20784,23614
3/18/2015 12:00:00 AM,4/21/2015 12:00:00 AM,38920,16291,22629
3/18/2015 12:00:00 AM,4/22/2015 12:00:00 AM,38149,15773,22376
3/18/2015 12:00:00 AM,4/23/2015 12:00:00 AM,38493,16141,22352
3/18/2015 12:00:00 AM,4/24/2015 12:00:00 AM,38686,16037,22649
3/18/2015 12:00:00 AM,4/25/2015 12:00:00 AM,40732,17230,23502
3/18/2015 12:00:00 AM,4/26/2015 12:00:00 AM,40310,17183,23127
3/18/2015 12:00:00 AM,4/27/2015 12:00:00 AM,37862,15329,22533
3/18/2015 12:00:00 AM,4/28/2015 12:00:00 AM,36925,14394,22531
3/18/2015 12:00:00 AM,4/29/2015 12:00:00 AM,35116,13954,21162
3/18/2015 12:00:00 AM,4/30/2015 12:00:00 AM,36298,14394,21904
3/18/2015 12:00:00 AM,5/1/2015 12:00:00 AM,34832,13670,21162
3/18/2015 12:00:00 AM,5/2/2015 12:00:00 AM,36576,16148,20428
3/18/2015 12:00:00 AM,5/3/2015 12:00:00 AM,36438,15000,21438
3/18/2015 12:00:00 AM,5/4/2015 12:00:00 AM,36973,16637,20336
3/18/2015 12:00:00 AM,5/5/2015 12:00:00 AM,32157,14398,17759
3/18/2015 12:00:00 AM,5/6/2015 12:00:00 AM,33073,14398,18675
3/18/2015 12:00:00 AM,5/7/2015 12:00:00 AM,30530,14056,16474
3/18/2015 12:00:00 AM,5/8/2015 12:00:00 AM,31770,14735,17035
3/18/2015 12:00:00 AM,5/9/2015 12:00:00 AM,32603,15812,16791
3/18/2015 12:00:00 AM,5/10/2015 12:00:00 AM,31236,15812,15424
3/18/2015 12:00:00 AM,5/11/2015 12:00:00 AM,32796,14989,17807
3/18/2015 12:00:00 AM,5/12/2015 12:00:00 AM,29858,13108,16750
3/18/2015 12:00:00 AM,5/13/2015 12:00:00 AM,29424,13108,16316
3/18/2015 12:00:00 AM,5/14/2015 12:00:00 AM,29791,12828,16963
3/18/2015 12:00:00 AM,5/15/2015 12:00:00 AM,27858,12828,15030
3/18/2015 12:00:00 AM,5/16/2015 12:00:00 AM,30229,14099,16130
3/18/2015 12:00:00 AM,5/17/2015 12:00:00 AM,26820,11881,14939
3/18/2015 12:00:00 AM,5/18/2015 12:00:00 AM,25422,12938,12484
3/18/2015 12:00:00 AM,5/19/2015 12:00:00 AM,22455,9987,12468
3/18/2015 12:00:00 AM,5/20/2015 12:00:00 AM,21429,9895,11534
3/18/2015 12:00:00 AM,5/21/2015 12:00:00 AM,20176,9476,10700
3/18/2015 12:00:00 AM,5/22/2015 12:00:00 AM,19004,9421,9583
3/18/2015 12:00:00 AM,5/23/2015 12:00:00 AM,19673,11007,8666
3/18/2015 12:00:00 AM,5/24/2015 12:00:00 AM,17722,9755,7967
3/18/2015 12:00:00 AM,5/25/2015 12:00:00 AM,15730,8267,7463
3/18/2015 12:00:00 AM,5/26/2015 12:00:00 AM,13922,6584,7338
3/18/2015 12:00:00 AM,5/27/2015 12:00:00 AM,13299,6584,6715
3/18/2015 12:00:00 AM,5/28/2015 12:00:00 AM,12329,6304,6025
3/18/2015 12:00:00 AM,5/29/2015 12:00:00 AM,12465,6274,6191
3/18/2015 12:00:00 AM,5/30/2015 12:00:00 AM,13593,7629,5964
3/18/2015 12:00:00 AM,5/31/2015 12:00:00 AM,11712,7259,4453
3/18/2015 12:00:00 AM,6/1/2015 12:00:00 AM,7083,5553,1530
3/18/2015 12:00:00 AM,6/2/2015 12:00:00 AM,3780,2274,1506
3/18/2015 12:00:00 AM,6/3/2015 12:00:00 AM,4193,2574,1619
3/18/2015 12:00:00 AM,6/4/2015 12:00:00 AM,3750,2274,1476
3/18/2015 12:00:00 AM,6/5/2015 12:00:00 AM,3438,2274,1164
3/18/2015 12:00:00 AM,6/6/2015 12:00:00 AM,2550,2224,326
3/18/2015 12:00:00 AM,6/7/2015 12:00:00 AM,2550,2224,326
3/18/2015 12:00:00 AM,6/8/2015 12:00:00 AM,2289,1924,365
3/18/2015 12:00:00 AM,6/9/2015 12:00:00 AM,411,19,392
3/18/2015 12:00:00 AM,6/10/2015 12:00:00 AM,411,19,392
3/18/2015 12:00:00 AM,6/11/2015 12:00:00 AM,384,19,365
3/18/2015 12:00:00 AM,6/12/2015 12:00:00 AM,384,19,365
3/18/2015 12:00:00 AM,6/13/2015 12:00:00 AM,384,19,365
3/18/2015 12:00:00 AM,6/14/2015 12:00:00 AM,348,19,329
3/18/2015 12:00:00 AM,6/15/2015 12:00:00 AM,126,19,107
3/18/2015 12:00:00 AM,6/16/2015 12:00:00 AM,126,19,107
3/18/2015 12:00:00 AM,6/17/2015 12:00:00 AM,126,19,107
3/17/2015 12:00:00 AM,3/18/2015 12:00:00 AM,26617,11778,14839
3/17/2015 12:00:00 AM,3/19/2015 12:00:00 AM,25676,11778,13898
3/17/2015 12:00:00 AM,3/20/2015 12:00:00 AM,26511,12359,14152
3/17/2015 12:00:00 AM,3/21/2015 12:00:00 AM,27075,11696,15379
3/17/2015 12:00:00 AM,3/22/2015 12:00:00 AM,26746,12275,14471
3/17/2015 12:00:00 AM,3/23/2015 12:00:00 AM,28973,12396,16577
3/17/2015 12:00:00 AM,3/24/2015 12:00:00 AM,27303,12396,14907
3/17/2015 12:00:00 AM,3/25/2015 12:00:00 AM,28946,13449,15497
3/17/2015 12:00:00 AM,3/26/2015 12:00:00 AM,28425,13299,15126
3/17/2015 12:00:00 AM,3/27/2015 12:00:00 AM,29556,12987,16569
3/17/2015 12:00:00 AM,3/28/2015 12:00:00 AM,33252,14716,18536
3/17/2015 12:00:00 AM,3/29/2015 12:00:00 AM,32161,13638,18523
3/17/2015 12:00:00 AM,3/30/2015 12:00:00 AM,30654,14583,16071
3/17/2015 12:00:00 AM,3/31/2015 12:00:00 AM,28953,13210,15743
3/17/2015 12:00:00 AM,4/1/2015 12:00:00 AM,30046,13887,16159
3/17/2015 12:00:00 AM,4/2/2015 12:00:00 AM,29359,13444,15915
3/17/2015 12:00:00 AM,4/3/2015 12:00:00 AM,29447,13293,16154
3/17/2015 12:00:00 AM,4/4/2015 12:00:00 AM,31730,14321,17409
3/17/2015 12:00:00 AM,4/5/2015 12:00:00 AM,31841,14388,17453
3/17/2015 12:00:00 AM,4/6/2015 12:00:00 AM,32869,14760,18109
3/17/2015 12:00:00 AM,4/7/2015 12:00:00 AM,33727,15010,18717
3/17/2015 12:00:00 AM,4/8/2015 12:00:00 AM,31939,14609,17330
3/17/2015 12:00:00 AM,4/9/2015 12:00:00 AM,32899,15569,17330
3/17/2015 12:00:00 AM,4/10/2015 12:00:00 AM,33162,15880,17282
3/17/2015 12:00:00 AM,4/11/2015 12:00:00 AM,41749,19313,22436
3/17/2015 12:00:00 AM,4/12/2015 12:00:00 AM,42216,19493,22723
3/17/2015 12:00:00 AM,4/13/2015 12:00:00 AM,43791,19822,23969
3/17/2015 12:00:00 AM,4/14/2015 12:00:00 AM,42076,19716,22360
3/17/2015 12:00:00 AM,4/15/2015 12:00:00 AM,41719,19427,22292
3/17/2015 12:00:00 AM,4/16/2015 12:00:00 AM,41790,19376,22414
3/17/2015 12:00:00 AM,4/17/2015 12:00:00 AM,41124,19124,22000
3/17/2015 12:00:00 AM,4/18/2015 12:00:00 AM,44268,21282,22986
3/17/2015 12:00:00 AM,4/19/2015 12:00:00 AM,43423,21079,22344
3/17/2015 12:00:00 AM,4/20/2015 12:00:00 AM,44655,21210,23445
3/17/2015 12:00:00 AM,4/21/2015 12:00:00 AM,39177,16717,22460
3/17/2015 12:00:00 AM,4/22/2015 12:00:00 AM,38406,16199,22207
3/17/2015 12:00:00 AM,4/23/2015 12:00:00 AM,38750,16567,22183
3/17/2015 12:00:00 AM,4/24/2015 12:00:00 AM,39279,16463,22816
3/17/2015 12:00:00 AM,4/25/2015 12:00:00 AM,40669,17336,23333
3/17/2015 12:00:00 AM,4/26/2015 12:00:00 AM,40583,17289,23294
3/17/2015 12:00:00 AM,4/27/2015 12:00:00 AM,38311,15392,22919
3/17/2015 12:00:00 AM,4/28/2015 12:00:00 AM,37410,14660,22750
3/17/2015 12:00:00 AM,4/29/2015 12:00:00 AM,35601,14220,21381
3/17/2015 12:00:00 AM,4/30/2015 12:00:00 AM,36783,14660,22123
3/17/2015 12:00:00 AM,5/1/2015 12:00:00 AM,35317,13936,21381
3/17/2015 12:00:00 AM,5/2/2015 12:00:00 AM,36741,16094,20647
3/17/2015 12:00:00 AM,5/3/2015 12:00:00 AM,36603,14946,21657
3/17/2015 12:00:00 AM,5/4/2015 12:00:00 AM,36919,16583,20336
3/17/2015 12:00:00 AM,5/5/2015 12:00:00 AM,32103,14344,17759
3/17/2015 12:00:00 AM,5/6/2015 12:00:00 AM,32837,14344,18493
3/17/2015 12:00:00 AM,5/7/2015 12:00:00 AM,30294,14002,16292
3/17/2015 12:00:00 AM,5/8/2015 12:00:00 AM,31534,14681,16853
3/17/2015 12:00:00 AM,5/9/2015 12:00:00 AM,32421,15812,16609
3/17/2015 12:00:00 AM,5/10/2015 12:00:00 AM,31054,15812,15242
3/17/2015 12:00:00 AM,5/11/2015 12:00:00 AM,32614,14989,17625
3/17/2015 12:00:00 AM,5/12/2015 12:00:00 AM,29676,13108,16568
3/17/2015 12:00:00 AM,5/13/2015 12:00:00 AM,28859,13108,15751
3/17/2015 12:00:00 AM,5/14/2015 12:00:00 AM,29226,12828,16398
3/17/2015 12:00:00 AM,5/15/2015 12:00:00 AM,27293,12828,14465
3/17/2015 12:00:00 AM,5/16/2015 12:00:00 AM,29664,14099,15565
3/17/2015 12:00:00 AM,5/17/2015 12:00:00 AM,26255,11881,14374
3/17/2015 12:00:00 AM,5/18/2015 12:00:00 AM,25422,12938,12484
3/17/2015 12:00:00 AM,5/19/2015 12:00:00 AM,22455,9987,12468
3/17/2015 12:00:00 AM,5/20/2015 12:00:00 AM,21974,9895,12079
3/17/2015 12:00:00 AM,5/21/2015 12:00:00 AM,20721,9476,11245
3/17/2015 12:00:00 AM,5/22/2015 12:00:00 AM,19549,9421,10128
3/17/2015 12:00:00 AM,5/23/2015 12:00:00 AM,20218,11007,9211
3/17/2015 12:00:00 AM,5/24/2015 12:00:00 AM,18267,9755,8512
3/17/2015 12:00:00 AM,5/25/2015 12:00:00 AM,15730,8267,7463
3/17/2015 12:00:00 AM,5/26/2015 12:00:00 AM,14487,6584,7903
3/17/2015 12:00:00 AM,5/27/2015 12:00:00 AM,13864,6584,7280
3/17/2015 12:00:00 AM,5/28/2015 12:00:00 AM,12894,6304,6590
3/17/2015 12:00:00 AM,5/29/2015 12:00:00 AM,13030,6274,6756
3/17/2015 12:00:00 AM,5/30/2015 12:00:00 AM,14158,7629,6529
3/17/2015 12:00:00 AM,5/31/2015 12:00:00 AM,11712,7259,4453
3/17/2015 12:00:00 AM,6/1/2015 12:00:00 AM,7083,5553,1530
3/17/2015 12:00:00 AM,6/2/2015 12:00:00 AM,3780,2274,1506
3/17/2015 12:00:00 AM,6/3/2015 12:00:00 AM,4193,2574,1619
3/17/2015 12:00:00 AM,6/4/2015 12:00:00 AM,3750,2274,1476
3/17/2015 12:00:00 AM,6/5/2015 12:00:00 AM,3438,2274,1164
3/17/2015 12:00:00 AM,6/6/2015 12:00:00 AM,2550,2224,326
3/17/2015 12:00:00 AM,6/7/2015 12:00:00 AM,2550,2224,326
3/17/2015 12:00:00 AM,6/8/2015 12:00:00 AM,2289,1924,365
3/17/2015 12:00:00 AM,6/9/2015 12:00:00 AM,411,19,392
3/17/2015 12:00:00 AM,6/10/2015 12:00:00 AM,411,19,392
3/17/2015 12:00:00 AM,6/11/2015 12:00:00 AM,384,19,365
3/17/2015 12:00:00 AM,6/12/2015 12:00:00 AM,384,19,365
3/17/2015 12:00:00 AM,6/13/2015 12:00:00 AM,384,19,365
3/17/2015 12:00:00 AM,6/14/2015 12:00:00 AM,348,19,329
3/17/2015 12:00:00 AM,6/15/2015 12:00:00 AM,126,19,107
3/17/2015 12:00:00 AM,6/16/2015 12:00:00 AM,126,19,107
3/16/2015 12:00:00 AM,3/17/2015 12:00:00 AM,25138,11778,13360
3/16/2015 12:00:00 AM,3/18/2015 12:00:00 AM,26617,11778,14839
3/16/2015 12:00:00 AM,3/19/2015 12:00:00 AM,25676,11778,13898
3/16/2015 12:00:00 AM,3/20/2015 12:00:00 AM,25830,11678,14152
3/16/2015 12:00:00 AM,3/21/2015 12:00:00 AM,27075,11696,15379
3/16/2015 12:00:00 AM,3/22/2015 12:00:00 AM,26746,12275,14471
3/16/2015 12:00:00 AM,3/23/2015 12:00:00 AM,28973,12396,16577
3/16/2015 12:00:00 AM,3/24/2015 12:00:00 AM,27303,12396,14907
3/16/2015 12:00:00 AM,3/25/2015 12:00:00 AM,28946,13449,15497
3/16/2015 12:00:00 AM,3/26/2015 12:00:00 AM,28425,13299,15126
3/16/2015 12:00:00 AM,3/27/2015 12:00:00 AM,29556,12987,16569
3/16/2015 12:00:00 AM,3/28/2015 12:00:00 AM,33252,14716,18536
3/16/2015 12:00:00 AM,3/29/2015 12:00:00 AM,32161,13638,18523
3/16/2015 12:00:00 AM,3/30/2015 12:00:00 AM,30654,14583,16071
3/16/2015 12:00:00 AM,3/31/2015 12:00:00 AM,28953,13210,15743
3/16/2015 12:00:00 AM,4/1/2015 12:00:00 AM,30046,13887,16159
3/16/2015 12:00:00 AM,4/2/2015 12:00:00 AM,29359,13444,15915
3/16/2015 12:00:00 AM,4/3/2015 12:00:00 AM,29447,13293,16154
3/16/2015 12:00:00 AM,4/4/2015 12:00:00 AM,31730,14321,17409
3/16/2015 12:00:00 AM,4/5/2015 12:00:00 AM,31785,14332,17453
3/16/2015 12:00:00 AM,4/6/2015 12:00:00 AM,32813,14704,18109
3/16/2015 12:00:00 AM,4/7/2015 12:00:00 AM,33671,14954,18717
3/16/2015 12:00:00 AM,4/8/2015 12:00:00 AM,31883,14553,17330
3/16/2015 12:00:00 AM,4/9/2015 12:00:00 AM,32843,15513,17330
3/16/2015 12:00:00 AM,4/10/2015 12:00:00 AM,33106,15824,17282
3/16/2015 12:00:00 AM,4/11/2015 12:00:00 AM,41693,19257,22436
3/16/2015 12:00:00 AM,4/12/2015 12:00:00 AM,42160,19437,22723
3/16/2015 12:00:00 AM,4/13/2015 12:00:00 AM,43735,19766,23969
3/16/2015 12:00:00 AM,4/14/2015 12:00:00 AM,42020,19660,22360
3/16/2015 12:00:00 AM,4/15/2015 12:00:00 AM,41663,19371,22292
3/16/2015 12:00:00 AM,4/16/2015 12:00:00 AM,41734,19320,22414
3/16/2015 12:00:00 AM,4/17/2015 12:00:00 AM,41068,19068,22000
3/16/2015 12:00:00 AM,4/18/2015 12:00:00 AM,44212,21226,22986
3/16/2015 12:00:00 AM,4/19/2015 12:00:00 AM,43367,21023,22344
3/16/2015 12:00:00 AM,4/20/2015 12:00:00 AM,44431,20986,23445
3/16/2015 12:00:00 AM,4/21/2015 12:00:00 AM,38950,16493,22457
3/16/2015 12:00:00 AM,4/22/2015 12:00:00 AM,38179,15975,22204
3/16/2015 12:00:00 AM,4/23/2015 12:00:00 AM,38523,16343,22180
3/16/2015 12:00:00 AM,4/24/2015 12:00:00 AM,39052,16239,22813
3/16/2015 12:00:00 AM,4/25/2015 12:00:00 AM,40445,17112,23333
3/16/2015 12:00:00 AM,4/26/2015 12:00:00 AM,40415,17121,23294
3/16/2015 12:00:00 AM,4/27/2015 12:00:00 AM,38143,15224,22919
3/16/2015 12:00:00 AM,4/28/2015 12:00:00 AM,37242,14492,22750
3/16/2015 12:00:00 AM,4/29/2015 12:00:00 AM,35433,14052,21381
3/16/2015 12:00:00 AM,4/30/2015 12:00:00 AM,36615,14492,22123
3/16/2015 12:00:00 AM,5/1/2015 12:00:00 AM,35149,13768,21381
3/16/2015 12:00:00 AM,5/2/2015 12:00:00 AM,36573,15926,20647
3/16/2015 12:00:00 AM,5/3/2015 12:00:00 AM,36435,14778,21657
3/16/2015 12:00:00 AM,5/4/2015 12:00:00 AM,36629,16415,20214
3/16/2015 12:00:00 AM,5/5/2015 12:00:00 AM,31813,14176,17637
3/16/2015 12:00:00 AM,5/6/2015 12:00:00 AM,32547,14176,18371
3/16/2015 12:00:00 AM,5/7/2015 12:00:00 AM,30004,13834,16170
3/16/2015 12:00:00 AM,5/8/2015 12:00:00 AM,31244,14513,16731
3/16/2015 12:00:00 AM,5/9/2015 12:00:00 AM,32131,15644,16487
3/16/2015 12:00:00 AM,5/10/2015 12:00:00 AM,30779,15644,15135
3/16/2015 12:00:00 AM,5/11/2015 12:00:00 AM,32492,14989,17503
3/16/2015 12:00:00 AM,5/12/2015 12:00:00 AM,29569,13108,16461
3/16/2015 12:00:00 AM,5/13/2015 12:00:00 AM,28752,13108,15644
3/16/2015 12:00:00 AM,5/14/2015 12:00:00 AM,29119,12828,16291
3/16/2015 12:00:00 AM,5/15/2015 12:00:00 AM,27186,12828,14358
3/16/2015 12:00:00 AM,5/16/2015 12:00:00 AM,29557,14099,15458
3/16/2015 12:00:00 AM,5/17/2015 12:00:00 AM,26148,11881,14267
3/16/2015 12:00:00 AM,5/18/2015 12:00:00 AM,25315,12938,12377
3/16/2015 12:00:00 AM,5/19/2015 12:00:00 AM,22348,9987,12361
3/16/2015 12:00:00 AM,5/20/2015 12:00:00 AM,21867,9895,11972
3/16/2015 12:00:00 AM,5/21/2015 12:00:00 AM,20614,9476,11138
3/16/2015 12:00:00 AM,5/22/2015 12:00:00 AM,19442,9421,10021
3/16/2015 12:00:00 AM,5/23/2015 12:00:00 AM,20111,11007,9104
3/16/2015 12:00:00 AM,5/24/2015 12:00:00 AM,18160,9755,8405
3/16/2015 12:00:00 AM,5/25/2015 12:00:00 AM,15623,8267,7356
3/16/2015 12:00:00 AM,5/26/2015 12:00:00 AM,14380,6584,7796
3/16/2015 12:00:00 AM,5/27/2015 12:00:00 AM,13757,6584,7173
3/16/2015 12:00:00 AM,5/28/2015 12:00:00 AM,12787,6304,6483
3/16/2015 12:00:00 AM,5/29/2015 12:00:00 AM,12923,6274,6649
3/16/2015 12:00:00 AM,5/30/2015 12:00:00 AM,14051,7629,6422
3/16/2015 12:00:00 AM,5/31/2015 12:00:00 AM,11605,7259,4346
3/16/2015 12:00:00 AM,6/1/2015 12:00:00 AM,6976,5553,1423
3/16/2015 12:00:00 AM,6/2/2015 12:00:00 AM,3673,2274,1399
3/16/2015 12:00:00 AM,6/3/2015 12:00:00 AM,4086,2574,1512
3/16/2015 12:00:00 AM,6/4/2015 12:00:00 AM,3643,2274,1369
3/16/2015 12:00:00 AM,6/5/2015 12:00:00 AM,3331,2274,1057
3/16/2015 12:00:00 AM,6/6/2015 12:00:00 AM,2443,2224,219
3/16/2015 12:00:00 AM,6/7/2015 12:00:00 AM,2443,2224,219
3/16/2015 12:00:00 AM,6/8/2015 12:00:00 AM,2182,1924,258
3/16/2015 12:00:00 AM,6/9/2015 12:00:00 AM,304,19,285
3/16/2015 12:00:00 AM,6/10/2015 12:00:00 AM,304,19,285
3/16/2015 12:00:00 AM,6/11/2015 12:00:00 AM,277,19,258
3/16/2015 12:00:00 AM,6/12/2015 12:00:00 AM,277,19,258
3/16/2015 12:00:00 AM,6/13/2015 12:00:00 AM,277,19,258
3/16/2015 12:00:00 AM,6/14/2015 12:00:00 AM,241,19,222
3/16/2015 12:00:00 AM,6/15/2015 12:00:00 AM,126,19,107
3/15/2015 12:00:00 AM,3/16/2015 12:00:00 AM,25010,11328,13682
3/15/2015 12:00:00 AM,3/17/2015 12:00:00 AM,25138,11778,13360
3/15/2015 12:00:00 AM,3/18/2015 12:00:00 AM,26617,11778,14839
3/15/2015 12:00:00 AM,3/19/2015 12:00:00 AM,25526,11628,13898
3/15/2015 12:00:00 AM,3/20/2015 12:00:00 AM,25680,11528,14152
3/15/2015 12:00:00 AM,3/21/2015 12:00:00 AM,27075,11696,15379
3/15/2015 12:00:00 AM,3/22/2015 12:00:00 AM,26896,12425,14471
3/15/2015 12:00:00 AM,3/23/2015 12:00:00 AM,29123,12546,16577
3/15/2015 12:00:00 AM,3/24/2015 12:00:00 AM,27453,12546,14907
3/15/2015 12:00:00 AM,3/25/2015 12:00:00 AM,29096,13599,15497
3/15/2015 12:00:00 AM,3/26/2015 12:00:00 AM,28575,13449,15126
3/15/2015 12:00:00 AM,3/27/2015 12:00:00 AM,29556,12987,16569
3/15/2015 12:00:00 AM,3/28/2015 12:00:00 AM,33252,14716,18536
3/15/2015 12:00:00 AM,3/29/2015 12:00:00 AM,32161,13638,18523
3/15/2015 12:00:00 AM,3/30/2015 12:00:00 AM,30654,14583,16071
3/15/2015 12:00:00 AM,3/31/2015 12:00:00 AM,28953,13210,15743
3/15/2015 12:00:00 AM,4/1/2015 12:00:00 AM,30046,13887,16159
3/15/2015 12:00:00 AM,4/2/2015 12:00:00 AM,29359,13444,15915
3/15/2015 12:00:00 AM,4/3/2015 12:00:00 AM,29447,13293,16154
3/15/2015 12:00:00 AM,4/4/2015 12:00:00 AM,31730,14321,17409
3/15/2015 12:00:00 AM,4/5/2015 12:00:00 AM,31785,14332,17453
3/15/2015 12:00:00 AM,4/6/2015 12:00:00 AM,32813,14704,18109
3/15/2015 12:00:00 AM,4/7/2015 12:00:00 AM,33671,14954,18717
3/15/2015 12:00:00 AM,4/8/2015 12:00:00 AM,31883,14553,17330
3/15/2015 12:00:00 AM,4/9/2015 12:00:00 AM,32843,15513,17330
3/15/2015 12:00:00 AM,4/10/2015 12:00:00 AM,33106,15824,17282
3/15/2015 12:00:00 AM,4/11/2015 12:00:00 AM,41693,19257,22436
3/15/2015 12:00:00 AM,4/12/2015 12:00:00 AM,42160,19437,22723
3/15/2015 12:00:00 AM,4/13/2015 12:00:00 AM,43735,19766,23969
3/15/2015 12:00:00 AM,4/14/2015 12:00:00 AM,42020,19660,22360
3/15/2015 12:00:00 AM,4/15/2015 12:00:00 AM,41663,19371,22292
3/15/2015 12:00:00 AM,4/16/2015 12:00:00 AM,41734,19320,22414
3/15/2015 12:00:00 AM,4/17/2015 12:00:00 AM,41068,19068,22000
3/15/2015 12:00:00 AM,4/18/2015 12:00:00 AM,44212,21226,22986
3/15/2015 12:00:00 AM,4/19/2015 12:00:00 AM,43367,21023,22344
3/15/2015 12:00:00 AM,4/20/2015 12:00:00 AM,44431,20986,23445
3/15/2015 12:00:00 AM,4/21/2015 12:00:00 AM,38950,16493,22457
3/15/2015 12:00:00 AM,4/22/2015 12:00:00 AM,38179,15975,22204
3/15/2015 12:00:00 AM,4/23/2015 12:00:00 AM,38523,16343,22180
3/15/2015 12:00:00 AM,4/24/2015 12:00:00 AM,39052,16239,22813
3/15/2015 12:00:00 AM,4/25/2015 12:00:00 AM,40445,17112,23333
3/15/2015 12:00:00 AM,4/26/2015 12:00:00 AM,40415,17121,23294
3/15/2015 12:00:00 AM,4/27/2015 12:00:00 AM,38143,15224,22919
3/15/2015 12:00:00 AM,4/28/2015 12:00:00 AM,37242,14492,22750
3/15/2015 12:00:00 AM,4/29/2015 12:00:00 AM,35433,14052,21381
3/15/2015 12:00:00 AM,4/30/2015 12:00:00 AM,36615,14492,22123
3/15/2015 12:00:00 AM,5/1/2015 12:00:00 AM,35149,13768,21381
3/15/2015 12:00:00 AM,5/2/2015 12:00:00 AM,36573,15926,20647
3/15/2015 12:00:00 AM,5/3/2015 12:00:00 AM,36435,14778,21657
3/15/2015 12:00:00 AM,5/4/2015 12:00:00 AM,36629,16415,20214
3/15/2015 12:00:00 AM,5/5/2015 12:00:00 AM,31813,14176,17637
3/15/2015 12:00:00 AM,5/6/2015 12:00:00 AM,32547,14176,18371
3/15/2015 12:00:00 AM,5/7/2015 12:00:00 AM,30004,13834,16170
3/15/2015 12:00:00 AM,5/8/2015 12:00:00 AM,31244,14513,16731
3/15/2015 12:00:00 AM,5/9/2015 12:00:00 AM,32131,15644,16487
3/15/2015 12:00:00 AM,5/10/2015 12:00:00 AM,30779,15644,15135
3/15/2015 12:00:00 AM,5/11/2015 12:00:00 AM,32492,14989,17503
3/15/2015 12:00:00 AM,5/12/2015 12:00:00 AM,29569,13108,16461
3/15/2015 12:00:00 AM,5/13/2015 12:00:00 AM,28752,13108,15644
3/15/2015 12:00:00 AM,5/14/2015 12:00:00 AM,29119,12828,16291
3/15/2015 12:00:00 AM,5/15/2015 12:00:00 AM,27186,12828,14358
3/15/2015 12:00:00 AM,5/16/2015 12:00:00 AM,29557,14099,15458
3/15/2015 12:00:00 AM,5/17/2015 12:00:00 AM,26148,11881,14267
3/15/2015 12:00:00 AM,5/18/2015 12:00:00 AM,25315,12938,12377
3/15/2015 12:00:00 AM,5/19/2015 12:00:00 AM,22348,9987,12361
3/15/2015 12:00:00 AM,5/20/2015 12:00:00 AM,21867,9895,11972
3/15/2015 12:00:00 AM,5/21/2015 12:00:00 AM,20614,9476,11138
3/15/2015 12:00:00 AM,5/22/2015 12:00:00 AM,19442,9421,10021
3/15/2015 12:00:00 AM,5/23/2015 12:00:00 AM,20111,11007,9104
3/15/2015 12:00:00 AM,5/24/2015 12:00:00 AM,18160,9755,8405
3/15/2015 12:00:00 AM,5/25/2015 12:00:00 AM,15623,8267,7356
3/15/2015 12:00:00 AM,5/26/2015 12:00:00 AM,14380,6584,7796
3/15/2015 12:00:00 AM,5/27/2015 12:00:00 AM,13757,6584,7173
3/15/2015 12:00:00 AM,5/28/2015 12:00:00 AM,12787,6304,6483
3/15/2015 12:00:00 AM,5/29/2015 12:00:00 AM,12923,6274,6649
3/15/2015 12:00:00 AM,5/30/2015 12:00:00 AM,14051,7629,6422
3/15/2015 12:00:00 AM,5/31/2015 12:00:00 AM,11605,7259,4346
3/15/2015 12:00:00 AM,6/1/2015 12:00:00 AM,6976,5553,1423
3/15/2015 12:00:00 AM,6/2/2015 12:00:00 AM,3673,2274,1399
3/15/2015 12:00:00 AM,6/3/2015 12:00:00 AM,4086,2574,1512
3/15/2015 12:00:00 AM,6/4/2015 12:00:00 AM,3643,2274,1369
3/15/2015 12:00:00 AM,6/5/2015 12:00:00 AM,3331,2274,1057
3/15/2015 12:00:00 AM,6/6/2015 12:00:00 AM,2443,2224,219
3/15/2015 12:00:00 AM,6/7/2015 12:00:00 AM,2443,2224,219
3/15/2015 12:00:00 AM,6/8/2015 12:00:00 AM,2182,1924,258
3/15/2015 12:00:00 AM,6/9/2015 12:00:00 AM,304,19,285
3/15/2015 12:00:00 AM,6/10/2015 12:00:00 AM,304,19,285
3/15/2015 12:00:00 AM,6/11/2015 12:00:00 AM,277,19,258
3/15/2015 12:00:00 AM,6/12/2015 12:00:00 AM,277,19,258
3/15/2015 12:00:00 AM,6/13/2015 12:00:00 AM,277,19,258
3/15/2015 12:00:00 AM,6/14/2015 12:00:00 AM,241,19,222
3/14/2015 12:00:00 AM,3/15/2015 12:00:00 AM,24866,11328,13538
3/14/2015 12:00:00 AM,3/16/2015 12:00:00 AM,24882,11328,13554
3/14/2015 12:00:00 AM,3/17/2015 12:00:00 AM,25010,11778,13232
3/14/2015 12:00:00 AM,3/18/2015 12:00:00 AM,26319,11778,14541
3/14/2015 12:00:00 AM,3/19/2015 12:00:00 AM,25696,11628,14068
3/14/2015 12:00:00 AM,3/20/2015 12:00:00 AM,25680,11528,14152
3/14/2015 12:00:00 AM,3/21/2015 12:00:00 AM,27075,11696,15379
3/14/2015 12:00:00 AM,3/22/2015 12:00:00 AM,26896,12425,14471
3/14/2015 12:00:00 AM,3/23/2015 12:00:00 AM,29123,12546,16577
3/14/2015 12:00:00 AM,3/24/2015 12:00:00 AM,27453,12546,14907
3/14/2015 12:00:00 AM,3/25/2015 12:00:00 AM,29096,13599,15497
3/14/2015 12:00:00 AM,3/26/2015 12:00:00 AM,28575,13449,15126
3/14/2015 12:00:00 AM,3/27/2015 12:00:00 AM,29556,12987,16569
3/14/2015 12:00:00 AM,3/28/2015 12:00:00 AM,33252,14716,18536
3/14/2015 12:00:00 AM,3/29/2015 12:00:00 AM,32161,13638,18523
3/14/2015 12:00:00 AM,3/30/2015 12:00:00 AM,30654,14583,16071
3/14/2015 12:00:00 AM,3/31/2015 12:00:00 AM,28953,13210,15743
3/14/2015 12:00:00 AM,4/1/2015 12:00:00 AM,30046,13887,16159
3/14/2015 12:00:00 AM,4/2/2015 12:00:00 AM,29359,13444,15915
3/14/2015 12:00:00 AM,4/3/2015 12:00:00 AM,29447,13293,16154
3/14/2015 12:00:00 AM,4/4/2015 12:00:00 AM,31730,14321,17409
3/14/2015 12:00:00 AM,4/5/2015 12:00:00 AM,31785,14332,17453
3/14/2015 12:00:00 AM,4/6/2015 12:00:00 AM,32813,14704,18109
3/14/2015 12:00:00 AM,4/7/2015 12:00:00 AM,33671,14954,18717
3/14/2015 12:00:00 AM,4/8/2015 12:00:00 AM,31883,14553,17330
3/14/2015 12:00:00 AM,4/9/2015 12:00:00 AM,32843,15513,17330
3/14/2015 12:00:00 AM,4/10/2015 12:00:00 AM,33106,15824,17282
3/14/2015 12:00:00 AM,4/11/2015 12:00:00 AM,41693,19257,22436
3/14/2015 12:00:00 AM,4/12/2015 12:00:00 AM,42160,19437,22723
3/14/2015 12:00:00 AM,4/13/2015 12:00:00 AM,43735,19766,23969
3/14/2015 12:00:00 AM,4/14/2015 12:00:00 AM,42020,19660,22360
3/14/2015 12:00:00 AM,4/15/2015 12:00:00 AM,41663,19371,22292
3/14/2015 12:00:00 AM,4/16/2015 12:00:00 AM,41734,19320,22414
3/14/2015 12:00:00 AM,4/17/2015 12:00:00 AM,41068,19068,22000
3/14/2015 12:00:00 AM,4/18/2015 12:00:00 AM,44212,21226,22986
3/14/2015 12:00:00 AM,4/19/2015 12:00:00 AM,43367,21023,22344
3/14/2015 12:00:00 AM,4/20/2015 12:00:00 AM,44431,20986,23445
3/14/2015 12:00:00 AM,4/21/2015 12:00:00 AM,38950,16493,22457
3/14/2015 12:00:00 AM,4/22/2015 12:00:00 AM,38179,15975,22204
3/14/2015 12:00:00 AM,4/23/2015 12:00:00 AM,38523,16343,22180
3/14/2015 12:00:00 AM,4/24/2015 12:00:00 AM,39052,16239,22813
3/14/2015 12:00:00 AM,4/25/2015 12:00:00 AM,40445,17112,23333
3/14/2015 12:00:00 AM,4/26/2015 12:00:00 AM,40415,17121,23294
3/14/2015 12:00:00 AM,4/27/2015 12:00:00 AM,38143,15224,22919
3/14/2015 12:00:00 AM,4/28/2015 12:00:00 AM,37242,14492,22750
3/14/2015 12:00:00 AM,4/29/2015 12:00:00 AM,35433,14052,21381
3/14/2015 12:00:00 AM,4/30/2015 12:00:00 AM,36615,14492,22123
3/14/2015 12:00:00 AM,5/1/2015 12:00:00 AM,35149,13768,21381
3/14/2015 12:00:00 AM,5/2/2015 12:00:00 AM,36573,15926,20647
3/14/2015 12:00:00 AM,5/3/2015 12:00:00 AM,36435,14778,21657
3/14/2015 12:00:00 AM,5/4/2015 12:00:00 AM,36629,16415,20214
3/14/2015 12:00:00 AM,5/5/2015 12:00:00 AM,31813,14176,17637
3/14/2015 12:00:00 AM,5/6/2015 12:00:00 AM,32547,14176,18371
3/14/2015 12:00:00 AM,5/7/2015 12:00:00 AM,30004,13834,16170
3/14/2015 12:00:00 AM,5/8/2015 12:00:00 AM,31244,14513,16731
3/14/2015 12:00:00 AM,5/9/2015 12:00:00 AM,32131,15644,16487
3/14/2015 12:00:00 AM,5/10/2015 12:00:00 AM,30779,15644,15135
3/14/2015 12:00:00 AM,5/11/2015 12:00:00 AM,32492,14989,17503
3/14/2015 12:00:00 AM,5/12/2015 12:00:00 AM,29569,13108,16461
3/14/2015 12:00:00 AM,5/13/2015 12:00:00 AM,28752,13108,15644
3/14/2015 12:00:00 AM,5/14/2015 12:00:00 AM,29119,12828,16291
3/14/2015 12:00:00 AM,5/15/2015 12:00:00 AM,27186,12828,14358
3/14/2015 12:00:00 AM,5/16/2015 12:00:00 AM,29557,14099,15458
3/14/2015 12:00:00 AM,5/17/2015 12:00:00 AM,26148,11881,14267
3/14/2015 12:00:00 AM,5/18/2015 12:00:00 AM,25315,12938,12377
3/14/2015 12:00:00 AM,5/19/2015 12:00:00 AM,22348,9987,12361
3/14/2015 12:00:00 AM,5/20/2015 12:00:00 AM,21867,9895,11972
3/14/2015 12:00:00 AM,5/21/2015 12:00:00 AM,20614,9476,11138
3/14/2015 12:00:00 AM,5/22/2015 12:00:00 AM,19442,9421,10021
3/14/2015 12:00:00 AM,5/23/2015 12:00:00 AM,20111,11007,9104
3/14/2015 12:00:00 AM,5/24/2015 12:00:00 AM,18160,9755,8405
3/14/2015 12:00:00 AM,5/25/2015 12:00:00 AM,15623,8267,7356
3/14/2015 12:00:00 AM,5/26/2015 12:00:00 AM,14380,6584,7796
3/14/2015 12:00:00 AM,5/27/2015 12:00:00 AM,13757,6584,7173
3/14/2015 12:00:00 AM,5/28/2015 12:00:00 AM,12787,6304,6483
3/14/2015 12:00:00 AM,5/29/2015 12:00:00 AM,12923,6274,6649
3/14/2015 12:00:00 AM,5/30/2015 12:00:00 AM,14051,7629,6422
3/14/2015 12:00:00 AM,5/31/2015 12:00:00 AM,11605,7259,4346
3/14/2015 12:00:00 AM,6/1/2015 12:00:00 AM,6976,5553,1423
3/14/2015 12:00:00 AM,6/2/2015 12:00:00 AM,3673,2274,1399
3/14/2015 12:00:00 AM,6/3/2015 12:00:00 AM,4086,2574,1512
3/14/2015 12:00:00 AM,6/4/2015 12:00:00 AM,3643,2274,1369
3/14/2015 12:00:00 AM,6/5/2015 12:00:00 AM,3331,2274,1057
3/14/2015 12:00:00 AM,6/6/2015 12:00:00 AM,2443,2224,219
3/14/2015 12:00:00 AM,6/7/2015 12:00:00 AM,2443,2224,219
3/14/2015 12:00:00 AM,6/8/2015 12:00:00 AM,2182,1924,258
3/14/2015 12:00:00 AM,6/9/2015 12:00:00 AM,304,19,285
3/14/2015 12:00:00 AM,6/10/2015 12:00:00 AM,304,19,285
3/14/2015 12:00:00 AM,6/11/2015 12:00:00 AM,277,19,258
3/14/2015 12:00:00 AM,6/12/2015 12:00:00 AM,277,19,258
3/14/2015 12:00:00 AM,6/13/2015 12:00:00 AM,277,19,258
3/13/2015 12:00:00 AM,3/14/2015 12:00:00 AM,25017,11442,13575
3/13/2015 12:00:00 AM,3/15/2015 12:00:00 AM,24165,11328,12837
3/13/2015 12:00:00 AM,3/16/2015 12:00:00 AM,24789,11328,13461
3/13/2015 12:00:00 AM,3/17/2015 12:00:00 AM,24885,11778,13107
3/13/2015 12:00:00 AM,3/18/2015 12:00:00 AM,26194,11778,14416
3/13/2015 12:00:00 AM,3/19/2015 12:00:00 AM,25705,11628,14077
3/13/2015 12:00:00 AM,3/20/2015 12:00:00 AM,25681,11528,14153
3/13/2015 12:00:00 AM,3/21/2015 12:00:00 AM,27076,11696,15380
3/13/2015 12:00:00 AM,3/22/2015 12:00:00 AM,26896,12425,14471
3/13/2015 12:00:00 AM,3/23/2015 12:00:00 AM,29124,12546,16578
3/13/2015 12:00:00 AM,3/24/2015 12:00:00 AM,27453,12546,14907
3/13/2015 12:00:00 AM,3/25/2015 12:00:00 AM,29096,13599,15497
3/13/2015 12:00:00 AM,3/26/2015 12:00:00 AM,28575,13449,15126
3/13/2015 12:00:00 AM,3/27/2015 12:00:00 AM,29556,12987,16569
3/13/2015 12:00:00 AM,3/28/2015 12:00:00 AM,33252,14716,18536
3/13/2015 12:00:00 AM,3/29/2015 12:00:00 AM,32161,13638,18523
3/13/2015 12:00:00 AM,3/30/2015 12:00:00 AM,30527,14583,15944
3/13/2015 12:00:00 AM,3/31/2015 12:00:00 AM,28826,13210,15616
3/13/2015 12:00:00 AM,4/1/2015 12:00:00 AM,29919,13887,16032
3/13/2015 12:00:00 AM,4/2/2015 12:00:00 AM,29232,13444,15788
3/13/2015 12:00:00 AM,4/3/2015 12:00:00 AM,29320,13293,16027
3/13/2015 12:00:00 AM,4/4/2015 12:00:00 AM,31603,14321,17282
3/13/2015 12:00:00 AM,4/5/2015 12:00:00 AM,31658,14332,17326
3/13/2015 12:00:00 AM,4/6/2015 12:00:00 AM,32686,14704,17982
3/13/2015 12:00:00 AM,4/7/2015 12:00:00 AM,33544,14954,18590
3/13/2015 12:00:00 AM,4/8/2015 12:00:00 AM,31756,14553,17203
3/13/2015 12:00:00 AM,4/9/2015 12:00:00 AM,32716,15513,17203
3/13/2015 12:00:00 AM,4/10/2015 12:00:00 AM,32979,15824,17155
3/13/2015 12:00:00 AM,4/11/2015 12:00:00 AM,41566,19257,22309
3/13/2015 12:00:00 AM,4/12/2015 12:00:00 AM,42033,19437,22596
3/13/2015 12:00:00 AM,4/13/2015 12:00:00 AM,43735,19766,23969
3/13/2015 12:00:00 AM,4/14/2015 12:00:00 AM,41808,19448,22360
3/13/2015 12:00:00 AM,4/15/2015 12:00:00 AM,41451,19159,22292
3/13/2015 12:00:00 AM,4/16/2015 12:00:00 AM,41522,19108,22414
3/13/2015 12:00:00 AM,4/17/2015 12:00:00 AM,41015,19015,22000
3/13/2015 12:00:00 AM,4/18/2015 12:00:00 AM,43946,20960,22986
3/13/2015 12:00:00 AM,4/19/2015 12:00:00 AM,43101,20757,22344
3/13/2015 12:00:00 AM,4/20/2015 12:00:00 AM,44112,20667,23445
3/13/2015 12:00:00 AM,4/21/2015 12:00:00 AM,38684,16227,22457
3/13/2015 12:00:00 AM,4/22/2015 12:00:00 AM,37913,15709,22204
3/13/2015 12:00:00 AM,4/23/2015 12:00:00 AM,38257,16077,22180
3/13/2015 12:00:00 AM,4/24/2015 12:00:00 AM,38786,15973,22813
3/13/2015 12:00:00 AM,4/25/2015 12:00:00 AM,40179,16846,23333
3/13/2015 12:00:00 AM,4/26/2015 12:00:00 AM,40149,16855,23294
3/13/2015 12:00:00 AM,4/27/2015 12:00:00 AM,37984,15065,22919
3/13/2015 12:00:00 AM,4/28/2015 12:00:00 AM,37083,14333,22750
3/13/2015 12:00:00 AM,4/29/2015 12:00:00 AM,35274,13893,21381
3/13/2015 12:00:00 AM,4/30/2015 12:00:00 AM,36456,14333,22123
3/13/2015 12:00:00 AM,5/1/2015 12:00:00 AM,34990,13609,21381
3/13/2015 12:00:00 AM,5/2/2015 12:00:00 AM,36414,15767,20647
3/13/2015 12:00:00 AM,5/3/2015 12:00:00 AM,36276,14619,21657
3/13/2015 12:00:00 AM,5/4/2015 12:00:00 AM,36470,16256,20214
3/13/2015 12:00:00 AM,5/5/2015 12:00:00 AM,31813,14176,17637
3/13/2015 12:00:00 AM,5/6/2015 12:00:00 AM,32547,14176,18371
3/13/2015 12:00:00 AM,5/7/2015 12:00:00 AM,30004,13834,16170
3/13/2015 12:00:00 AM,5/8/2015 12:00:00 AM,31244,14513,16731
3/13/2015 12:00:00 AM,5/9/2015 12:00:00 AM,32131,15644,16487
3/13/2015 12:00:00 AM,5/10/2015 12:00:00 AM,30779,15644,15135
3/13/2015 12:00:00 AM,5/11/2015 12:00:00 AM,32492,14989,17503
3/13/2015 12:00:00 AM,5/12/2015 12:00:00 AM,29569,13108,16461
3/13/2015 12:00:00 AM,5/13/2015 12:00:00 AM,28752,13108,15644
3/13/2015 12:00:00 AM,5/14/2015 12:00:00 AM,29119,12828,16291
3/13/2015 12:00:00 AM,5/15/2015 12:00:00 AM,27186,12828,14358
3/13/2015 12:00:00 AM,5/16/2015 12:00:00 AM,29557,14099,15458
3/13/2015 12:00:00 AM,5/17/2015 12:00:00 AM,26148,11881,14267
3/13/2015 12:00:00 AM,5/18/2015 12:00:00 AM,25315,12938,12377
3/13/2015 12:00:00 AM,5/19/2015 12:00:00 AM,22348,9987,12361
3/13/2015 12:00:00 AM,5/20/2015 12:00:00 AM,21867,9895,11972
3/13/2015 12:00:00 AM,5/21/2015 12:00:00 AM,20614,9476,11138
3/13/2015 12:00:00 AM,5/22/2015 12:00:00 AM,19442,9421,10021
3/13/2015 12:00:00 AM,5/23/2015 12:00:00 AM,20111,11007,9104
3/13/2015 12:00:00 AM,5/24/2015 12:00:00 AM,18160,9755,8405
3/13/2015 12:00:00 AM,5/25/2015 12:00:00 AM,15623,8267,7356
3/13/2015 12:00:00 AM,5/26/2015 12:00:00 AM,14380,6584,7796
3/13/2015 12:00:00 AM,5/27/2015 12:00:00 AM,13757,6584,7173
3/13/2015 12:00:00 AM,5/28/2015 12:00:00 AM,12787,6304,6483
3/13/2015 12:00:00 AM,5/29/2015 12:00:00 AM,12923,6274,6649
3/13/2015 12:00:00 AM,5/30/2015 12:00:00 AM,14051,7629,6422
3/13/2015 12:00:00 AM,5/31/2015 12:00:00 AM,11605,7259,4346
3/13/2015 12:00:00 AM,6/1/2015 12:00:00 AM,6976,5553,1423
3/13/2015 12:00:00 AM,6/2/2015 12:00:00 AM,3673,2274,1399
3/13/2015 12:00:00 AM,6/3/2015 12:00:00 AM,4086,2574,1512
3/13/2015 12:00:00 AM,6/4/2015 12:00:00 AM,3643,2274,1369
3/13/2015 12:00:00 AM,6/5/2015 12:00:00 AM,3331,2274,1057
3/13/2015 12:00:00 AM,6/6/2015 12:00:00 AM,2443,2224,219
3/13/2015 12:00:00 AM,6/7/2015 12:00:00 AM,2443,2224,219
3/13/2015 12:00:00 AM,6/8/2015 12:00:00 AM,2182,1924,258
3/13/2015 12:00:00 AM,6/9/2015 12:00:00 AM,304,19,285
3/13/2015 12:00:00 AM,6/10/2015 12:00:00 AM,304,19,285
3/13/2015 12:00:00 AM,6/11/2015 12:00:00 AM,277,19,258
3/13/2015 12:00:00 AM,6/12/2015 12:00:00 AM,277,19,258
3/12/2015 12:00:00 AM,3/13/2015 12:00:00 AM,21646,9365,12281
3/12/2015 12:00:00 AM,3/14/2015 12:00:00 AM,25245,11592,13653
3/12/2015 12:00:00 AM,3/15/2015 12:00:00 AM,24093,11178,12915
3/12/2015 12:00:00 AM,3/16/2015 12:00:00 AM,24717,11178,13539
3/12/2015 12:00:00 AM,3/17/2015 12:00:00 AM,24963,11778,13185
3/12/2015 12:00:00 AM,3/18/2015 12:00:00 AM,26272,11778,14494
3/12/2015 12:00:00 AM,3/19/2015 12:00:00 AM,25783,11628,14155
3/12/2015 12:00:00 AM,3/20/2015 12:00:00 AM,25714,11528,14186
3/12/2015 12:00:00 AM,3/21/2015 12:00:00 AM,27226,11846,15380
3/12/2015 12:00:00 AM,3/22/2015 12:00:00 AM,27046,12575,14471
3/12/2015 12:00:00 AM,3/23/2015 12:00:00 AM,29124,12546,16578
3/12/2015 12:00:00 AM,3/24/2015 12:00:00 AM,27223,12316,14907
3/12/2015 12:00:00 AM,3/25/2015 12:00:00 AM,28866,13369,15497
3/12/2015 12:00:00 AM,3/26/2015 12:00:00 AM,28345,13219,15126
3/12/2015 12:00:00 AM,3/27/2015 12:00:00 AM,29326,12757,16569
3/12/2015 12:00:00 AM,3/28/2015 12:00:00 AM,33105,14569,18536
3/12/2015 12:00:00 AM,3/29/2015 12:00:00 AM,32014,13491,18523
3/12/2015 12:00:00 AM,3/30/2015 12:00:00 AM,30380,14436,15944
3/12/2015 12:00:00 AM,3/31/2015 12:00:00 AM,28909,13293,15616
3/12/2015 12:00:00 AM,4/1/2015 12:00:00 AM,30002,13970,16032
3/12/2015 12:00:00 AM,4/2/2015 12:00:00 AM,29315,13527,15788
3/12/2015 12:00:00 AM,4/3/2015 12:00:00 AM,29403,13376,16027
3/12/2015 12:00:00 AM,4/4/2015 12:00:00 AM,31686,14404,17282
3/12/2015 12:00:00 AM,4/5/2015 12:00:00 AM,31741,14415,17326
3/12/2015 12:00:00 AM,4/6/2015 12:00:00 AM,32769,14787,17982
3/12/2015 12:00:00 AM,4/7/2015 12:00:00 AM,33582,15037,18545
3/12/2015 12:00:00 AM,4/8/2015 12:00:00 AM,31794,14636,17158
3/12/2015 12:00:00 AM,4/9/2015 12:00:00 AM,32754,15596,17158
3/12/2015 12:00:00 AM,4/10/2015 12:00:00 AM,33017,15907,17110
3/12/2015 12:00:00 AM,4/11/2015 12:00:00 AM,41689,19425,22264
3/12/2015 12:00:00 AM,4/12/2015 12:00:00 AM,41506,19605,21901
3/12/2015 12:00:00 AM,4/13/2015 12:00:00 AM,43208,19934,23274
3/12/2015 12:00:00 AM,4/14/2015 12:00:00 AM,41326,19616,21710
3/12/2015 12:00:00 AM,4/15/2015 12:00:00 AM,40969,19327,21642
3/12/2015 12:00:00 AM,4/16/2015 12:00:00 AM,41040,19276,21764
3/12/2015 12:00:00 AM,4/17/2015 12:00:00 AM,40532,19182,21350
3/12/2015 12:00:00 AM,4/18/2015 12:00:00 AM,43065,20729,22336
3/12/2015 12:00:00 AM,4/19/2015 12:00:00 AM,42220,20526,21694
3/12/2015 12:00:00 AM,4/20/2015 12:00:00 AM,43159,20364,22795
3/12/2015 12:00:00 AM,4/21/2015 12:00:00 AM,37731,15924,21807
3/12/2015 12:00:00 AM,4/22/2015 12:00:00 AM,36960,15406,21554
3/12/2015 12:00:00 AM,4/23/2015 12:00:00 AM,37304,15774,21530
3/12/2015 12:00:00 AM,4/24/2015 12:00:00 AM,37833,15670,22163
3/12/2015 12:00:00 AM,4/25/2015 12:00:00 AM,39383,16700,22683
3/12/2015 12:00:00 AM,4/26/2015 12:00:00 AM,39123,16709,22414
3/12/2015 12:00:00 AM,4/27/2015 12:00:00 AM,37356,15317,22039
3/12/2015 12:00:00 AM,4/28/2015 12:00:00 AM,36560,14555,22005
3/12/2015 12:00:00 AM,4/29/2015 12:00:00 AM,34731,14115,20616
3/12/2015 12:00:00 AM,4/30/2015 12:00:00 AM,35913,14555,21358
3/12/2015 12:00:00 AM,5/1/2015 12:00:00 AM,34395,13779,20616
3/12/2015 12:00:00 AM,5/2/2015 12:00:00 AM,35902,16020,19882
3/12/2015 12:00:00 AM,5/3/2015 12:00:00 AM,35681,14789,20892
3/12/2015 12:00:00 AM,5/4/2015 12:00:00 AM,35990,16426,19564
3/12/2015 12:00:00 AM,5/5/2015 12:00:00 AM,31218,14346,16872
3/12/2015 12:00:00 AM,5/6/2015 12:00:00 AM,31952,14346,17606
3/12/2015 12:00:00 AM,5/7/2015 12:00:00 AM,29409,14004,15405
3/12/2015 12:00:00 AM,5/8/2015 12:00:00 AM,30154,14188,15966
3/12/2015 12:00:00 AM,5/9/2015 12:00:00 AM,31041,15319,15722
3/12/2015 12:00:00 AM,5/10/2015 12:00:00 AM,29804,15319,14485
3/12/2015 12:00:00 AM,5/11/2015 12:00:00 AM,31517,14664,16853
3/12/2015 12:00:00 AM,5/12/2015 12:00:00 AM,29244,12783,16461
3/12/2015 12:00:00 AM,5/13/2015 12:00:00 AM,28427,12783,15644
3/12/2015 12:00:00 AM,5/14/2015 12:00:00 AM,28794,12503,16291
3/12/2015 12:00:00 AM,5/15/2015 12:00:00 AM,27271,12913,14358
3/12/2015 12:00:00 AM,5/16/2015 12:00:00 AM,29562,14104,15458
3/12/2015 12:00:00 AM,5/17/2015 12:00:00 AM,26563,12296,14267
3/12/2015 12:00:00 AM,5/18/2015 12:00:00 AM,25730,13353,12377
3/12/2015 12:00:00 AM,5/19/2015 12:00:00 AM,22743,10402,12341
3/12/2015 12:00:00 AM,5/20/2015 12:00:00 AM,22282,10310,11972
3/12/2015 12:00:00 AM,5/21/2015 12:00:00 AM,21029,9891,11138
3/12/2015 12:00:00 AM,5/22/2015 12:00:00 AM,19857,9836,10021
3/12/2015 12:00:00 AM,5/23/2015 12:00:00 AM,20526,11422,9104
3/12/2015 12:00:00 AM,5/24/2015 12:00:00 AM,18575,10170,8405
3/12/2015 12:00:00 AM,5/25/2015 12:00:00 AM,15708,8352,7356
3/12/2015 12:00:00 AM,5/26/2015 12:00:00 AM,14465,6669,7796
3/12/2015 12:00:00 AM,5/27/2015 12:00:00 AM,13842,6669,7173
3/12/2015 12:00:00 AM,5/28/2015 12:00:00 AM,12872,6389,6483
3/12/2015 12:00:00 AM,5/29/2015 12:00:00 AM,12923,6274,6649
3/12/2015 12:00:00 AM,5/30/2015 12:00:00 AM,14136,7714,6422
3/12/2015 12:00:00 AM,5/31/2015 12:00:00 AM,11605,7259,4346
3/12/2015 12:00:00 AM,6/1/2015 12:00:00 AM,6946,5553,1393
3/12/2015 12:00:00 AM,6/2/2015 12:00:00 AM,3643,2274,1369
3/12/2015 12:00:00 AM,6/3/2015 12:00:00 AM,4056,2574,1482
3/12/2015 12:00:00 AM,6/4/2015 12:00:00 AM,3643,2274,1369
3/12/2015 12:00:00 AM,6/5/2015 12:00:00 AM,3331,2274,1057
3/12/2015 12:00:00 AM,6/6/2015 12:00:00 AM,2443,2224,219
3/12/2015 12:00:00 AM,6/7/2015 12:00:00 AM,2443,2224,219
3/12/2015 12:00:00 AM,6/8/2015 12:00:00 AM,2182,1924,258
3/12/2015 12:00:00 AM,6/9/2015 12:00:00 AM,304,19,285
3/12/2015 12:00:00 AM,6/10/2015 12:00:00 AM,304,19,285
3/12/2015 12:00:00 AM,6/11/2015 12:00:00 AM,277,19,258
3/11/2015 12:00:00 AM,3/12/2015 12:00:00 AM,21343,9800,11543
3/11/2015 12:00:00 AM,3/13/2015 12:00:00 AM,21646,9365,12281
3/11/2015 12:00:00 AM,3/14/2015 12:00:00 AM,24744,11592,13152
3/11/2015 12:00:00 AM,3/15/2015 12:00:00 AM,24060,11178,12882
3/11/2015 12:00:00 AM,3/16/2015 12:00:00 AM,24684,11178,13506
3/11/2015 12:00:00 AM,3/17/2015 12:00:00 AM,24760,11778,12982
3/11/2015 12:00:00 AM,3/18/2015 12:00:00 AM,26239,11778,14461
3/11/2015 12:00:00 AM,3/19/2015 12:00:00 AM,25750,11628,14122
3/11/2015 12:00:00 AM,3/20/2015 12:00:00 AM,25587,11528,14059
3/11/2015 12:00:00 AM,3/21/2015 12:00:00 AM,27132,11846,15286
3/11/2015 12:00:00 AM,3/22/2015 12:00:00 AM,26952,12575,14377
3/11/2015 12:00:00 AM,3/23/2015 12:00:00 AM,29030,12546,16484
3/11/2015 12:00:00 AM,3/24/2015 12:00:00 AM,27129,12316,14813
3/11/2015 12:00:00 AM,3/25/2015 12:00:00 AM,28772,13369,15403
3/11/2015 12:00:00 AM,3/26/2015 12:00:00 AM,28251,13219,15032
3/11/2015 12:00:00 AM,3/27/2015 12:00:00 AM,29232,12757,16475
3/11/2015 12:00:00 AM,3/28/2015 12:00:00 AM,32205,13613,18592
3/11/2015 12:00:00 AM,3/29/2015 12:00:00 AM,32070,13491,18579
3/11/2015 12:00:00 AM,3/30/2015 12:00:00 AM,30436,14436,16000
3/11/2015 12:00:00 AM,3/31/2015 12:00:00 AM,28965,13293,15672
3/11/2015 12:00:00 AM,4/1/2015 12:00:00 AM,30058,13970,16088
3/11/2015 12:00:00 AM,4/2/2015 12:00:00 AM,29371,13527,15844
3/11/2015 12:00:00 AM,4/3/2015 12:00:00 AM,29459,13376,16083
3/11/2015 12:00:00 AM,4/4/2015 12:00:00 AM,31742,14404,17338
3/11/2015 12:00:00 AM,4/5/2015 12:00:00 AM,31797,14415,17382
3/11/2015 12:00:00 AM,4/6/2015 12:00:00 AM,32861,14787,18074
3/11/2015 12:00:00 AM,4/7/2015 12:00:00 AM,33674,15037,18637
3/11/2015 12:00:00 AM,4/8/2015 12:00:00 AM,31886,14636,17250
3/11/2015 12:00:00 AM,4/9/2015 12:00:00 AM,32846,15596,17250
3/11/2015 12:00:00 AM,4/10/2015 12:00:00 AM,33109,15907,17202
3/11/2015 12:00:00 AM,4/11/2015 12:00:00 AM,41781,19425,22356
3/11/2015 12:00:00 AM,4/12/2015 12:00:00 AM,41598,19605,21993
3/11/2015 12:00:00 AM,4/13/2015 12:00:00 AM,43295,19934,23361
3/11/2015 12:00:00 AM,4/14/2015 12:00:00 AM,41413,19616,21797
3/11/2015 12:00:00 AM,4/15/2015 12:00:00 AM,41056,19327,21729
3/11/2015 12:00:00 AM,4/16/2015 12:00:00 AM,41127,19276,21851
3/11/2015 12:00:00 AM,4/17/2015 12:00:00 AM,40619,19182,21437
3/11/2015 12:00:00 AM,4/18/2015 12:00:00 AM,42543,20120,22423
3/11/2015 12:00:00 AM,4/19/2015 12:00:00 AM,41698,19917,21781
3/11/2015 12:00:00 AM,4/20/2015 12:00:00 AM,42545,19755,22790
3/11/2015 12:00:00 AM,4/21/2015 12:00:00 AM,37117,15315,21802
3/11/2015 12:00:00 AM,4/22/2015 12:00:00 AM,36346,14797,21549
3/11/2015 12:00:00 AM,4/23/2015 12:00:00 AM,36690,15165,21525
3/11/2015 12:00:00 AM,4/24/2015 12:00:00 AM,37219,15061,22158
3/11/2015 12:00:00 AM,4/25/2015 12:00:00 AM,38774,16091,22683
3/11/2015 12:00:00 AM,4/26/2015 12:00:00 AM,38514,16100,22414
3/11/2015 12:00:00 AM,4/27/2015 12:00:00 AM,37356,15317,22039
3/11/2015 12:00:00 AM,4/28/2015 12:00:00 AM,36560,14555,22005
3/11/2015 12:00:00 AM,4/29/2015 12:00:00 AM,34731,14115,20616
3/11/2015 12:00:00 AM,4/30/2015 12:00:00 AM,35913,14555,21358
3/11/2015 12:00:00 AM,5/1/2015 12:00:00 AM,34395,13779,20616
3/11/2015 12:00:00 AM,5/2/2015 12:00:00 AM,35902,16020,19882
3/11/2015 12:00:00 AM,5/3/2015 12:00:00 AM,35681,14789,20892
3/11/2015 12:00:00 AM,5/4/2015 12:00:00 AM,35990,16426,19564
3/11/2015 12:00:00 AM,5/5/2015 12:00:00 AM,31218,14346,16872
3/11/2015 12:00:00 AM,5/6/2015 12:00:00 AM,31952,14346,17606
3/11/2015 12:00:00 AM,5/7/2015 12:00:00 AM,29409,14004,15405
3/11/2015 12:00:00 AM,5/8/2015 12:00:00 AM,30154,14188,15966
3/11/2015 12:00:00 AM,5/9/2015 12:00:00 AM,31041,15319,15722
3/11/2015 12:00:00 AM,5/10/2015 12:00:00 AM,29243,14758,14485
3/11/2015 12:00:00 AM,5/11/2015 12:00:00 AM,30956,14103,16853
3/11/2015 12:00:00 AM,5/12/2015 12:00:00 AM,29244,12783,16461
3/11/2015 12:00:00 AM,5/13/2015 12:00:00 AM,28427,12783,15644
3/11/2015 12:00:00 AM,5/14/2015 12:00:00 AM,28794,12503,16291
3/11/2015 12:00:00 AM,5/15/2015 12:00:00 AM,27271,12913,14358
3/11/2015 12:00:00 AM,5/16/2015 12:00:00 AM,29562,14104,15458
3/11/2015 12:00:00 AM,5/17/2015 12:00:00 AM,26563,12296,14267
3/11/2015 12:00:00 AM,5/18/2015 12:00:00 AM,25730,13353,12377
3/11/2015 12:00:00 AM,5/19/2015 12:00:00 AM,22743,10402,12341
3/11/2015 12:00:00 AM,5/20/2015 12:00:00 AM,22282,10310,11972
3/11/2015 12:00:00 AM,5/21/2015 12:00:00 AM,21029,9891,11138
3/11/2015 12:00:00 AM,5/22/2015 12:00:00 AM,19857,9836,10021
3/11/2015 12:00:00 AM,5/23/2015 12:00:00 AM,20526,11422,9104
3/11/2015 12:00:00 AM,5/24/2015 12:00:00 AM,18014,9609,8405
3/11/2015 12:00:00 AM,5/25/2015 12:00:00 AM,15147,7791,7356
3/11/2015 12:00:00 AM,5/26/2015 12:00:00 AM,14465,6669,7796
3/11/2015 12:00:00 AM,5/27/2015 12:00:00 AM,13842,6669,7173
3/11/2015 12:00:00 AM,5/28/2015 12:00:00 AM,12872,6389,6483
3/11/2015 12:00:00 AM,5/29/2015 12:00:00 AM,12923,6274,6649
3/11/2015 12:00:00 AM,5/30/2015 12:00:00 AM,14136,7714,6422
3/11/2015 12:00:00 AM,5/31/2015 12:00:00 AM,11605,7259,4346
3/11/2015 12:00:00 AM,6/1/2015 12:00:00 AM,6946,5553,1393
3/11/2015 12:00:00 AM,6/2/2015 12:00:00 AM,3643,2274,1369
3/11/2015 12:00:00 AM,6/3/2015 12:00:00 AM,4056,2574,1482
3/11/2015 12:00:00 AM,6/4/2015 12:00:00 AM,3643,2274,1369
3/11/2015 12:00:00 AM,6/5/2015 12:00:00 AM,3331,2274,1057
3/11/2015 12:00:00 AM,6/6/2015 12:00:00 AM,2443,2224,219
3/11/2015 12:00:00 AM,6/7/2015 12:00:00 AM,2443,2224,219
3/11/2015 12:00:00 AM,6/8/2015 12:00:00 AM,2182,1924,258
3/11/2015 12:00:00 AM,6/9/2015 12:00:00 AM,304,19,285
3/11/2015 12:00:00 AM,6/10/2015 12:00:00 AM,304,19,285
3/10/2015 12:00:00 AM,3/11/2015 12:00:00 AM,20510,8765,11745
3/10/2015 12:00:00 AM,3/12/2015 12:00:00 AM,21250,9365,11885
3/10/2015 12:00:00 AM,3/13/2015 12:00:00 AM,21988,9365,12623
3/10/2015 12:00:00 AM,3/14/2015 12:00:00 AM,24161,11007,13154
3/10/2015 12:00:00 AM,3/15/2015 12:00:00 AM,24062,11178,12884
3/10/2015 12:00:00 AM,3/16/2015 12:00:00 AM,24686,11178,13508
3/10/2015 12:00:00 AM,3/17/2015 12:00:00 AM,24762,11778,12984
3/10/2015 12:00:00 AM,3/18/2015 12:00:00 AM,25659,11778,13881
3/10/2015 12:00:00 AM,3/19/2015 12:00:00 AM,25170,11628,13542
3/10/2015 12:00:00 AM,3/20/2015 12:00:00 AM,25007,11528,13479
3/10/2015 12:00:00 AM,3/21/2015 12:00:00 AM,26552,11846,14706
3/10/2015 12:00:00 AM,3/22/2015 12:00:00 AM,26286,12575,13711
3/10/2015 12:00:00 AM,3/23/2015 12:00:00 AM,28364,12546,15818
3/10/2015 12:00:00 AM,3/24/2015 12:00:00 AM,26463,12316,14147
3/10/2015 12:00:00 AM,3/25/2015 12:00:00 AM,28106,13369,14737
3/10/2015 12:00:00 AM,3/26/2015 12:00:00 AM,27585,13219,14366
3/10/2015 12:00:00 AM,3/27/2015 12:00:00 AM,28566,12757,15809
3/10/2015 12:00:00 AM,3/28/2015 12:00:00 AM,31537,13613,17924
3/10/2015 12:00:00 AM,3/29/2015 12:00:00 AM,31402,13491,17911
3/10/2015 12:00:00 AM,3/30/2015 12:00:00 AM,29854,14436,15418
3/10/2015 12:00:00 AM,3/31/2015 12:00:00 AM,28383,13293,15090
3/10/2015 12:00:00 AM,4/1/2015 12:00:00 AM,29476,13970,15506
3/10/2015 12:00:00 AM,4/2/2015 12:00:00 AM,28789,13527,15262
3/10/2015 12:00:00 AM,4/3/2015 12:00:00 AM,28877,13376,15501
3/10/2015 12:00:00 AM,4/4/2015 12:00:00 AM,31160,14404,16756
3/10/2015 12:00:00 AM,4/5/2015 12:00:00 AM,31206,14406,16800
3/10/2015 12:00:00 AM,4/6/2015 12:00:00 AM,32270,14778,17492
3/10/2015 12:00:00 AM,4/7/2015 12:00:00 AM,33083,15028,18055
3/10/2015 12:00:00 AM,4/8/2015 12:00:00 AM,31295,14627,16668
3/10/2015 12:00:00 AM,4/9/2015 12:00:00 AM,32255,15587,16668
3/10/2015 12:00:00 AM,4/10/2015 12:00:00 AM,32518,15898,16620
3/10/2015 12:00:00 AM,4/11/2015 12:00:00 AM,40644,18870,21774
3/10/2015 12:00:00 AM,4/12/2015 12:00:00 AM,40390,19050,21340
3/10/2015 12:00:00 AM,4/13/2015 12:00:00 AM,42087,19379,22708
3/10/2015 12:00:00 AM,4/14/2015 12:00:00 AM,40205,19061,21144
3/10/2015 12:00:00 AM,4/15/2015 12:00:00 AM,39857,18781,21076
3/10/2015 12:00:00 AM,4/16/2015 12:00:00 AM,39928,18730,21198
3/10/2015 12:00:00 AM,4/17/2015 12:00:00 AM,39420,18636,20784
3/10/2015 12:00:00 AM,4/18/2015 12:00:00 AM,41415,19574,21841
3/10/2015 12:00:00 AM,4/19/2015 12:00:00 AM,40570,19371,21199
3/10/2015 12:00:00 AM,4/20/2015 12:00:00 AM,41417,19209,22208
3/10/2015 12:00:00 AM,4/21/2015 12:00:00 AM,36535,15315,21220
3/10/2015 12:00:00 AM,4/22/2015 12:00:00 AM,35764,14797,20967
3/10/2015 12:00:00 AM,4/23/2015 12:00:00 AM,36108,15165,20943
3/10/2015 12:00:00 AM,4/24/2015 12:00:00 AM,36637,15061,21576
3/10/2015 12:00:00 AM,4/25/2015 12:00:00 AM,38192,16091,22101
3/10/2015 12:00:00 AM,4/26/2015 12:00:00 AM,37932,16100,21832
3/10/2015 12:00:00 AM,4/27/2015 12:00:00 AM,36664,15207,21457
3/10/2015 12:00:00 AM,4/28/2015 12:00:00 AM,35868,14445,21423
3/10/2015 12:00:00 AM,4/29/2015 12:00:00 AM,34039,14005,20034
3/10/2015 12:00:00 AM,4/30/2015 12:00:00 AM,35221,14445,20776
3/10/2015 12:00:00 AM,5/1/2015 12:00:00 AM,33703,13669,20034
3/10/2015 12:00:00 AM,5/2/2015 12:00:00 AM,35902,16020,19882
3/10/2015 12:00:00 AM,5/3/2015 12:00:00 AM,35099,14789,20310
3/10/2015 12:00:00 AM,5/4/2015 12:00:00 AM,35990,16426,19564
3/10/2015 12:00:00 AM,5/5/2015 12:00:00 AM,31218,14346,16872
3/10/2015 12:00:00 AM,5/6/2015 12:00:00 AM,31952,14346,17606
3/10/2015 12:00:00 AM,5/7/2015 12:00:00 AM,29409,14004,15405
3/10/2015 12:00:00 AM,5/8/2015 12:00:00 AM,30154,14188,15966
3/10/2015 12:00:00 AM,5/9/2015 12:00:00 AM,31041,15319,15722
3/10/2015 12:00:00 AM,5/10/2015 12:00:00 AM,29243,14758,14485
3/10/2015 12:00:00 AM,5/11/2015 12:00:00 AM,30956,14103,16853
3/10/2015 12:00:00 AM,5/12/2015 12:00:00 AM,29244,12783,16461
3/10/2015 12:00:00 AM,5/13/2015 12:00:00 AM,28427,12783,15644
3/10/2015 12:00:00 AM,5/14/2015 12:00:00 AM,28794,12503,16291
3/10/2015 12:00:00 AM,5/15/2015 12:00:00 AM,27271,12913,14358
3/10/2015 12:00:00 AM,5/16/2015 12:00:00 AM,29562,14104,15458
3/10/2015 12:00:00 AM,5/17/2015 12:00:00 AM,26550,12296,14254
3/10/2015 12:00:00 AM,5/18/2015 12:00:00 AM,25717,13353,12364
3/10/2015 12:00:00 AM,5/19/2015 12:00:00 AM,22730,10402,12328
3/10/2015 12:00:00 AM,5/20/2015 12:00:00 AM,22269,10310,11959
3/10/2015 12:00:00 AM,5/21/2015 12:00:00 AM,21016,9891,11125
3/10/2015 12:00:00 AM,5/22/2015 12:00:00 AM,19844,9836,10008
3/10/2015 12:00:00 AM,5/23/2015 12:00:00 AM,20526,11422,9104
3/10/2015 12:00:00 AM,5/24/2015 12:00:00 AM,18014,9609,8405
3/10/2015 12:00:00 AM,5/25/2015 12:00:00 AM,15147,7791,7356
3/10/2015 12:00:00 AM,5/26/2015 12:00:00 AM,14465,6669,7796
3/10/2015 12:00:00 AM,5/27/2015 12:00:00 AM,13842,6669,7173
3/10/2015 12:00:00 AM,5/28/2015 12:00:00 AM,12872,6389,6483
3/10/2015 12:00:00 AM,5/29/2015 12:00:00 AM,12923,6274,6649
3/10/2015 12:00:00 AM,5/30/2015 12:00:00 AM,14136,7714,6422
3/10/2015 12:00:00 AM,5/31/2015 12:00:00 AM,11605,7259,4346
3/10/2015 12:00:00 AM,6/1/2015 12:00:00 AM,6846,5453,1393
3/10/2015 12:00:00 AM,6/2/2015 12:00:00 AM,3593,2224,1369
3/10/2015 12:00:00 AM,6/3/2015 12:00:00 AM,3706,2224,1482
3/10/2015 12:00:00 AM,6/4/2015 12:00:00 AM,3593,2224,1369
3/10/2015 12:00:00 AM,6/5/2015 12:00:00 AM,3281,2224,1057
3/10/2015 12:00:00 AM,6/6/2015 12:00:00 AM,2443,2224,219
3/10/2015 12:00:00 AM,6/7/2015 12:00:00 AM,2443,2224,219
3/10/2015 12:00:00 AM,6/8/2015 12:00:00 AM,2182,1924,258
3/10/2015 12:00:00 AM,6/9/2015 12:00:00 AM,304,19,285
3/9/2015 12:00:00 AM,3/10/2015 12:00:00 AM,20551,8765,11786
3/9/2015 12:00:00 AM,3/11/2015 12:00:00 AM,20571,8615,11956
3/9/2015 12:00:00 AM,3/12/2015 12:00:00 AM,21311,9215,12096
3/9/2015 12:00:00 AM,3/13/2015 12:00:00 AM,22059,9365,12694
3/9/2015 12:00:00 AM,3/14/2015 12:00:00 AM,25074,11007,14067
3/9/2015 12:00:00 AM,3/15/2015 12:00:00 AM,24062,11178,12884
3/9/2015 12:00:00 AM,3/16/2015 12:00:00 AM,24757,11178,13579
3/9/2015 12:00:00 AM,3/17/2015 12:00:00 AM,24762,11778,12984
3/9/2015 12:00:00 AM,3/18/2015 12:00:00 AM,24703,10822,13881
3/9/2015 12:00:00 AM,3/19/2015 12:00:00 AM,24214,10672,13542
3/9/2015 12:00:00 AM,3/20/2015 12:00:00 AM,24051,10572,13479
3/9/2015 12:00:00 AM,3/21/2015 12:00:00 AM,25596,10890,14706
3/9/2015 12:00:00 AM,3/22/2015 12:00:00 AM,25330,11619,13711
3/9/2015 12:00:00 AM,3/23/2015 12:00:00 AM,27518,11700,15818
3/9/2015 12:00:00 AM,3/24/2015 12:00:00 AM,25617,11470,14147
3/9/2015 12:00:00 AM,3/25/2015 12:00:00 AM,27260,12523,14737
3/9/2015 12:00:00 AM,3/26/2015 12:00:00 AM,26739,12373,14366
3/9/2015 12:00:00 AM,3/27/2015 12:00:00 AM,27610,11801,15809
3/9/2015 12:00:00 AM,3/28/2015 12:00:00 AM,31537,13613,17924
3/9/2015 12:00:00 AM,3/29/2015 12:00:00 AM,31512,13601,17911
3/9/2015 12:00:00 AM,3/30/2015 12:00:00 AM,29964,14546,15418
3/9/2015 12:00:00 AM,3/31/2015 12:00:00 AM,28493,13403,15090
3/9/2015 12:00:00 AM,4/1/2015 12:00:00 AM,29586,14080,15506
3/9/2015 12:00:00 AM,4/2/2015 12:00:00 AM,28899,13637,15262
3/9/2015 12:00:00 AM,4/3/2015 12:00:00 AM,28987,13486,15501
3/9/2015 12:00:00 AM,4/4/2015 12:00:00 AM,31160,14404,16756
3/9/2015 12:00:00 AM,4/5/2015 12:00:00 AM,31206,14406,16800
3/9/2015 12:00:00 AM,4/6/2015 12:00:00 AM,32270,14778,17492
3/9/2015 12:00:00 AM,4/7/2015 12:00:00 AM,33083,15028,18055
3/9/2015 12:00:00 AM,4/8/2015 12:00:00 AM,31295,14627,16668
3/9/2015 12:00:00 AM,4/9/2015 12:00:00 AM,32255,15587,16668
3/9/2015 12:00:00 AM,4/10/2015 12:00:00 AM,32518,15898,16620
3/9/2015 12:00:00 AM,4/11/2015 12:00:00 AM,41063,19289,21774
3/9/2015 12:00:00 AM,4/12/2015 12:00:00 AM,40390,19050,21340
3/9/2015 12:00:00 AM,4/13/2015 12:00:00 AM,42442,19734,22708
3/9/2015 12:00:00 AM,4/14/2015 12:00:00 AM,40141,18997,21144
3/9/2015 12:00:00 AM,4/15/2015 12:00:00 AM,39793,18717,21076
3/9/2015 12:00:00 AM,4/16/2015 12:00:00 AM,39864,18666,21198
3/9/2015 12:00:00 AM,4/17/2015 12:00:00 AM,39356,18572,20784
3/9/2015 12:00:00 AM,4/18/2015 12:00:00 AM,42184,20343,21841
3/9/2015 12:00:00 AM,4/19/2015 12:00:00 AM,41339,20140,21199
3/9/2015 12:00:00 AM,4/20/2015 12:00:00 AM,42186,19978,22208
3/9/2015 12:00:00 AM,4/21/2015 12:00:00 AM,37304,16084,21220
3/9/2015 12:00:00 AM,4/22/2015 12:00:00 AM,36533,15566,20967
3/9/2015 12:00:00 AM,4/23/2015 12:00:00 AM,36877,15934,20943
3/9/2015 12:00:00 AM,4/24/2015 12:00:00 AM,37406,15830,21576
3/9/2015 12:00:00 AM,4/25/2015 12:00:00 AM,38961,16860,22101
3/9/2015 12:00:00 AM,4/26/2015 12:00:00 AM,37932,16100,21832
3/9/2015 12:00:00 AM,4/27/2015 12:00:00 AM,37687,16395,21292
3/9/2015 12:00:00 AM,4/28/2015 12:00:00 AM,36122,14864,21258
3/9/2015 12:00:00 AM,4/29/2015 12:00:00 AM,34293,14424,19869
3/9/2015 12:00:00 AM,4/30/2015 12:00:00 AM,35056,14445,20611
3/9/2015 12:00:00 AM,5/1/2015 12:00:00 AM,33957,14088,19869
3/9/2015 12:00:00 AM,5/2/2015 12:00:00 AM,35318,15601,19717
3/9/2015 12:00:00 AM,5/3/2015 12:00:00 AM,34934,14789,20145
3/9/2015 12:00:00 AM,5/4/2015 12:00:00 AM,34802,15238,19564
3/9/2015 12:00:00 AM,5/5/2015 12:00:00 AM,30449,13577,16872
3/9/2015 12:00:00 AM,5/6/2015 12:00:00 AM,31183,13577,17606
3/9/2015 12:00:00 AM,5/7/2015 12:00:00 AM,28640,13235,15405
3/9/2015 12:00:00 AM,5/8/2015 12:00:00 AM,29385,13419,15966
3/9/2015 12:00:00 AM,5/9/2015 12:00:00 AM,30272,14550,15722
3/9/2015 12:00:00 AM,5/10/2015 12:00:00 AM,28474,13989,14485
3/9/2015 12:00:00 AM,5/11/2015 12:00:00 AM,30187,13334,16853
3/9/2015 12:00:00 AM,5/12/2015 12:00:00 AM,28475,12014,16461
3/9/2015 12:00:00 AM,5/13/2015 12:00:00 AM,27658,12014,15644
3/9/2015 12:00:00 AM,5/14/2015 12:00:00 AM,28025,11734,16291
3/9/2015 12:00:00 AM,5/15/2015 12:00:00 AM,26502,12144,14358
3/9/2015 12:00:00 AM,5/16/2015 12:00:00 AM,28793,13335,15458
3/9/2015 12:00:00 AM,5/17/2015 12:00:00 AM,26550,12296,14254
3/9/2015 12:00:00 AM,5/18/2015 12:00:00 AM,24529,12165,12364
3/9/2015 12:00:00 AM,5/19/2015 12:00:00 AM,22311,9983,12328
3/9/2015 12:00:00 AM,5/20/2015 12:00:00 AM,21850,9891,11959
3/9/2015 12:00:00 AM,5/21/2015 12:00:00 AM,21016,9891,11125
3/9/2015 12:00:00 AM,5/22/2015 12:00:00 AM,19425,9417,10008
3/9/2015 12:00:00 AM,5/23/2015 12:00:00 AM,20526,11422,9104
3/9/2015 12:00:00 AM,5/24/2015 12:00:00 AM,18014,9609,8405
3/9/2015 12:00:00 AM,5/25/2015 12:00:00 AM,15147,7791,7356
3/9/2015 12:00:00 AM,5/26/2015 12:00:00 AM,14465,6669,7796
3/9/2015 12:00:00 AM,5/27/2015 12:00:00 AM,13842,6669,7173
3/9/2015 12:00:00 AM,5/28/2015 12:00:00 AM,12872,6389,6483
3/9/2015 12:00:00 AM,5/29/2015 12:00:00 AM,12923,6274,6649
3/9/2015 12:00:00 AM,5/30/2015 12:00:00 AM,14136,7714,6422
3/9/2015 12:00:00 AM,5/31/2015 12:00:00 AM,11605,7259,4346
3/9/2015 12:00:00 AM,6/1/2015 12:00:00 AM,6846,5453,1393
3/9/2015 12:00:00 AM,6/2/2015 12:00:00 AM,3593,2224,1369
3/9/2015 12:00:00 AM,6/3/2015 12:00:00 AM,3706,2224,1482
3/9/2015 12:00:00 AM,6/4/2015 12:00:00 AM,3593,2224,1369
3/9/2015 12:00:00 AM,6/5/2015 12:00:00 AM,3281,2224,1057
3/9/2015 12:00:00 AM,6/6/2015 12:00:00 AM,2443,2224,219
3/9/2015 12:00:00 AM,6/7/2015 12:00:00 AM,2443,2224,219
3/9/2015 12:00:00 AM,6/8/2015 12:00:00 AM,2182,1924,258
3/8/2015 12:00:00 AM,3/9/2015 12:00:00 AM,20564,8638,11926
3/8/2015 12:00:00 AM,3/10/2015 12:00:00 AM,20691,8765,11926
3/8/2015 12:00:00 AM,3/11/2015 12:00:00 AM,20571,8615,11956
3/8/2015 12:00:00 AM,3/12/2015 12:00:00 AM,21311,9215,12096
3/8/2015 12:00:00 AM,3/13/2015 12:00:00 AM,22059,9365,12694
3/8/2015 12:00:00 AM,3/14/2015 12:00:00 AM,25074,11007,14067
3/8/2015 12:00:00 AM,3/15/2015 12:00:00 AM,24062,11178,12884
3/8/2015 12:00:00 AM,3/16/2015 12:00:00 AM,24757,11178,13579
3/8/2015 12:00:00 AM,3/17/2015 12:00:00 AM,24762,11778,12984
3/8/2015 12:00:00 AM,3/18/2015 12:00:00 AM,24640,10822,13818
3/8/2015 12:00:00 AM,3/19/2015 12:00:00 AM,24214,10672,13542
3/8/2015 12:00:00 AM,3/20/2015 12:00:00 AM,23988,10572,13416
3/8/2015 12:00:00 AM,3/21/2015 12:00:00 AM,25596,10890,14706
3/8/2015 12:00:00 AM,3/22/2015 12:00:00 AM,25330,11619,13711
3/8/2015 12:00:00 AM,3/23/2015 12:00:00 AM,27518,11700,15818
3/8/2015 12:00:00 AM,3/24/2015 12:00:00 AM,25617,11470,14147
3/8/2015 12:00:00 AM,3/25/2015 12:00:00 AM,27260,12523,14737
3/8/2015 12:00:00 AM,3/26/2015 12:00:00 AM,26739,12373,14366
3/8/2015 12:00:00 AM,3/27/2015 12:00:00 AM,27610,11801,15809
3/8/2015 12:00:00 AM,3/28/2015 12:00:00 AM,31537,13613,17924
3/8/2015 12:00:00 AM,3/29/2015 12:00:00 AM,31512,13601,17911
3/8/2015 12:00:00 AM,3/30/2015 12:00:00 AM,29964,14546,15418
3/8/2015 12:00:00 AM,3/31/2015 12:00:00 AM,28493,13403,15090
3/8/2015 12:00:00 AM,4/1/2015 12:00:00 AM,29586,14080,15506
3/8/2015 12:00:00 AM,4/2/2015 12:00:00 AM,28899,13637,15262
3/8/2015 12:00:00 AM,4/3/2015 12:00:00 AM,28987,13486,15501
3/8/2015 12:00:00 AM,4/4/2015 12:00:00 AM,31160,14404,16756
3/8/2015 12:00:00 AM,4/5/2015 12:00:00 AM,31206,14406,16800
3/8/2015 12:00:00 AM,4/6/2015 12:00:00 AM,32270,14778,17492
3/8/2015 12:00:00 AM,4/7/2015 12:00:00 AM,33083,15028,18055
3/8/2015 12:00:00 AM,4/8/2015 12:00:00 AM,31295,14627,16668
3/8/2015 12:00:00 AM,4/9/2015 12:00:00 AM,32255,15587,16668
3/8/2015 12:00:00 AM,4/10/2015 12:00:00 AM,32518,15898,16620
3/8/2015 12:00:00 AM,4/11/2015 12:00:00 AM,41063,19289,21774
3/8/2015 12:00:00 AM,4/12/2015 12:00:00 AM,40390,19050,21340
3/8/2015 12:00:00 AM,4/13/2015 12:00:00 AM,42442,19734,22708
3/8/2015 12:00:00 AM,4/14/2015 12:00:00 AM,40141,18997,21144
3/8/2015 12:00:00 AM,4/15/2015 12:00:00 AM,39793,18717,21076
3/8/2015 12:00:00 AM,4/16/2015 12:00:00 AM,39864,18666,21198
3/8/2015 12:00:00 AM,4/17/2015 12:00:00 AM,39356,18572,20784
3/8/2015 12:00:00 AM,4/18/2015 12:00:00 AM,42184,20343,21841
3/8/2015 12:00:00 AM,4/19/2015 12:00:00 AM,41339,20140,21199
3/8/2015 12:00:00 AM,4/20/2015 12:00:00 AM,42186,19978,22208
3/8/2015 12:00:00 AM,4/21/2015 12:00:00 AM,37304,16084,21220
3/8/2015 12:00:00 AM,4/22/2015 12:00:00 AM,36533,15566,20967
3/8/2015 12:00:00 AM,4/23/2015 12:00:00 AM,36877,15934,20943
3/8/2015 12:00:00 AM,4/24/2015 12:00:00 AM,37406,15830,21576
3/8/2015 12:00:00 AM,4/25/2015 12:00:00 AM,38961,16860,22101
3/8/2015 12:00:00 AM,4/26/2015 12:00:00 AM,37932,16100,21832
3/8/2015 12:00:00 AM,4/27/2015 12:00:00 AM,37687,16395,21292
3/8/2015 12:00:00 AM,4/28/2015 12:00:00 AM,36122,14864,21258
3/8/2015 12:00:00 AM,4/29/2015 12:00:00 AM,34293,14424,19869
3/8/2015 12:00:00 AM,4/30/2015 12:00:00 AM,35056,14445,20611
3/8/2015 12:00:00 AM,5/1/2015 12:00:00 AM,33957,14088,19869
3/8/2015 12:00:00 AM,5/2/2015 12:00:00 AM,35318,15601,19717
3/8/2015 12:00:00 AM,5/3/2015 12:00:00 AM,34934,14789,20145
3/8/2015 12:00:00 AM,5/4/2015 12:00:00 AM,34802,15238,19564
3/8/2015 12:00:00 AM,5/5/2015 12:00:00 AM,30449,13577,16872
3/8/2015 12:00:00 AM,5/6/2015 12:00:00 AM,31183,13577,17606
3/8/2015 12:00:00 AM,5/7/2015 12:00:00 AM,28640,13235,15405
3/8/2015 12:00:00 AM,5/8/2015 12:00:00 AM,29385,13419,15966
3/8/2015 12:00:00 AM,5/9/2015 12:00:00 AM,30272,14550,15722
3/8/2015 12:00:00 AM,5/10/2015 12:00:00 AM,28474,13989,14485
3/8/2015 12:00:00 AM,5/11/2015 12:00:00 AM,30187,13334,16853
3/8/2015 12:00:00 AM,5/12/2015 12:00:00 AM,28475,12014,16461
3/8/2015 12:00:00 AM,5/13/2015 12:00:00 AM,27658,12014,15644
3/8/2015 12:00:00 AM,5/14/2015 12:00:00 AM,28025,11734,16291
3/8/2015 12:00:00 AM,5/15/2015 12:00:00 AM,26502,12144,14358
3/8/2015 12:00:00 AM,5/16/2015 12:00:00 AM,28793,13335,15458
3/8/2015 12:00:00 AM,5/17/2015 12:00:00 AM,26550,12296,14254
3/8/2015 12:00:00 AM,5/18/2015 12:00:00 AM,24529,12165,12364
3/8/2015 12:00:00 AM,5/19/2015 12:00:00 AM,22311,9983,12328
3/8/2015 12:00:00 AM,5/20/2015 12:00:00 AM,21850,9891,11959
3/8/2015 12:00:00 AM,5/21/2015 12:00:00 AM,21016,9891,11125
3/8/2015 12:00:00 AM,5/22/2015 12:00:00 AM,19425,9417,10008
3/8/2015 12:00:00 AM,5/23/2015 12:00:00 AM,20526,11422,9104
3/8/2015 12:00:00 AM,5/24/2015 12:00:00 AM,18014,9609,8405
3/8/2015 12:00:00 AM,5/25/2015 12:00:00 AM,15147,7791,7356
3/8/2015 12:00:00 AM,5/26/2015 12:00:00 AM,14465,6669,7796
3/8/2015 12:00:00 AM,5/27/2015 12:00:00 AM,13842,6669,7173
3/8/2015 12:00:00 AM,5/28/2015 12:00:00 AM,12872,6389,6483
3/8/2015 12:00:00 AM,5/29/2015 12:00:00 AM,12923,6274,6649
3/8/2015 12:00:00 AM,5/30/2015 12:00:00 AM,14136,7714,6422
3/8/2015 12:00:00 AM,5/31/2015 12:00:00 AM,11605,7259,4346
3/8/2015 12:00:00 AM,6/1/2015 12:00:00 AM,6846,5453,1393
3/8/2015 12:00:00 AM,6/2/2015 12:00:00 AM,3593,2224,1369
3/8/2015 12:00:00 AM,6/3/2015 12:00:00 AM,3706,2224,1482
3/8/2015 12:00:00 AM,6/4/2015 12:00:00 AM,3593,2224,1369
3/8/2015 12:00:00 AM,6/5/2015 12:00:00 AM,3281,2224,1057
3/8/2015 12:00:00 AM,6/6/2015 12:00:00 AM,2443,2224,219
3/8/2015 12:00:00 AM,6/7/2015 12:00:00 AM,2443,2224,219
3/7/2015 12:00:00 AM,3/8/2015 12:00:00 AM,18324,7098,11226
3/7/2015 12:00:00 AM,3/9/2015 12:00:00 AM,20444,8638,11806
3/7/2015 12:00:00 AM,3/10/2015 12:00:00 AM,20551,8765,11786
3/7/2015 12:00:00 AM,3/11/2015 12:00:00 AM,20571,8615,11956
3/7/2015 12:00:00 AM,3/12/2015 12:00:00 AM,21311,9215,12096
3/7/2015 12:00:00 AM,3/13/2015 12:00:00 AM,22059,9365,12694
3/7/2015 12:00:00 AM,3/14/2015 12:00:00 AM,25074,11007,14067
3/7/2015 12:00:00 AM,3/15/2015 12:00:00 AM,24062,11178,12884
3/7/2015 12:00:00 AM,3/16/2015 12:00:00 AM,24757,11178,13579
3/7/2015 12:00:00 AM,3/17/2015 12:00:00 AM,24762,11778,12984
3/7/2015 12:00:00 AM,3/18/2015 12:00:00 AM,24640,10822,13818
3/7/2015 12:00:00 AM,3/19/2015 12:00:00 AM,24214,10672,13542
3/7/2015 12:00:00 AM,3/20/2015 12:00:00 AM,23988,10572,13416
3/7/2015 12:00:00 AM,3/21/2015 12:00:00 AM,25596,10890,14706
3/7/2015 12:00:00 AM,3/22/2015 12:00:00 AM,25330,11619,13711
3/7/2015 12:00:00 AM,3/23/2015 12:00:00 AM,27518,11700,15818
3/7/2015 12:00:00 AM,3/24/2015 12:00:00 AM,25617,11470,14147
3/7/2015 12:00:00 AM,3/25/2015 12:00:00 AM,27260,12523,14737
3/7/2015 12:00:00 AM,3/26/2015 12:00:00 AM,26739,12373,14366
3/7/2015 12:00:00 AM,3/27/2015 12:00:00 AM,27610,11801,15809
3/7/2015 12:00:00 AM,3/28/2015 12:00:00 AM,31537,13613,17924
3/7/2015 12:00:00 AM,3/29/2015 12:00:00 AM,31512,13601,17911
3/7/2015 12:00:00 AM,3/30/2015 12:00:00 AM,29964,14546,15418
3/7/2015 12:00:00 AM,3/31/2015 12:00:00 AM,28493,13403,15090
3/7/2015 12:00:00 AM,4/1/2015 12:00:00 AM,29586,14080,15506
3/7/2015 12:00:00 AM,4/2/2015 12:00:00 AM,28899,13637,15262
3/7/2015 12:00:00 AM,4/3/2015 12:00:00 AM,28987,13486,15501
3/7/2015 12:00:00 AM,4/4/2015 12:00:00 AM,31160,14404,16756
3/7/2015 12:00:00 AM,4/5/2015 12:00:00 AM,31206,14406,16800
3/7/2015 12:00:00 AM,4/6/2015 12:00:00 AM,32270,14778,17492
3/7/2015 12:00:00 AM,4/7/2015 12:00:00 AM,33083,15028,18055
3/7/2015 12:00:00 AM,4/8/2015 12:00:00 AM,31295,14627,16668
3/7/2015 12:00:00 AM,4/9/2015 12:00:00 AM,32255,15587,16668
3/7/2015 12:00:00 AM,4/10/2015 12:00:00 AM,32518,15898,16620
3/7/2015 12:00:00 AM,4/11/2015 12:00:00 AM,41063,19289,21774
3/7/2015 12:00:00 AM,4/12/2015 12:00:00 AM,40390,19050,21340
3/7/2015 12:00:00 AM,4/13/2015 12:00:00 AM,42442,19734,22708
3/7/2015 12:00:00 AM,4/14/2015 12:00:00 AM,40141,18997,21144
3/7/2015 12:00:00 AM,4/15/2015 12:00:00 AM,39793,18717,21076
3/7/2015 12:00:00 AM,4/16/2015 12:00:00 AM,39864,18666,21198
3/7/2015 12:00:00 AM,4/17/2015 12:00:00 AM,39356,18572,20784
3/7/2015 12:00:00 AM,4/18/2015 12:00:00 AM,42184,20343,21841
3/7/2015 12:00:00 AM,4/19/2015 12:00:00 AM,41339,20140,21199
3/7/2015 12:00:00 AM,4/20/2015 12:00:00 AM,42186,19978,22208
3/7/2015 12:00:00 AM,4/21/2015 12:00:00 AM,37304,16084,21220
3/7/2015 12:00:00 AM,4/22/2015 12:00:00 AM,36533,15566,20967
3/7/2015 12:00:00 AM,4/23/2015 12:00:00 AM,36877,15934,20943
3/7/2015 12:00:00 AM,4/24/2015 12:00:00 AM,37406,15830,21576
3/7/2015 12:00:00 AM,4/25/2015 12:00:00 AM,38961,16860,22101
3/7/2015 12:00:00 AM,4/26/2015 12:00:00 AM,37932,16100,21832
3/7/2015 12:00:00 AM,4/27/2015 12:00:00 AM,37687,16395,21292
3/7/2015 12:00:00 AM,4/28/2015 12:00:00 AM,36122,14864,21258
3/7/2015 12:00:00 AM,4/29/2015 12:00:00 AM,34293,14424,19869
3/7/2015 12:00:00 AM,4/30/2015 12:00:00 AM,35056,14445,20611
3/7/2015 12:00:00 AM,5/1/2015 12:00:00 AM,33957,14088,19869
3/7/2015 12:00:00 AM,5/2/2015 12:00:00 AM,35318,15601,19717
3/7/2015 12:00:00 AM,5/3/2015 12:00:00 AM,34934,14789,20145
3/7/2015 12:00:00 AM,5/4/2015 12:00:00 AM,34802,15238,19564
3/7/2015 12:00:00 AM,5/5/2015 12:00:00 AM,30449,13577,16872
3/7/2015 12:00:00 AM,5/6/2015 12:00:00 AM,31183,13577,17606
3/7/2015 12:00:00 AM,5/7/2015 12:00:00 AM,28640,13235,15405
3/7/2015 12:00:00 AM,5/8/2015 12:00:00 AM,29385,13419,15966
3/7/2015 12:00:00 AM,5/9/2015 12:00:00 AM,30272,14550,15722
3/7/2015 12:00:00 AM,5/10/2015 12:00:00 AM,28474,13989,14485
3/7/2015 12:00:00 AM,5/11/2015 12:00:00 AM,30187,13334,16853
3/7/2015 12:00:00 AM,5/12/2015 12:00:00 AM,28475,12014,16461
3/7/2015 12:00:00 AM,5/13/2015 12:00:00 AM,27658,12014,15644
3/7/2015 12:00:00 AM,5/14/2015 12:00:00 AM,28025,11734,16291
3/7/2015 12:00:00 AM,5/15/2015 12:00:00 AM,26502,12144,14358
3/7/2015 12:00:00 AM,5/16/2015 12:00:00 AM,28793,13335,15458
3/7/2015 12:00:00 AM,5/17/2015 12:00:00 AM,26550,12296,14254
3/7/2015 12:00:00 AM,5/18/2015 12:00:00 AM,24529,12165,12364
3/7/2015 12:00:00 AM,5/19/2015 12:00:00 AM,22311,9983,12328
3/7/2015 12:00:00 AM,5/20/2015 12:00:00 AM,21850,9891,11959
3/7/2015 12:00:00 AM,5/21/2015 12:00:00 AM,21016,9891,11125
3/7/2015 12:00:00 AM,5/22/2015 12:00:00 AM,19425,9417,10008
3/7/2015 12:00:00 AM,5/23/2015 12:00:00 AM,20526,11422,9104
3/7/2015 12:00:00 AM,5/24/2015 12:00:00 AM,18014,9609,8405
3/7/2015 12:00:00 AM,5/25/2015 12:00:00 AM,15147,7791,7356
3/7/2015 12:00:00 AM,5/26/2015 12:00:00 AM,14465,6669,7796
3/7/2015 12:00:00 AM,5/27/2015 12:00:00 AM,13842,6669,7173
3/7/2015 12:00:00 AM,5/28/2015 12:00:00 AM,12872,6389,6483
3/7/2015 12:00:00 AM,5/29/2015 12:00:00 AM,12923,6274,6649
3/7/2015 12:00:00 AM,5/30/2015 12:00:00 AM,14136,7714,6422
3/7/2015 12:00:00 AM,5/31/2015 12:00:00 AM,11605,7259,4346
3/7/2015 12:00:00 AM,6/1/2015 12:00:00 AM,6846,5453,1393
3/7/2015 12:00:00 AM,6/2/2015 12:00:00 AM,3593,2224,1369
3/7/2015 12:00:00 AM,6/3/2015 12:00:00 AM,3706,2224,1482
3/7/2015 12:00:00 AM,6/4/2015 12:00:00 AM,3593,2224,1369
3/7/2015 12:00:00 AM,6/5/2015 12:00:00 AM,3281,2224,1057
3/7/2015 12:00:00 AM,6/6/2015 12:00:00 AM,2443,2224,219
3/6/2015 12:00:00 AM,3/7/2015 12:00:00 AM,17024,7296,9728
3/6/2015 12:00:00 AM,3/8/2015 12:00:00 AM,18522,7296,11226
3/6/2015 12:00:00 AM,3/9/2015 12:00:00 AM,20642,8836,11806
3/6/2015 12:00:00 AM,3/10/2015 12:00:00 AM,20749,8963,11786
3/6/2015 12:00:00 AM,3/11/2015 12:00:00 AM,19813,7857,11956
3/6/2015 12:00:00 AM,3/12/2015 12:00:00 AM,20553,8457,12096
3/6/2015 12:00:00 AM,3/13/2015 12:00:00 AM,21301,8607,12694
3/6/2015 12:00:00 AM,3/14/2015 12:00:00 AM,24316,10249,14067
3/6/2015 12:00:00 AM,3/15/2015 12:00:00 AM,23106,10222,12884
3/6/2015 12:00:00 AM,3/16/2015 12:00:00 AM,23999,10420,13579
3/6/2015 12:00:00 AM,3/17/2015 12:00:00 AM,23806,10822,12984
3/6/2015 12:00:00 AM,3/18/2015 12:00:00 AM,24640,10822,13818
3/6/2015 12:00:00 AM,3/19/2015 12:00:00 AM,24214,10672,13542
3/6/2015 12:00:00 AM,3/20/2015 12:00:00 AM,23988,10572,13416
3/6/2015 12:00:00 AM,3/21/2015 12:00:00 AM,25596,10890,14706
3/6/2015 12:00:00 AM,3/22/2015 12:00:00 AM,25330,11619,13711
3/6/2015 12:00:00 AM,3/23/2015 12:00:00 AM,27518,11700,15818
3/6/2015 12:00:00 AM,3/24/2015 12:00:00 AM,25617,11470,14147
3/6/2015 12:00:00 AM,3/25/2015 12:00:00 AM,27260,12523,14737
3/6/2015 12:00:00 AM,3/26/2015 12:00:00 AM,26739,12373,14366
3/6/2015 12:00:00 AM,3/27/2015 12:00:00 AM,27610,11801,15809
3/6/2015 12:00:00 AM,3/28/2015 12:00:00 AM,31537,13613,17924
3/6/2015 12:00:00 AM,3/29/2015 12:00:00 AM,31512,13601,17911
3/6/2015 12:00:00 AM,3/30/2015 12:00:00 AM,29964,14546,15418
3/6/2015 12:00:00 AM,3/31/2015 12:00:00 AM,28493,13403,15090
3/6/2015 12:00:00 AM,4/1/2015 12:00:00 AM,29586,14080,15506
3/6/2015 12:00:00 AM,4/2/2015 12:00:00 AM,28899,13637,15262
3/6/2015 12:00:00 AM,4/3/2015 12:00:00 AM,28987,13486,15501
3/6/2015 12:00:00 AM,4/4/2015 12:00:00 AM,31160,14404,16756
3/6/2015 12:00:00 AM,4/5/2015 12:00:00 AM,31206,14406,16800
3/6/2015 12:00:00 AM,4/6/2015 12:00:00 AM,31970,14478,17492
3/6/2015 12:00:00 AM,4/7/2015 12:00:00 AM,32783,14728,18055
3/6/2015 12:00:00 AM,4/8/2015 12:00:00 AM,30995,14327,16668
3/6/2015 12:00:00 AM,4/9/2015 12:00:00 AM,31955,15287,16668
3/6/2015 12:00:00 AM,4/10/2015 12:00:00 AM,32218,15598,16620
3/6/2015 12:00:00 AM,4/11/2015 12:00:00 AM,40763,18989,21774
3/6/2015 12:00:00 AM,4/12/2015 12:00:00 AM,40090,18750,21340
3/6/2015 12:00:00 AM,4/13/2015 12:00:00 AM,42142,19434,22708
3/6/2015 12:00:00 AM,4/14/2015 12:00:00 AM,39841,18697,21144
3/6/2015 12:00:00 AM,4/15/2015 12:00:00 AM,39493,18417,21076
3/6/2015 12:00:00 AM,4/16/2015 12:00:00 AM,39564,18366,21198
3/6/2015 12:00:00 AM,4/17/2015 12:00:00 AM,39056,18272,20784
3/6/2015 12:00:00 AM,4/18/2015 12:00:00 AM,41884,20043,21841
3/6/2015 12:00:00 AM,4/19/2015 12:00:00 AM,41339,20140,21199
3/6/2015 12:00:00 AM,4/20/2015 12:00:00 AM,42186,19978,22208
3/6/2015 12:00:00 AM,4/21/2015 12:00:00 AM,37304,16084,21220
3/6/2015 12:00:00 AM,4/22/2015 12:00:00 AM,36533,15566,20967
3/6/2015 12:00:00 AM,4/23/2015 12:00:00 AM,36877,15934,20943
3/6/2015 12:00:00 AM,4/24/2015 12:00:00 AM,37406,15830,21576
3/6/2015 12:00:00 AM,4/25/2015 12:00:00 AM,38961,16860,22101
3/6/2015 12:00:00 AM,4/26/2015 12:00:00 AM,37932,16100,21832
3/6/2015 12:00:00 AM,4/27/2015 12:00:00 AM,37687,16395,21292
3/6/2015 12:00:00 AM,4/28/2015 12:00:00 AM,36122,14864,21258
3/6/2015 12:00:00 AM,4/29/2015 12:00:00 AM,34293,14424,19869
3/6/2015 12:00:00 AM,4/30/2015 12:00:00 AM,35056,14445,20611
3/6/2015 12:00:00 AM,5/1/2015 12:00:00 AM,33957,14088,19869
3/6/2015 12:00:00 AM,5/2/2015 12:00:00 AM,35318,15601,19717
3/6/2015 12:00:00 AM,5/3/2015 12:00:00 AM,34934,14789,20145
3/6/2015 12:00:00 AM,5/4/2015 12:00:00 AM,34802,15238,19564
3/6/2015 12:00:00 AM,5/5/2015 12:00:00 AM,30449,13577,16872
3/6/2015 12:00:00 AM,5/6/2015 12:00:00 AM,31183,13577,17606
3/6/2015 12:00:00 AM,5/7/2015 12:00:00 AM,28640,13235,15405
3/6/2015 12:00:00 AM,5/8/2015 12:00:00 AM,29385,13419,15966
3/6/2015 12:00:00 AM,5/9/2015 12:00:00 AM,30272,14550,15722
3/6/2015 12:00:00 AM,5/10/2015 12:00:00 AM,28474,13989,14485
3/6/2015 12:00:00 AM,5/11/2015 12:00:00 AM,30187,13334,16853
3/6/2015 12:00:00 AM,5/12/2015 12:00:00 AM,28475,12014,16461
3/6/2015 12:00:00 AM,5/13/2015 12:00:00 AM,27658,12014,15644
3/6/2015 12:00:00 AM,5/14/2015 12:00:00 AM,28025,11734,16291
3/6/2015 12:00:00 AM,5/15/2015 12:00:00 AM,26502,12144,14358
3/6/2015 12:00:00 AM,5/16/2015 12:00:00 AM,28793,13335,15458
3/6/2015 12:00:00 AM,5/17/2015 12:00:00 AM,26550,12296,14254
3/6/2015 12:00:00 AM,5/18/2015 12:00:00 AM,24529,12165,12364
3/6/2015 12:00:00 AM,5/19/2015 12:00:00 AM,22311,9983,12328
3/6/2015 12:00:00 AM,5/20/2015 12:00:00 AM,21850,9891,11959
3/6/2015 12:00:00 AM,5/21/2015 12:00:00 AM,21016,9891,11125
3/6/2015 12:00:00 AM,5/22/2015 12:00:00 AM,19425,9417,10008
3/6/2015 12:00:00 AM,5/23/2015 12:00:00 AM,20526,11422,9104
3/6/2015 12:00:00 AM,5/24/2015 12:00:00 AM,18014,9609,8405
3/6/2015 12:00:00 AM,5/25/2015 12:00:00 AM,15147,7791,7356
3/6/2015 12:00:00 AM,5/26/2015 12:00:00 AM,14465,6669,7796
3/6/2015 12:00:00 AM,5/27/2015 12:00:00 AM,13842,6669,7173
3/6/2015 12:00:00 AM,5/28/2015 12:00:00 AM,12872,6389,6483
3/6/2015 12:00:00 AM,5/29/2015 12:00:00 AM,12923,6274,6649
3/6/2015 12:00:00 AM,5/30/2015 12:00:00 AM,14136,7714,6422
3/6/2015 12:00:00 AM,5/31/2015 12:00:00 AM,11605,7259,4346
3/6/2015 12:00:00 AM,6/1/2015 12:00:00 AM,6846,5453,1393
3/6/2015 12:00:00 AM,6/2/2015 12:00:00 AM,3593,2224,1369
3/6/2015 12:00:00 AM,6/3/2015 12:00:00 AM,3706,2224,1482
3/6/2015 12:00:00 AM,6/4/2015 12:00:00 AM,3593,2224,1369
3/6/2015 12:00:00 AM,6/5/2015 12:00:00 AM,3281,2224,1057
3/5/2015 12:00:00 AM,3/6/2015 12:00:00 AM,13724,6078,7646
3/5/2015 12:00:00 AM,3/7/2015 12:00:00 AM,17024,7296,9728
3/5/2015 12:00:00 AM,3/8/2015 12:00:00 AM,18522,7296,11226
3/5/2015 12:00:00 AM,3/9/2015 12:00:00 AM,20642,8836,11806
3/5/2015 12:00:00 AM,3/10/2015 12:00:00 AM,20749,8963,11786
3/5/2015 12:00:00 AM,3/11/2015 12:00:00 AM,19813,7857,11956
3/5/2015 12:00:00 AM,3/12/2015 12:00:00 AM,20553,8457,12096
3/5/2015 12:00:00 AM,3/13/2015 12:00:00 AM,21301,8607,12694
3/5/2015 12:00:00 AM,3/14/2015 12:00:00 AM,24316,10249,14067
3/5/2015 12:00:00 AM,3/15/2015 12:00:00 AM,23106,10222,12884
3/5/2015 12:00:00 AM,3/16/2015 12:00:00 AM,23999,10420,13579
3/5/2015 12:00:00 AM,3/17/2015 12:00:00 AM,23806,10822,12984
3/5/2015 12:00:00 AM,3/18/2015 12:00:00 AM,24911,10822,14089
3/5/2015 12:00:00 AM,3/19/2015 12:00:00 AM,24485,10672,13813
3/5/2015 12:00:00 AM,3/20/2015 12:00:00 AM,24259,10572,13687
3/5/2015 12:00:00 AM,3/21/2015 12:00:00 AM,25867,10890,14977
3/5/2015 12:00:00 AM,3/22/2015 12:00:00 AM,25601,11619,13982
3/5/2015 12:00:00 AM,3/23/2015 12:00:00 AM,27789,11700,16089
3/5/2015 12:00:00 AM,3/24/2015 12:00:00 AM,25888,11470,14418
3/5/2015 12:00:00 AM,3/25/2015 12:00:00 AM,27531,12523,15008
3/5/2015 12:00:00 AM,3/26/2015 12:00:00 AM,27010,12373,14637
3/5/2015 12:00:00 AM,3/27/2015 12:00:00 AM,27881,11801,16080
3/5/2015 12:00:00 AM,3/28/2015 12:00:00 AM,31537,13613,17924
3/5/2015 12:00:00 AM,3/29/2015 12:00:00 AM,31512,13601,17911
3/5/2015 12:00:00 AM,3/30/2015 12:00:00 AM,30724,14546,16178
3/5/2015 12:00:00 AM,3/31/2015 12:00:00 AM,29253,13403,15850
3/5/2015 12:00:00 AM,4/1/2015 12:00:00 AM,30346,14080,16266
3/5/2015 12:00:00 AM,4/2/2015 12:00:00 AM,29659,13637,16022
3/5/2015 12:00:00 AM,4/3/2015 12:00:00 AM,29747,13486,16261
3/5/2015 12:00:00 AM,4/4/2015 12:00:00 AM,31920,14404,17516
3/5/2015 12:00:00 AM,4/5/2015 12:00:00 AM,31966,14406,17560
3/5/2015 12:00:00 AM,4/6/2015 12:00:00 AM,32730,14478,18252
3/5/2015 12:00:00 AM,4/7/2015 12:00:00 AM,33543,14728,18815
3/5/2015 12:00:00 AM,4/8/2015 12:00:00 AM,31755,14327,17428
3/5/2015 12:00:00 AM,4/9/2015 12:00:00 AM,32715,15287,17428
3/5/2015 12:00:00 AM,4/10/2015 12:00:00 AM,32978,15598,17380
3/5/2015 12:00:00 AM,4/11/2015 12:00:00 AM,40926,18989,21937
3/5/2015 12:00:00 AM,4/12/2015 12:00:00 AM,40253,18750,21503
3/5/2015 12:00:00 AM,4/13/2015 12:00:00 AM,42305,19434,22871
3/5/2015 12:00:00 AM,4/14/2015 12:00:00 AM,40004,18697,21307
3/5/2015 12:00:00 AM,4/15/2015 12:00:00 AM,39656,18417,21239
3/5/2015 12:00:00 AM,4/16/2015 12:00:00 AM,39727,18366,21361
3/5/2015 12:00:00 AM,4/17/2015 12:00:00 AM,39219,18272,20947
3/5/2015 12:00:00 AM,4/18/2015 12:00:00 AM,42554,20043,22511
3/5/2015 12:00:00 AM,4/19/2015 12:00:00 AM,42009,20140,21869
3/5/2015 12:00:00 AM,4/20/2015 12:00:00 AM,42856,19978,22878
3/5/2015 12:00:00 AM,4/21/2015 12:00:00 AM,37974,16084,21890
3/5/2015 12:00:00 AM,4/22/2015 12:00:00 AM,37203,15566,21637
3/5/2015 12:00:00 AM,4/23/2015 12:00:00 AM,37547,15934,21613
3/5/2015 12:00:00 AM,4/24/2015 12:00:00 AM,38076,15830,22246
3/5/2015 12:00:00 AM,4/25/2015 12:00:00 AM,39631,16860,22771
3/5/2015 12:00:00 AM,4/26/2015 12:00:00 AM,38602,16100,22502
3/5/2015 12:00:00 AM,4/27/2015 12:00:00 AM,38357,16395,21962
3/5/2015 12:00:00 AM,4/28/2015 12:00:00 AM,36742,14864,21878
3/5/2015 12:00:00 AM,4/29/2015 12:00:00 AM,34153,14424,19729
3/5/2015 12:00:00 AM,4/30/2015 12:00:00 AM,35056,14445,20611
3/5/2015 12:00:00 AM,5/1/2015 12:00:00 AM,33957,14088,19869
3/5/2015 12:00:00 AM,5/2/2015 12:00:00 AM,35318,15601,19717
3/5/2015 12:00:00 AM,5/3/2015 12:00:00 AM,34934,14789,20145
3/5/2015 12:00:00 AM,5/4/2015 12:00:00 AM,34802,15238,19564
3/5/2015 12:00:00 AM,5/5/2015 12:00:00 AM,30449,13577,16872
3/5/2015 12:00:00 AM,5/6/2015 12:00:00 AM,31183,13577,17606
3/5/2015 12:00:00 AM,5/7/2015 12:00:00 AM,28640,13235,15405
3/5/2015 12:00:00 AM,5/8/2015 12:00:00 AM,29385,13419,15966
3/5/2015 12:00:00 AM,5/9/2015 12:00:00 AM,30272,14550,15722
3/5/2015 12:00:00 AM,5/10/2015 12:00:00 AM,28474,13989,14485
3/5/2015 12:00:00 AM,5/11/2015 12:00:00 AM,30187,13334,16853
3/5/2015 12:00:00 AM,5/12/2015 12:00:00 AM,28475,12014,16461
3/5/2015 12:00:00 AM,5/13/2015 12:00:00 AM,27658,12014,15644
3/5/2015 12:00:00 AM,5/14/2015 12:00:00 AM,28025,11734,16291
3/5/2015 12:00:00 AM,5/15/2015 12:00:00 AM,26502,12144,14358
3/5/2015 12:00:00 AM,5/16/2015 12:00:00 AM,28793,13335,15458
3/5/2015 12:00:00 AM,5/17/2015 12:00:00 AM,26550,12296,14254
3/5/2015 12:00:00 AM,5/18/2015 12:00:00 AM,24529,12165,12364
3/5/2015 12:00:00 AM,5/19/2015 12:00:00 AM,22311,9983,12328
3/5/2015 12:00:00 AM,5/20/2015 12:00:00 AM,21850,9891,11959
3/5/2015 12:00:00 AM,5/21/2015 12:00:00 AM,21016,9891,11125
3/5/2015 12:00:00 AM,5/22/2015 12:00:00 AM,19425,9417,10008
3/5/2015 12:00:00 AM,5/23/2015 12:00:00 AM,20526,11422,9104
3/5/2015 12:00:00 AM,5/24/2015 12:00:00 AM,18014,9609,8405
3/5/2015 12:00:00 AM,5/25/2015 12:00:00 AM,15147,7791,7356
3/5/2015 12:00:00 AM,5/26/2015 12:00:00 AM,14465,6669,7796
3/5/2015 12:00:00 AM,5/27/2015 12:00:00 AM,13842,6669,7173
3/5/2015 12:00:00 AM,5/28/2015 12:00:00 AM,12872,6389,6483
3/5/2015 12:00:00 AM,5/29/2015 12:00:00 AM,12923,6274,6649
3/5/2015 12:00:00 AM,5/30/2015 12:00:00 AM,14136,7714,6422
3/5/2015 12:00:00 AM,5/31/2015 12:00:00 AM,11605,7259,4346
3/5/2015 12:00:00 AM,6/1/2015 12:00:00 AM,6846,5453,1393
3/5/2015 12:00:00 AM,6/2/2015 12:00:00 AM,3593,2224,1369
3/5/2015 12:00:00 AM,6/3/2015 12:00:00 AM,3706,2224,1482
3/5/2015 12:00:00 AM,6/4/2015 12:00:00 AM,3593,2224,1369
3/4/2015 12:00:00 AM,3/5/2015 12:00:00 AM,13166,5676,7490
3/4/2015 12:00:00 AM,3/6/2015 12:00:00 AM,13724,6078,7646
3/4/2015 12:00:00 AM,3/7/2015 12:00:00 AM,17024,7296,9728
3/4/2015 12:00:00 AM,3/8/2015 12:00:00 AM,17957,7296,10661
3/4/2015 12:00:00 AM,3/9/2015 12:00:00 AM,20101,8836,11265
3/4/2015 12:00:00 AM,3/10/2015 12:00:00 AM,20208,8963,11245
3/4/2015 12:00:00 AM,3/11/2015 12:00:00 AM,19272,7857,11415
3/4/2015 12:00:00 AM,3/12/2015 12:00:00 AM,20012,8457,11555
3/4/2015 12:00:00 AM,3/13/2015 12:00:00 AM,20760,8607,12153
3/4/2015 12:00:00 AM,3/14/2015 12:00:00 AM,24341,10249,14092
3/4/2015 12:00:00 AM,3/15/2015 12:00:00 AM,23131,10222,12909
3/4/2015 12:00:00 AM,3/16/2015 12:00:00 AM,24024,10420,13604
3/4/2015 12:00:00 AM,3/17/2015 12:00:00 AM,23831,10822,13009
3/4/2015 12:00:00 AM,3/18/2015 12:00:00 AM,24936,10822,14114
3/4/2015 12:00:00 AM,3/19/2015 12:00:00 AM,24510,10672,13838
3/4/2015 12:00:00 AM,3/20/2015 12:00:00 AM,24284,10572,13712
3/4/2015 12:00:00 AM,3/21/2015 12:00:00 AM,25892,10890,15002
3/4/2015 12:00:00 AM,3/22/2015 12:00:00 AM,25626,11619,14007
3/4/2015 12:00:00 AM,3/23/2015 12:00:00 AM,27814,11700,16114
3/4/2015 12:00:00 AM,3/24/2015 12:00:00 AM,25913,11470,14443
3/4/2015 12:00:00 AM,3/25/2015 12:00:00 AM,26966,12523,14443
3/4/2015 12:00:00 AM,3/26/2015 12:00:00 AM,26445,12373,14072
3/4/2015 12:00:00 AM,3/27/2015 12:00:00 AM,27316,11801,15515
3/4/2015 12:00:00 AM,3/28/2015 12:00:00 AM,30972,13613,17359
3/4/2015 12:00:00 AM,3/29/2015 12:00:00 AM,30947,13601,17346
3/4/2015 12:00:00 AM,3/30/2015 12:00:00 AM,30724,14546,16178
3/4/2015 12:00:00 AM,3/31/2015 12:00:00 AM,29253,13403,15850
3/4/2015 12:00:00 AM,4/1/2015 12:00:00 AM,30346,14080,16266
3/4/2015 12:00:00 AM,4/2/2015 12:00:00 AM,29659,13637,16022
3/4/2015 12:00:00 AM,4/3/2015 12:00:00 AM,29747,13486,16261
3/4/2015 12:00:00 AM,4/4/2015 12:00:00 AM,31415,13899,17516
3/4/2015 12:00:00 AM,4/5/2015 12:00:00 AM,31461,13901,17560
3/4/2015 12:00:00 AM,4/6/2015 12:00:00 AM,32201,13973,18228
3/4/2015 12:00:00 AM,4/7/2015 12:00:00 AM,33014,14223,18791
3/4/2015 12:00:00 AM,4/8/2015 12:00:00 AM,31141,14327,16814
3/4/2015 12:00:00 AM,4/9/2015 12:00:00 AM,31681,14277,17404
3/4/2015 12:00:00 AM,4/10/2015 12:00:00 AM,31883,15093,16790
3/4/2015 12:00:00 AM,4/11/2015 12:00:00 AM,39818,18484,21334
3/4/2015 12:00:00 AM,4/12/2015 12:00:00 AM,39145,18245,20900
3/4/2015 12:00:00 AM,4/13/2015 12:00:00 AM,41702,19434,22268
3/4/2015 12:00:00 AM,4/14/2015 12:00:00 AM,38691,17987,20704
3/4/2015 12:00:00 AM,4/15/2015 12:00:00 AM,38848,18212,20636
3/4/2015 12:00:00 AM,4/16/2015 12:00:00 AM,38919,18161,20758
3/4/2015 12:00:00 AM,4/17/2015 12:00:00 AM,38411,18067,20344
3/4/2015 12:00:00 AM,4/18/2015 12:00:00 AM,41951,20043,21908
3/4/2015 12:00:00 AM,4/19/2015 12:00:00 AM,41791,19935,21856
3/4/2015 12:00:00 AM,4/20/2015 12:00:00 AM,42253,19978,22275
3/4/2015 12:00:00 AM,4/21/2015 12:00:00 AM,37961,16084,21877
3/4/2015 12:00:00 AM,4/22/2015 12:00:00 AM,37190,15566,21624
3/4/2015 12:00:00 AM,4/23/2015 12:00:00 AM,37534,15934,21600
3/4/2015 12:00:00 AM,4/24/2015 12:00:00 AM,38063,15830,22233
3/4/2015 12:00:00 AM,4/25/2015 12:00:00 AM,39618,16860,22758
3/4/2015 12:00:00 AM,4/26/2015 12:00:00 AM,38589,16100,22489
3/4/2015 12:00:00 AM,4/27/2015 12:00:00 AM,38344,16395,21949
3/4/2015 12:00:00 AM,4/28/2015 12:00:00 AM,36729,14864,21865
3/4/2015 12:00:00 AM,4/29/2015 12:00:00 AM,34140,14424,19716
3/4/2015 12:00:00 AM,4/30/2015 12:00:00 AM,35043,14445,20598
3/4/2015 12:00:00 AM,5/1/2015 12:00:00 AM,33944,14088,19856
3/4/2015 12:00:00 AM,5/2/2015 12:00:00 AM,35305,15601,19704
3/4/2015 12:00:00 AM,5/3/2015 12:00:00 AM,34934,14789,20145
3/4/2015 12:00:00 AM,5/4/2015 12:00:00 AM,34789,15238,19551
3/4/2015 12:00:00 AM,5/5/2015 12:00:00 AM,30449,13577,16872
3/4/2015 12:00:00 AM,5/6/2015 12:00:00 AM,31183,13577,17606
3/4/2015 12:00:00 AM,5/7/2015 12:00:00 AM,28640,13235,15405
3/4/2015 12:00:00 AM,5/8/2015 12:00:00 AM,29385,13419,15966
3/4/2015 12:00:00 AM,5/9/2015 12:00:00 AM,30272,14550,15722
3/4/2015 12:00:00 AM,5/10/2015 12:00:00 AM,28474,13989,14485
3/4/2015 12:00:00 AM,5/11/2015 12:00:00 AM,30187,13334,16853
3/4/2015 12:00:00 AM,5/12/2015 12:00:00 AM,28475,12014,16461
3/4/2015 12:00:00 AM,5/13/2015 12:00:00 AM,27658,12014,15644
3/4/2015 12:00:00 AM,5/14/2015 12:00:00 AM,28025,11734,16291
3/4/2015 12:00:00 AM,5/15/2015 12:00:00 AM,26502,12144,14358
3/4/2015 12:00:00 AM,5/16/2015 12:00:00 AM,28793,13335,15458
3/4/2015 12:00:00 AM,5/17/2015 12:00:00 AM,26550,12296,14254
3/4/2015 12:00:00 AM,5/18/2015 12:00:00 AM,24529,12165,12364
3/4/2015 12:00:00 AM,5/19/2015 12:00:00 AM,22311,9983,12328
3/4/2015 12:00:00 AM,5/20/2015 12:00:00 AM,21850,9891,11959
3/4/2015 12:00:00 AM,5/21/2015 12:00:00 AM,21016,9891,11125
3/4/2015 12:00:00 AM,5/22/2015 12:00:00 AM,19425,9417,10008
3/4/2015 12:00:00 AM,5/23/2015 12:00:00 AM,20526,11422,9104
3/4/2015 12:00:00 AM,5/24/2015 12:00:00 AM,18014,9609,8405
3/4/2015 12:00:00 AM,5/25/2015 12:00:00 AM,15097,7741,7356
3/4/2015 12:00:00 AM,5/26/2015 12:00:00 AM,14415,6619,7796
3/4/2015 12:00:00 AM,5/27/2015 12:00:00 AM,13792,6619,7173
3/4/2015 12:00:00 AM,5/28/2015 12:00:00 AM,12822,6339,6483
3/4/2015 12:00:00 AM,5/29/2015 12:00:00 AM,12873,6224,6649
3/4/2015 12:00:00 AM,5/30/2015 12:00:00 AM,14136,7714,6422
3/4/2015 12:00:00 AM,5/31/2015 12:00:00 AM,11605,7259,4346
3/4/2015 12:00:00 AM,6/1/2015 12:00:00 AM,6846,5453,1393
3/4/2015 12:00:00 AM,6/2/2015 12:00:00 AM,3593,2224,1369
3/4/2015 12:00:00 AM,6/3/2015 12:00:00 AM,3706,2224,1482
3/3/2015 12:00:00 AM,3/4/2015 12:00:00 AM,12507,5575,6932
3/3/2015 12:00:00 AM,3/5/2015 12:00:00 AM,12472,5122,7350
3/3/2015 12:00:00 AM,3/6/2015 12:00:00 AM,12933,5122,7811
3/3/2015 12:00:00 AM,3/7/2015 12:00:00 AM,16200,6340,9860
3/3/2015 12:00:00 AM,3/8/2015 12:00:00 AM,17133,6340,10793
3/3/2015 12:00:00 AM,3/9/2015 12:00:00 AM,19417,7880,11537
3/3/2015 12:00:00 AM,3/10/2015 12:00:00 AM,19524,8007,11517
3/3/2015 12:00:00 AM,3/11/2015 12:00:00 AM,19544,7857,11687
3/3/2015 12:00:00 AM,3/12/2015 12:00:00 AM,20284,8457,11827
3/3/2015 12:00:00 AM,3/13/2015 12:00:00 AM,20727,8607,12120
3/3/2015 12:00:00 AM,3/14/2015 12:00:00 AM,24341,10249,14092
3/3/2015 12:00:00 AM,3/15/2015 12:00:00 AM,23131,10222,12909
3/3/2015 12:00:00 AM,3/16/2015 12:00:00 AM,24024,10420,13604
3/3/2015 12:00:00 AM,3/17/2015 12:00:00 AM,23831,10822,13009
3/3/2015 12:00:00 AM,3/18/2015 12:00:00 AM,24936,10822,14114
3/3/2015 12:00:00 AM,3/19/2015 12:00:00 AM,24510,10672,13838
3/3/2015 12:00:00 AM,3/20/2015 12:00:00 AM,24284,10572,13712
3/3/2015 12:00:00 AM,3/21/2015 12:00:00 AM,25892,10890,15002
3/3/2015 12:00:00 AM,3/22/2015 12:00:00 AM,25626,11619,14007
3/3/2015 12:00:00 AM,3/23/2015 12:00:00 AM,27814,11700,16114
3/3/2015 12:00:00 AM,3/24/2015 12:00:00 AM,25913,11470,14443
3/3/2015 12:00:00 AM,3/25/2015 12:00:00 AM,26966,12523,14443
3/3/2015 12:00:00 AM,3/26/2015 12:00:00 AM,26445,12373,14072
3/3/2015 12:00:00 AM,3/27/2015 12:00:00 AM,27316,11801,15515
3/3/2015 12:00:00 AM,3/28/2015 12:00:00 AM,31557,13613,17944
3/3/2015 12:00:00 AM,3/29/2015 12:00:00 AM,31532,13601,17931
3/3/2015 12:00:00 AM,3/30/2015 12:00:00 AM,31309,14546,16763
3/3/2015 12:00:00 AM,3/31/2015 12:00:00 AM,29533,13403,16130
3/3/2015 12:00:00 AM,4/1/2015 12:00:00 AM,30626,14080,16546
3/3/2015 12:00:00 AM,4/2/2015 12:00:00 AM,29939,13637,16302
3/3/2015 12:00:00 AM,4/3/2015 12:00:00 AM,30027,13486,16541
3/3/2015 12:00:00 AM,4/4/2015 12:00:00 AM,31695,13899,17796
3/3/2015 12:00:00 AM,4/5/2015 12:00:00 AM,31741,13901,17840
3/3/2015 12:00:00 AM,4/6/2015 12:00:00 AM,32481,13973,18508
3/3/2015 12:00:00 AM,4/7/2015 12:00:00 AM,33599,14223,19376
3/3/2015 12:00:00 AM,4/8/2015 12:00:00 AM,31726,14327,17399
3/3/2015 12:00:00 AM,4/9/2015 12:00:00 AM,32266,14277,17989
3/3/2015 12:00:00 AM,4/10/2015 12:00:00 AM,32468,15093,17375
3/3/2015 12:00:00 AM,4/11/2015 12:00:00 AM,39773,18439,21334
3/3/2015 12:00:00 AM,4/12/2015 12:00:00 AM,39100,18200,20900
3/3/2015 12:00:00 AM,4/13/2015 12:00:00 AM,41657,19389,22268
3/3/2015 12:00:00 AM,4/14/2015 12:00:00 AM,38646,17942,20704
3/3/2015 12:00:00 AM,4/15/2015 12:00:00 AM,38803,18167,20636
3/3/2015 12:00:00 AM,4/16/2015 12:00:00 AM,38874,18116,20758
3/3/2015 12:00:00 AM,4/17/2015 12:00:00 AM,38366,18022,20344
3/3/2015 12:00:00 AM,4/18/2015 12:00:00 AM,41906,19998,21908
3/3/2015 12:00:00 AM,4/19/2015 12:00:00 AM,41746,19890,21856
3/3/2015 12:00:00 AM,4/20/2015 12:00:00 AM,42208,19933,22275
3/3/2015 12:00:00 AM,4/21/2015 12:00:00 AM,37916,16039,21877
3/3/2015 12:00:00 AM,4/22/2015 12:00:00 AM,37145,15521,21624
3/3/2015 12:00:00 AM,4/23/2015 12:00:00 AM,37489,15889,21600
3/3/2015 12:00:00 AM,4/24/2015 12:00:00 AM,38018,15785,22233
3/3/2015 12:00:00 AM,4/25/2015 12:00:00 AM,39573,16815,22758
3/3/2015 12:00:00 AM,4/26/2015 12:00:00 AM,37916,16055,21861
3/3/2015 12:00:00 AM,4/27/2015 12:00:00 AM,38256,16350,21906
3/3/2015 12:00:00 AM,4/28/2015 12:00:00 AM,36056,14819,21237
3/3/2015 12:00:00 AM,4/29/2015 12:00:00 AM,33467,14379,19088
3/3/2015 12:00:00 AM,4/30/2015 12:00:00 AM,34370,14400,19970
3/3/2015 12:00:00 AM,5/1/2015 12:00:00 AM,33271,14043,19228
3/3/2015 12:00:00 AM,5/2/2015 12:00:00 AM,34632,15556,19076
3/3/2015 12:00:00 AM,5/3/2015 12:00:00 AM,34261,14744,19517
3/3/2015 12:00:00 AM,5/4/2015 12:00:00 AM,34116,15193,18923
3/3/2015 12:00:00 AM,5/5/2015 12:00:00 AM,29776,13532,16244
3/3/2015 12:00:00 AM,5/6/2015 12:00:00 AM,30510,13532,16978
3/3/2015 12:00:00 AM,5/7/2015 12:00:00 AM,27967,13190,14777
3/3/2015 12:00:00 AM,5/8/2015 12:00:00 AM,28712,13374,15338
3/3/2015 12:00:00 AM,5/9/2015 12:00:00 AM,29599,14505,15094
3/3/2015 12:00:00 AM,5/10/2015 12:00:00 AM,28386,13944,14442
3/3/2015 12:00:00 AM,5/11/2015 12:00:00 AM,29514,13289,16225
3/3/2015 12:00:00 AM,5/12/2015 12:00:00 AM,28387,11969,16418
3/3/2015 12:00:00 AM,5/13/2015 12:00:00 AM,27570,11969,15601
3/3/2015 12:00:00 AM,5/14/2015 12:00:00 AM,27937,11689,16248
3/3/2015 12:00:00 AM,5/15/2015 12:00:00 AM,26414,12099,14315
3/3/2015 12:00:00 AM,5/16/2015 12:00:00 AM,28705,13290,15415
3/3/2015 12:00:00 AM,5/17/2015 12:00:00 AM,26462,12251,14211
3/3/2015 12:00:00 AM,5/18/2015 12:00:00 AM,24486,12165,12321
3/3/2015 12:00:00 AM,5/19/2015 12:00:00 AM,22268,9983,12285
3/3/2015 12:00:00 AM,5/20/2015 12:00:00 AM,21807,9891,11916
3/3/2015 12:00:00 AM,5/21/2015 12:00:00 AM,20973,9891,11082
3/3/2015 12:00:00 AM,5/22/2015 12:00:00 AM,19382,9417,9965
3/3/2015 12:00:00 AM,5/23/2015 12:00:00 AM,20526,11422,9104
3/3/2015 12:00:00 AM,5/24/2015 12:00:00 AM,18014,9609,8405
3/3/2015 12:00:00 AM,5/25/2015 12:00:00 AM,15097,7741,7356
3/3/2015 12:00:00 AM,5/26/2015 12:00:00 AM,14415,6619,7796
3/3/2015 12:00:00 AM,5/27/2015 12:00:00 AM,13792,6619,7173
3/3/2015 12:00:00 AM,5/28/2015 12:00:00 AM,12822,6339,6483
3/3/2015 12:00:00 AM,5/29/2015 12:00:00 AM,12873,6224,6649
3/3/2015 12:00:00 AM,5/30/2015 12:00:00 AM,14136,7714,6422
3/3/2015 12:00:00 AM,5/31/2015 12:00:00 AM,11605,7259,4346
3/3/2015 12:00:00 AM,6/1/2015 12:00:00 AM,6846,5453,1393
3/3/2015 12:00:00 AM,6/2/2015 12:00:00 AM,3593,2224,1369
3/2/2015 12:00:00 AM,3/3/2015 12:00:00 AM,11751,4619,7132
3/2/2015 12:00:00 AM,3/4/2015 12:00:00 AM,11736,4619,7117
3/2/2015 12:00:00 AM,3/5/2015 12:00:00 AM,12657,5122,7535
3/2/2015 12:00:00 AM,3/6/2015 12:00:00 AM,13862,5122,8740
3/2/2015 12:00:00 AM,3/7/2015 12:00:00 AM,17175,6386,10789
3/2/2015 12:00:00 AM,3/8/2015 12:00:00 AM,18108,6386,11722
3/2/2015 12:00:00 AM,3/9/2015 12:00:00 AM,20252,7926,12326
3/2/2015 12:00:00 AM,3/10/2015 12:00:00 AM,20359,8053,12306
3/2/2015 12:00:00 AM,3/11/2015 12:00:00 AM,20379,7903,12476
3/2/2015 12:00:00 AM,3/12/2015 12:00:00 AM,21119,8503,12616
3/2/2015 12:00:00 AM,3/13/2015 12:00:00 AM,21517,8653,12864
3/2/2015 12:00:00 AM,3/14/2015 12:00:00 AM,25131,10295,14836
3/2/2015 12:00:00 AM,3/15/2015 12:00:00 AM,23875,10222,13653
3/2/2015 12:00:00 AM,3/16/2015 12:00:00 AM,24814,10466,14348
3/2/2015 12:00:00 AM,3/17/2015 12:00:00 AM,24155,10822,13333
3/2/2015 12:00:00 AM,3/18/2015 12:00:00 AM,25680,10822,14858
3/2/2015 12:00:00 AM,3/19/2015 12:00:00 AM,25254,10672,14582
3/2/2015 12:00:00 AM,3/20/2015 12:00:00 AM,25028,10572,14456
3/2/2015 12:00:00 AM,3/21/2015 12:00:00 AM,26636,10890,15746
3/2/2015 12:00:00 AM,3/22/2015 12:00:00 AM,26370,11619,14751
3/2/2015 12:00:00 AM,3/23/2015 12:00:00 AM,28558,11700,16858
3/2/2015 12:00:00 AM,3/24/2015 12:00:00 AM,26657,11470,15187
3/2/2015 12:00:00 AM,3/25/2015 12:00:00 AM,27710,12523,15187
3/2/2015 12:00:00 AM,3/26/2015 12:00:00 AM,27189,12373,14816
3/2/2015 12:00:00 AM,3/27/2015 12:00:00 AM,28060,11801,16259
3/2/2015 12:00:00 AM,3/28/2015 12:00:00 AM,32256,13613,18643
3/2/2015 12:00:00 AM,3/29/2015 12:00:00 AM,32195,13601,18594
3/2/2015 12:00:00 AM,3/30/2015 12:00:00 AM,31972,14546,17426
3/2/2015 12:00:00 AM,3/31/2015 12:00:00 AM,30378,13403,16975
3/2/2015 12:00:00 AM,4/1/2015 12:00:00 AM,31471,14080,17391
3/2/2015 12:00:00 AM,4/2/2015 12:00:00 AM,30784,13637,17147
3/2/2015 12:00:00 AM,4/3/2015 12:00:00 AM,30872,13486,17386
3/2/2015 12:00:00 AM,4/4/2015 12:00:00 AM,32540,13899,18641
3/2/2015 12:00:00 AM,4/5/2015 12:00:00 AM,32544,13901,18643
3/2/2015 12:00:00 AM,4/6/2015 12:00:00 AM,33102,13973,19129
3/2/2015 12:00:00 AM,4/7/2015 12:00:00 AM,34265,14223,20042
3/2/2015 12:00:00 AM,4/8/2015 12:00:00 AM,32392,14327,18065
3/2/2015 12:00:00 AM,4/9/2015 12:00:00 AM,32932,14277,18655
3/2/2015 12:00:00 AM,4/10/2015 12:00:00 AM,33134,15093,18041
3/2/2015 12:00:00 AM,4/11/2015 12:00:00 AM,40019,18019,22000
3/2/2015 12:00:00 AM,4/12/2015 12:00:00 AM,39388,17780,21608
3/2/2015 12:00:00 AM,4/13/2015 12:00:00 AM,41505,18529,22976
3/2/2015 12:00:00 AM,4/14/2015 12:00:00 AM,38494,17082,21412
3/2/2015 12:00:00 AM,4/15/2015 12:00:00 AM,38651,17307,21344
3/2/2015 12:00:00 AM,4/16/2015 12:00:00 AM,38722,17256,21466
3/2/2015 12:00:00 AM,4/17/2015 12:00:00 AM,38214,17162,21052
3/2/2015 12:00:00 AM,4/18/2015 12:00:00 AM,41754,19138,22616
3/2/2015 12:00:00 AM,4/19/2015 12:00:00 AM,41684,19120,22564
3/2/2015 12:00:00 AM,4/20/2015 12:00:00 AM,42146,19163,22983
3/2/2015 12:00:00 AM,4/21/2015 12:00:00 AM,37854,15269,22585
3/2/2015 12:00:00 AM,4/22/2015 12:00:00 AM,37083,14751,22332
3/2/2015 12:00:00 AM,4/23/2015 12:00:00 AM,37427,15119,22308
3/2/2015 12:00:00 AM,4/24/2015 12:00:00 AM,37956,15015,22941
3/2/2015 12:00:00 AM,4/25/2015 12:00:00 AM,38707,16045,22662
3/2/2015 12:00:00 AM,4/26/2015 12:00:00 AM,37470,15705,21765
3/2/2015 12:00:00 AM,4/27/2015 12:00:00 AM,37390,15580,21810
3/2/2015 12:00:00 AM,4/28/2015 12:00:00 AM,35610,14469,21141
3/2/2015 12:00:00 AM,4/29/2015 12:00:00 AM,33371,14379,18992
3/2/2015 12:00:00 AM,4/30/2015 12:00:00 AM,33924,14050,19874
3/2/2015 12:00:00 AM,5/1/2015 12:00:00 AM,33175,14043,19132
3/2/2015 12:00:00 AM,5/2/2015 12:00:00 AM,34887,15976,18911
3/2/2015 12:00:00 AM,5/3/2015 12:00:00 AM,34516,15164,19352
3/2/2015 12:00:00 AM,5/4/2015 12:00:00 AM,34721,15963,18758
3/2/2015 12:00:00 AM,5/5/2015 12:00:00 AM,30381,14302,16079
3/2/2015 12:00:00 AM,5/6/2015 12:00:00 AM,31115,14302,16813
3/2/2015 12:00:00 AM,5/7/2015 12:00:00 AM,28572,13960,14612
3/2/2015 12:00:00 AM,5/8/2015 12:00:00 AM,29317,14144,15173
3/2/2015 12:00:00 AM,5/9/2015 12:00:00 AM,30204,15275,14929
3/2/2015 12:00:00 AM,5/10/2015 12:00:00 AM,28860,14714,14146
3/2/2015 12:00:00 AM,5/11/2015 12:00:00 AM,29988,14059,15929
3/2/2015 12:00:00 AM,5/12/2015 12:00:00 AM,28861,12739,16122
3/2/2015 12:00:00 AM,5/13/2015 12:00:00 AM,28044,12739,15305
3/2/2015 12:00:00 AM,5/14/2015 12:00:00 AM,28411,12459,15952
3/2/2015 12:00:00 AM,5/15/2015 12:00:00 AM,26888,12869,14019
3/2/2015 12:00:00 AM,5/16/2015 12:00:00 AM,29370,14060,15310
3/2/2015 12:00:00 AM,5/17/2015 12:00:00 AM,26318,12601,13717
3/2/2015 12:00:00 AM,5/18/2015 12:00:00 AM,24953,12935,12018
3/2/2015 12:00:00 AM,5/19/2015 12:00:00 AM,22315,10333,11982
3/2/2015 12:00:00 AM,5/20/2015 12:00:00 AM,21854,10241,11613
3/2/2015 12:00:00 AM,5/21/2015 12:00:00 AM,20670,9891,10779
3/2/2015 12:00:00 AM,5/22/2015 12:00:00 AM,19498,9767,9731
3/2/2015 12:00:00 AM,5/23/2015 12:00:00 AM,20421,11422,8999
3/2/2015 12:00:00 AM,5/24/2015 12:00:00 AM,17780,9609,8171
3/2/2015 12:00:00 AM,5/25/2015 12:00:00 AM,15061,7741,7320
3/2/2015 12:00:00 AM,5/26/2015 12:00:00 AM,14379,6619,7760
3/2/2015 12:00:00 AM,5/27/2015 12:00:00 AM,13756,6619,7137
3/2/2015 12:00:00 AM,5/28/2015 12:00:00 AM,12786,6339,6447
3/2/2015 12:00:00 AM,5/29/2015 12:00:00 AM,12837,6224,6613
3/2/2015 12:00:00 AM,5/30/2015 12:00:00 AM,14100,7714,6386
3/2/2015 12:00:00 AM,5/31/2015 12:00:00 AM,11569,7259,4310
3/2/2015 12:00:00 AM,6/1/2015 12:00:00 AM,6810,5453,1357
3/1/2015 12:00:00 AM,3/2/2015 12:00:00 AM,11988,4619,7369
3/1/2015 12:00:00 AM,3/3/2015 12:00:00 AM,12054,4619,7435
3/1/2015 12:00:00 AM,3/4/2015 12:00:00 AM,12017,4619,7398
3/1/2015 12:00:00 AM,3/5/2015 12:00:00 AM,12657,5122,7535
3/1/2015 12:00:00 AM,3/6/2015 12:00:00 AM,13862,5122,8740
3/1/2015 12:00:00 AM,3/7/2015 12:00:00 AM,17175,6386,10789
3/1/2015 12:00:00 AM,3/8/2015 12:00:00 AM,18108,6386,11722
3/1/2015 12:00:00 AM,3/9/2015 12:00:00 AM,20252,7926,12326
3/1/2015 12:00:00 AM,3/10/2015 12:00:00 AM,20359,8053,12306
3/1/2015 12:00:00 AM,3/11/2015 12:00:00 AM,20379,7903,12476
3/1/2015 12:00:00 AM,3/12/2015 12:00:00 AM,21119,8503,12616
3/1/2015 12:00:00 AM,3/13/2015 12:00:00 AM,21517,8653,12864
3/1/2015 12:00:00 AM,3/14/2015 12:00:00 AM,25131,10295,14836
3/1/2015 12:00:00 AM,3/15/2015 12:00:00 AM,23875,10222,13653
3/1/2015 12:00:00 AM,3/16/2015 12:00:00 AM,24814,10466,14348
3/1/2015 12:00:00 AM,3/17/2015 12:00:00 AM,24155,10822,13333
3/1/2015 12:00:00 AM,3/18/2015 12:00:00 AM,25680,10822,14858
3/1/2015 12:00:00 AM,3/19/2015 12:00:00 AM,25254,10672,14582
3/1/2015 12:00:00 AM,3/20/2015 12:00:00 AM,25028,10572,14456
3/1/2015 12:00:00 AM,3/21/2015 12:00:00 AM,26636,10890,15746
3/1/2015 12:00:00 AM,3/22/2015 12:00:00 AM,26370,11619,14751
3/1/2015 12:00:00 AM,3/23/2015 12:00:00 AM,28558,11700,16858
3/1/2015 12:00:00 AM,3/24/2015 12:00:00 AM,26657,11470,15187
3/1/2015 12:00:00 AM,3/25/2015 12:00:00 AM,27710,12523,15187
3/1/2015 12:00:00 AM,3/26/2015 12:00:00 AM,27189,12373,14816
3/1/2015 12:00:00 AM,3/27/2015 12:00:00 AM,28060,11801,16259
3/1/2015 12:00:00 AM,3/28/2015 12:00:00 AM,32256,13613,18643
3/1/2015 12:00:00 AM,3/29/2015 12:00:00 AM,32195,13601,18594
3/1/2015 12:00:00 AM,3/30/2015 12:00:00 AM,31972,14546,17426
3/1/2015 12:00:00 AM,3/31/2015 12:00:00 AM,30378,13403,16975
3/1/2015 12:00:00 AM,4/1/2015 12:00:00 AM,31471,14080,17391
3/1/2015 12:00:00 AM,4/2/2015 12:00:00 AM,30784,13637,17147
3/1/2015 12:00:00 AM,4/3/2015 12:00:00 AM,30872,13486,17386
3/1/2015 12:00:00 AM,4/4/2015 12:00:00 AM,32540,13899,18641
3/1/2015 12:00:00 AM,4/5/2015 12:00:00 AM,32544,13901,18643
3/1/2015 12:00:00 AM,4/6/2015 12:00:00 AM,33102,13973,19129
3/1/2015 12:00:00 AM,4/7/2015 12:00:00 AM,34265,14223,20042
3/1/2015 12:00:00 AM,4/8/2015 12:00:00 AM,32392,14327,18065
3/1/2015 12:00:00 AM,4/9/2015 12:00:00 AM,32932,14277,18655
3/1/2015 12:00:00 AM,4/10/2015 12:00:00 AM,33134,15093,18041
3/1/2015 12:00:00 AM,4/11/2015 12:00:00 AM,40019,18019,22000
3/1/2015 12:00:00 AM,4/12/2015 12:00:00 AM,39388,17780,21608
3/1/2015 12:00:00 AM,4/13/2015 12:00:00 AM,41505,18529,22976
3/1/2015 12:00:00 AM,4/14/2015 12:00:00 AM,38494,17082,21412
3/1/2015 12:00:00 AM,4/15/2015 12:00:00 AM,38651,17307,21344
3/1/2015 12:00:00 AM,4/16/2015 12:00:00 AM,38722,17256,21466
3/1/2015 12:00:00 AM,4/17/2015 12:00:00 AM,38214,17162,21052
3/1/2015 12:00:00 AM,4/18/2015 12:00:00 AM,41754,19138,22616
3/1/2015 12:00:00 AM,4/19/2015 12:00:00 AM,41684,19120,22564
3/1/2015 12:00:00 AM,4/20/2015 12:00:00 AM,42146,19163,22983
3/1/2015 12:00:00 AM,4/21/2015 12:00:00 AM,37854,15269,22585
3/1/2015 12:00:00 AM,4/22/2015 12:00:00 AM,37083,14751,22332
3/1/2015 12:00:00 AM,4/23/2015 12:00:00 AM,37427,15119,22308
3/1/2015 12:00:00 AM,4/24/2015 12:00:00 AM,37956,15015,22941
3/1/2015 12:00:00 AM,4/25/2015 12:00:00 AM,38707,16045,22662
3/1/2015 12:00:00 AM,4/26/2015 12:00:00 AM,37470,15705,21765
3/1/2015 12:00:00 AM,4/27/2015 12:00:00 AM,37390,15580,21810
3/1/2015 12:00:00 AM,4/28/2015 12:00:00 AM,35610,14469,21141
3/1/2015 12:00:00 AM,4/29/2015 12:00:00 AM,33371,14379,18992
3/1/2015 12:00:00 AM,4/30/2015 12:00:00 AM,33924,14050,19874
3/1/2015 12:00:00 AM,5/1/2015 12:00:00 AM,33175,14043,19132
3/1/2015 12:00:00 AM,5/2/2015 12:00:00 AM,34887,15976,18911
3/1/2015 12:00:00 AM,5/3/2015 12:00:00 AM,34516,15164,19352
3/1/2015 12:00:00 AM,5/4/2015 12:00:00 AM,34721,15963,18758
3/1/2015 12:00:00 AM,5/5/2015 12:00:00 AM,30381,14302,16079
3/1/2015 12:00:00 AM,5/6/2015 12:00:00 AM,31115,14302,16813
3/1/2015 12:00:00 AM,5/7/2015 12:00:00 AM,28572,13960,14612
3/1/2015 12:00:00 AM,5/8/2015 12:00:00 AM,29317,14144,15173
3/1/2015 12:00:00 AM,5/9/2015 12:00:00 AM,30204,15275,14929
3/1/2015 12:00:00 AM,5/10/2015 12:00:00 AM,28860,14714,14146
3/1/2015 12:00:00 AM,5/11/2015 12:00:00 AM,29988,14059,15929
3/1/2015 12:00:00 AM,5/12/2015 12:00:00 AM,28861,12739,16122
3/1/2015 12:00:00 AM,5/13/2015 12:00:00 AM,28044,12739,15305
3/1/2015 12:00:00 AM,5/14/2015 12:00:00 AM,28411,12459,15952
3/1/2015 12:00:00 AM,5/15/2015 12:00:00 AM,26888,12869,14019
3/1/2015 12:00:00 AM,5/16/2015 12:00:00 AM,29370,14060,15310
3/1/2015 12:00:00 AM,5/17/2015 12:00:00 AM,26318,12601,13717
3/1/2015 12:00:00 AM,5/18/2015 12:00:00 AM,24953,12935,12018
3/1/2015 12:00:00 AM,5/19/2015 12:00:00 AM,22315,10333,11982
3/1/2015 12:00:00 AM,5/20/2015 12:00:00 AM,21854,10241,11613
3/1/2015 12:00:00 AM,5/21/2015 12:00:00 AM,20670,9891,10779
3/1/2015 12:00:00 AM,5/22/2015 12:00:00 AM,19498,9767,9731
3/1/2015 12:00:00 AM,5/23/2015 12:00:00 AM,20421,11422,8999
3/1/2015 12:00:00 AM,5/24/2015 12:00:00 AM,17780,9609,8171
3/1/2015 12:00:00 AM,5/25/2015 12:00:00 AM,15061,7741,7320
3/1/2015 12:00:00 AM,5/26/2015 12:00:00 AM,14379,6619,7760
3/1/2015 12:00:00 AM,5/27/2015 12:00:00 AM,13756,6619,7137
3/1/2015 12:00:00 AM,5/28/2015 12:00:00 AM,12786,6339,6447
3/1/2015 12:00:00 AM,5/29/2015 12:00:00 AM,12837,6224,6613
3/1/2015 12:00:00 AM,5/30/2015 12:00:00 AM,14100,7714,6386
3/1/2015 12:00:00 AM,5/31/2015 12:00:00 AM,11569,7259,4310
2/28/2015 12:00:00 AM,3/1/2015 12:00:00 AM,12161,5561,6600
2/28/2015 12:00:00 AM,3/2/2015 12:00:00 AM,11988,4619,7369
2/28/2015 12:00:00 AM,3/3/2015 12:00:00 AM,12054,4619,7435
2/28/2015 12:00:00 AM,3/4/2015 12:00:00 AM,12017,4619,7398
2/28/2015 12:00:00 AM,3/5/2015 12:00:00 AM,12657,5122,7535
2/28/2015 12:00:00 AM,3/6/2015 12:00:00 AM,13862,5122,8740
2/28/2015 12:00:00 AM,3/7/2015 12:00:00 AM,17175,6386,10789
2/28/2015 12:00:00 AM,3/8/2015 12:00:00 AM,18108,6386,11722
2/28/2015 12:00:00 AM,3/9/2015 12:00:00 AM,20252,7926,12326
2/28/2015 12:00:00 AM,3/10/2015 12:00:00 AM,20359,8053,12306
2/28/2015 12:00:00 AM,3/11/2015 12:00:00 AM,20379,7903,12476
2/28/2015 12:00:00 AM,3/12/2015 12:00:00 AM,21119,8503,12616
2/28/2015 12:00:00 AM,3/13/2015 12:00:00 AM,21517,8653,12864
2/28/2015 12:00:00 AM,3/14/2015 12:00:00 AM,25131,10295,14836
2/28/2015 12:00:00 AM,3/15/2015 12:00:00 AM,23875,10222,13653
2/28/2015 12:00:00 AM,3/16/2015 12:00:00 AM,24814,10466,14348
2/28/2015 12:00:00 AM,3/17/2015 12:00:00 AM,24155,10822,13333
2/28/2015 12:00:00 AM,3/18/2015 12:00:00 AM,25680,10822,14858
2/28/2015 12:00:00 AM,3/19/2015 12:00:00 AM,25254,10672,14582
2/28/2015 12:00:00 AM,3/20/2015 12:00:00 AM,25028,10572,14456
2/28/2015 12:00:00 AM,3/21/2015 12:00:00 AM,26636,10890,15746
2/28/2015 12:00:00 AM,3/22/2015 12:00:00 AM,26370,11619,14751
2/28/2015 12:00:00 AM,3/23/2015 12:00:00 AM,28558,11700,16858
2/28/2015 12:00:00 AM,3/24/2015 12:00:00 AM,26657,11470,15187
2/28/2015 12:00:00 AM,3/25/2015 12:00:00 AM,27710,12523,15187
2/28/2015 12:00:00 AM,3/26/2015 12:00:00 AM,27189,12373,14816
2/28/2015 12:00:00 AM,3/27/2015 12:00:00 AM,28060,11801,16259
2/28/2015 12:00:00 AM,3/28/2015 12:00:00 AM,32256,13613,18643
2/28/2015 12:00:00 AM,3/29/2015 12:00:00 AM,32195,13601,18594
2/28/2015 12:00:00 AM,3/30/2015 12:00:00 AM,31972,14546,17426
2/28/2015 12:00:00 AM,3/31/2015 12:00:00 AM,30378,13403,16975
2/28/2015 12:00:00 AM,4/1/2015 12:00:00 AM,31471,14080,17391
2/28/2015 12:00:00 AM,4/2/2015 12:00:00 AM,30784,13637,17147
2/28/2015 12:00:00 AM,4/3/2015 12:00:00 AM,30872,13486,17386
2/28/2015 12:00:00 AM,4/4/2015 12:00:00 AM,32540,13899,18641
2/28/2015 12:00:00 AM,4/5/2015 12:00:00 AM,32544,13901,18643
2/28/2015 12:00:00 AM,4/6/2015 12:00:00 AM,33102,13973,19129
2/28/2015 12:00:00 AM,4/7/2015 12:00:00 AM,34265,14223,20042
2/28/2015 12:00:00 AM,4/8/2015 12:00:00 AM,32392,14327,18065
2/28/2015 12:00:00 AM,4/9/2015 12:00:00 AM,32932,14277,18655
2/28/2015 12:00:00 AM,4/10/2015 12:00:00 AM,33134,15093,18041
2/28/2015 12:00:00 AM,4/11/2015 12:00:00 AM,40019,18019,22000
2/28/2015 12:00:00 AM,4/12/2015 12:00:00 AM,39388,17780,21608
2/28/2015 12:00:00 AM,4/13/2015 12:00:00 AM,41505,18529,22976
2/28/2015 12:00:00 AM,4/14/2015 12:00:00 AM,38494,17082,21412
2/28/2015 12:00:00 AM,4/15/2015 12:00:00 AM,38651,17307,21344
2/28/2015 12:00:00 AM,4/16/2015 12:00:00 AM,38722,17256,21466
2/28/2015 12:00:00 AM,4/17/2015 12:00:00 AM,38214,17162,21052
2/28/2015 12:00:00 AM,4/18/2015 12:00:00 AM,41754,19138,22616
2/28/2015 12:00:00 AM,4/19/2015 12:00:00 AM,41684,19120,22564
2/28/2015 12:00:00 AM,4/20/2015 12:00:00 AM,42146,19163,22983
2/28/2015 12:00:00 AM,4/21/2015 12:00:00 AM,37854,15269,22585
2/28/2015 12:00:00 AM,4/22/2015 12:00:00 AM,37083,14751,22332
2/28/2015 12:00:00 AM,4/23/2015 12:00:00 AM,37427,15119,22308
2/28/2015 12:00:00 AM,4/24/2015 12:00:00 AM,37956,15015,22941
2/28/2015 12:00:00 AM,4/25/2015 12:00:00 AM,38707,16045,22662
2/28/2015 12:00:00 AM,4/26/2015 12:00:00 AM,37470,15705,21765
2/28/2015 12:00:00 AM,4/27/2015 12:00:00 AM,37390,15580,21810
2/28/2015 12:00:00 AM,4/28/2015 12:00:00 AM,35610,14469,21141
2/28/2015 12:00:00 AM,4/29/2015 12:00:00 AM,33371,14379,18992
2/28/2015 12:00:00 AM,4/30/2015 12:00:00 AM,33924,14050,19874
2/28/2015 12:00:00 AM,5/1/2015 12:00:00 AM,33175,14043,19132
2/28/2015 12:00:00 AM,5/2/2015 12:00:00 AM,34887,15976,18911
2/28/2015 12:00:00 AM,5/3/2015 12:00:00 AM,34516,15164,19352
2/28/2015 12:00:00 AM,5/4/2015 12:00:00 AM,34721,15963,18758
2/28/2015 12:00:00 AM,5/5/2015 12:00:00 AM,30381,14302,16079
2/28/2015 12:00:00 AM,5/6/2015 12:00:00 AM,31115,14302,16813
2/28/2015 12:00:00 AM,5/7/2015 12:00:00 AM,28572,13960,14612
2/28/2015 12:00:00 AM,5/8/2015 12:00:00 AM,29317,14144,15173
2/28/2015 12:00:00 AM,5/9/2015 12:00:00 AM,30204,15275,14929
2/28/2015 12:00:00 AM,5/10/2015 12:00:00 AM,28860,14714,14146
2/28/2015 12:00:00 AM,5/11/2015 12:00:00 AM,29988,14059,15929
2/28/2015 12:00:00 AM,5/12/2015 12:00:00 AM,28861,12739,16122
2/28/2015 12:00:00 AM,5/13/2015 12:00:00 AM,28044,12739,15305
2/28/2015 12:00:00 AM,5/14/2015 12:00:00 AM,28411,12459,15952
2/28/2015 12:00:00 AM,5/15/2015 12:00:00 AM,26888,12869,14019
2/28/2015 12:00:00 AM,5/16/2015 12:00:00 AM,29370,14060,15310
2/28/2015 12:00:00 AM,5/17/2015 12:00:00 AM,26318,12601,13717
2/28/2015 12:00:00 AM,5/18/2015 12:00:00 AM,24953,12935,12018
2/28/2015 12:00:00 AM,5/19/2015 12:00:00 AM,22315,10333,11982
2/28/2015 12:00:00 AM,5/20/2015 12:00:00 AM,21854,10241,11613
2/28/2015 12:00:00 AM,5/21/2015 12:00:00 AM,20670,9891,10779
2/28/2015 12:00:00 AM,5/22/2015 12:00:00 AM,19498,9767,9731
2/28/2015 12:00:00 AM,5/23/2015 12:00:00 AM,20421,11422,8999
2/28/2015 12:00:00 AM,5/24/2015 12:00:00 AM,17780,9609,8171
2/28/2015 12:00:00 AM,5/25/2015 12:00:00 AM,15061,7741,7320
2/28/2015 12:00:00 AM,5/26/2015 12:00:00 AM,14379,6619,7760
2/28/2015 12:00:00 AM,5/27/2015 12:00:00 AM,13756,6619,7137
2/28/2015 12:00:00 AM,5/28/2015 12:00:00 AM,12786,6339,6447
2/28/2015 12:00:00 AM,5/29/2015 12:00:00 AM,12837,6224,6613
2/28/2015 12:00:00 AM,5/30/2015 12:00:00 AM,14100,7714,6386
2/27/2015 12:00:00 AM,2/28/2015 12:00:00 AM,8549,4177,4372
2/27/2015 12:00:00 AM,3/1/2015 12:00:00 AM,12161,5561,6600
2/27/2015 12:00:00 AM,3/2/2015 12:00:00 AM,12022,4619,7403
2/27/2015 12:00:00 AM,3/3/2015 12:00:00 AM,12088,4619,7469
2/27/2015 12:00:00 AM,3/4/2015 12:00:00 AM,12051,4619,7432
2/27/2015 12:00:00 AM,3/5/2015 12:00:00 AM,12691,5122,7569
2/27/2015 12:00:00 AM,3/6/2015 12:00:00 AM,13896,5122,8774
2/27/2015 12:00:00 AM,3/7/2015 12:00:00 AM,17209,6386,10823
2/27/2015 12:00:00 AM,3/8/2015 12:00:00 AM,18142,6386,11756
2/27/2015 12:00:00 AM,3/9/2015 12:00:00 AM,20252,7926,12326
2/27/2015 12:00:00 AM,3/10/2015 12:00:00 AM,20359,8053,12306
2/27/2015 12:00:00 AM,3/11/2015 12:00:00 AM,20379,7903,12476
2/27/2015 12:00:00 AM,3/12/2015 12:00:00 AM,21119,8503,12616
2/27/2015 12:00:00 AM,3/13/2015 12:00:00 AM,21517,8653,12864
2/27/2015 12:00:00 AM,3/14/2015 12:00:00 AM,25131,10295,14836
2/27/2015 12:00:00 AM,3/15/2015 12:00:00 AM,23875,10222,13653
2/27/2015 12:00:00 AM,3/16/2015 12:00:00 AM,24984,10466,14518
2/27/2015 12:00:00 AM,3/17/2015 12:00:00 AM,24155,10822,13333
2/27/2015 12:00:00 AM,3/18/2015 12:00:00 AM,26020,10822,15198
2/27/2015 12:00:00 AM,3/19/2015 12:00:00 AM,25339,10672,14667
2/27/2015 12:00:00 AM,3/20/2015 12:00:00 AM,25198,10572,14626
2/27/2015 12:00:00 AM,3/21/2015 12:00:00 AM,26636,10890,15746
2/27/2015 12:00:00 AM,3/22/2015 12:00:00 AM,26370,11619,14751
2/27/2015 12:00:00 AM,3/23/2015 12:00:00 AM,28558,11700,16858
2/27/2015 12:00:00 AM,3/24/2015 12:00:00 AM,26657,11470,15187
2/27/2015 12:00:00 AM,3/25/2015 12:00:00 AM,27710,12523,15187
2/27/2015 12:00:00 AM,3/26/2015 12:00:00 AM,27189,12373,14816
2/27/2015 12:00:00 AM,3/27/2015 12:00:00 AM,28060,11801,16259
2/27/2015 12:00:00 AM,3/28/2015 12:00:00 AM,32256,13613,18643
2/27/2015 12:00:00 AM,3/29/2015 12:00:00 AM,32195,13601,18594
2/27/2015 12:00:00 AM,3/30/2015 12:00:00 AM,31972,14546,17426
2/27/2015 12:00:00 AM,3/31/2015 12:00:00 AM,30378,13403,16975
2/27/2015 12:00:00 AM,4/1/2015 12:00:00 AM,31471,14080,17391
2/27/2015 12:00:00 AM,4/2/2015 12:00:00 AM,30184,13037,17147
2/27/2015 12:00:00 AM,4/3/2015 12:00:00 AM,30272,12886,17386
2/27/2015 12:00:00 AM,4/4/2015 12:00:00 AM,31940,13299,18641
2/27/2015 12:00:00 AM,4/5/2015 12:00:00 AM,31944,13301,18643
2/27/2015 12:00:00 AM,4/6/2015 12:00:00 AM,32502,13373,19129
2/27/2015 12:00:00 AM,4/7/2015 12:00:00 AM,33665,13623,20042
2/27/2015 12:00:00 AM,4/8/2015 12:00:00 AM,31792,13727,18065
2/27/2015 12:00:00 AM,4/9/2015 12:00:00 AM,32932,14277,18655
2/27/2015 12:00:00 AM,4/10/2015 12:00:00 AM,33134,15093,18041
2/27/2015 12:00:00 AM,4/11/2015 12:00:00 AM,40019,18019,22000
2/27/2015 12:00:00 AM,4/12/2015 12:00:00 AM,39388,17780,21608
2/27/2015 12:00:00 AM,4/13/2015 12:00:00 AM,41505,18529,22976
2/27/2015 12:00:00 AM,4/14/2015 12:00:00 AM,38494,17082,21412
2/27/2015 12:00:00 AM,4/15/2015 12:00:00 AM,38651,17307,21344
2/27/2015 12:00:00 AM,4/16/2015 12:00:00 AM,38722,17256,21466
2/27/2015 12:00:00 AM,4/17/2015 12:00:00 AM,38182,17130,21052
2/27/2015 12:00:00 AM,4/18/2015 12:00:00 AM,41722,19106,22616
2/27/2015 12:00:00 AM,4/19/2015 12:00:00 AM,41652,19088,22564
2/27/2015 12:00:00 AM,4/20/2015 12:00:00 AM,42114,19131,22983
2/27/2015 12:00:00 AM,4/21/2015 12:00:00 AM,37822,15237,22585
2/27/2015 12:00:00 AM,4/22/2015 12:00:00 AM,37051,14719,22332
2/27/2015 12:00:00 AM,4/23/2015 12:00:00 AM,37395,15087,22308
2/27/2015 12:00:00 AM,4/24/2015 12:00:00 AM,37924,14983,22941
2/27/2015 12:00:00 AM,4/25/2015 12:00:00 AM,38675,16013,22662
2/27/2015 12:00:00 AM,4/26/2015 12:00:00 AM,37438,15673,21765
2/27/2015 12:00:00 AM,4/27/2015 12:00:00 AM,37358,15548,21810
2/27/2015 12:00:00 AM,4/28/2015 12:00:00 AM,35173,14032,21141
2/27/2015 12:00:00 AM,4/29/2015 12:00:00 AM,32934,13942,18992
2/27/2015 12:00:00 AM,4/30/2015 12:00:00 AM,33487,13613,19874
2/27/2015 12:00:00 AM,5/1/2015 12:00:00 AM,33175,14043,19132
2/27/2015 12:00:00 AM,5/2/2015 12:00:00 AM,34887,15976,18911
2/27/2015 12:00:00 AM,5/3/2015 12:00:00 AM,34516,15164,19352
2/27/2015 12:00:00 AM,5/4/2015 12:00:00 AM,34721,15963,18758
2/27/2015 12:00:00 AM,5/5/2015 12:00:00 AM,30381,14302,16079
2/27/2015 12:00:00 AM,5/6/2015 12:00:00 AM,31115,14302,16813
2/27/2015 12:00:00 AM,5/7/2015 12:00:00 AM,28572,13960,14612
2/27/2015 12:00:00 AM,5/8/2015 12:00:00 AM,29317,14144,15173
2/27/2015 12:00:00 AM,5/9/2015 12:00:00 AM,30204,15275,14929
2/27/2015 12:00:00 AM,5/10/2015 12:00:00 AM,28860,14714,14146
2/27/2015 12:00:00 AM,5/11/2015 12:00:00 AM,29988,14059,15929
2/27/2015 12:00:00 AM,5/12/2015 12:00:00 AM,28861,12739,16122
2/27/2015 12:00:00 AM,5/13/2015 12:00:00 AM,28044,12739,15305
2/27/2015 12:00:00 AM,5/14/2015 12:00:00 AM,28411,12459,15952
2/27/2015 12:00:00 AM,5/15/2015 12:00:00 AM,26888,12869,14019
2/27/2015 12:00:00 AM,5/16/2015 12:00:00 AM,29370,14060,15310
2/27/2015 12:00:00 AM,5/17/2015 12:00:00 AM,26318,12601,13717
2/27/2015 12:00:00 AM,5/18/2015 12:00:00 AM,24953,12935,12018
2/27/2015 12:00:00 AM,5/19/2015 12:00:00 AM,22315,10333,11982
2/27/2015 12:00:00 AM,5/20/2015 12:00:00 AM,21854,10241,11613
2/27/2015 12:00:00 AM,5/21/2015 12:00:00 AM,20670,9891,10779
2/27/2015 12:00:00 AM,5/22/2015 12:00:00 AM,19498,9767,9731
2/27/2015 12:00:00 AM,5/23/2015 12:00:00 AM,20421,11422,8999
2/27/2015 12:00:00 AM,5/24/2015 12:00:00 AM,17780,9609,8171
2/27/2015 12:00:00 AM,5/25/2015 12:00:00 AM,15061,7741,7320
2/27/2015 12:00:00 AM,5/26/2015 12:00:00 AM,14379,6619,7760
2/27/2015 12:00:00 AM,5/27/2015 12:00:00 AM,13756,6619,7137
2/27/2015 12:00:00 AM,5/28/2015 12:00:00 AM,12786,6339,6447
2/27/2015 12:00:00 AM,5/29/2015 12:00:00 AM,12837,6224,6613
2/26/2015 12:00:00 AM,2/27/2015 12:00:00 AM,6683,3247,3436
2/26/2015 12:00:00 AM,2/28/2015 12:00:00 AM,8758,4407,4351
2/26/2015 12:00:00 AM,3/1/2015 12:00:00 AM,11311,4655,6656
2/26/2015 12:00:00 AM,3/2/2015 12:00:00 AM,12308,4849,7459
2/26/2015 12:00:00 AM,3/3/2015 12:00:00 AM,12353,4849,7504
2/26/2015 12:00:00 AM,3/4/2015 12:00:00 AM,12337,4849,7488
2/26/2015 12:00:00 AM,3/5/2015 12:00:00 AM,12977,5352,7625
2/26/2015 12:00:00 AM,3/6/2015 12:00:00 AM,14182,5352,8830
2/26/2015 12:00:00 AM,3/7/2015 12:00:00 AM,17265,6386,10879
2/26/2015 12:00:00 AM,3/8/2015 12:00:00 AM,18198,6386,11812
2/26/2015 12:00:00 AM,3/9/2015 12:00:00 AM,20308,7926,12382
2/26/2015 12:00:00 AM,3/10/2015 12:00:00 AM,20415,8053,12362
2/26/2015 12:00:00 AM,3/11/2015 12:00:00 AM,20435,7903,12532
2/26/2015 12:00:00 AM,3/12/2015 12:00:00 AM,21175,8503,12672
2/26/2015 12:00:00 AM,3/13/2015 12:00:00 AM,21573,8653,12920
2/26/2015 12:00:00 AM,3/14/2015 12:00:00 AM,25187,10295,14892
2/26/2015 12:00:00 AM,3/15/2015 12:00:00 AM,23931,10222,13709
2/26/2015 12:00:00 AM,3/16/2015 12:00:00 AM,25132,10558,14574
2/26/2015 12:00:00 AM,3/17/2015 12:00:00 AM,24073,10684,13389
2/26/2015 12:00:00 AM,3/18/2015 12:00:00 AM,25938,10684,15254
2/26/2015 12:00:00 AM,3/19/2015 12:00:00 AM,25257,10534,14723
2/26/2015 12:00:00 AM,3/20/2015 12:00:00 AM,25060,10434,14626
2/26/2015 12:00:00 AM,3/21/2015 12:00:00 AM,26498,10752,15746
2/26/2015 12:00:00 AM,3/22/2015 12:00:00 AM,26140,11389,14751
2/26/2015 12:00:00 AM,3/23/2015 12:00:00 AM,28328,11470,16858
2/26/2015 12:00:00 AM,3/24/2015 12:00:00 AM,26657,11470,15187
2/26/2015 12:00:00 AM,3/25/2015 12:00:00 AM,27710,12523,15187
2/26/2015 12:00:00 AM,3/26/2015 12:00:00 AM,27189,12373,14816
2/26/2015 12:00:00 AM,3/27/2015 12:00:00 AM,28060,11801,16259
2/26/2015 12:00:00 AM,3/28/2015 12:00:00 AM,32256,13613,18643
2/26/2015 12:00:00 AM,3/29/2015 12:00:00 AM,32195,13601,18594
2/26/2015 12:00:00 AM,3/30/2015 12:00:00 AM,31972,14546,17426
2/26/2015 12:00:00 AM,3/31/2015 12:00:00 AM,30378,13403,16975
2/26/2015 12:00:00 AM,4/1/2015 12:00:00 AM,31471,14080,17391
2/26/2015 12:00:00 AM,4/2/2015 12:00:00 AM,30184,13037,17147
2/26/2015 12:00:00 AM,4/3/2015 12:00:00 AM,30272,12886,17386
2/26/2015 12:00:00 AM,4/4/2015 12:00:00 AM,31940,13299,18641
2/26/2015 12:00:00 AM,4/5/2015 12:00:00 AM,31944,13301,18643
2/26/2015 12:00:00 AM,4/6/2015 12:00:00 AM,32502,13373,19129
2/26/2015 12:00:00 AM,4/7/2015 12:00:00 AM,33665,13623,20042
2/26/2015 12:00:00 AM,4/8/2015 12:00:00 AM,31687,13622,18065
2/26/2015 12:00:00 AM,4/9/2015 12:00:00 AM,32827,14172,18655
2/26/2015 12:00:00 AM,4/10/2015 12:00:00 AM,33029,14988,18041
2/26/2015 12:00:00 AM,4/11/2015 12:00:00 AM,40019,18019,22000
2/26/2015 12:00:00 AM,4/12/2015 12:00:00 AM,39388,17780,21608
2/26/2015 12:00:00 AM,4/13/2015 12:00:00 AM,41505,18529,22976
2/26/2015 12:00:00 AM,4/14/2015 12:00:00 AM,38494,17082,21412
2/26/2015 12:00:00 AM,4/15/2015 12:00:00 AM,38651,17307,21344
2/26/2015 12:00:00 AM,4/16/2015 12:00:00 AM,38722,17256,21466
2/26/2015 12:00:00 AM,4/17/2015 12:00:00 AM,38182,17130,21052
2/26/2015 12:00:00 AM,4/18/2015 12:00:00 AM,41722,19106,22616
2/26/2015 12:00:00 AM,4/19/2015 12:00:00 AM,41652,19088,22564
2/26/2015 12:00:00 AM,4/20/2015 12:00:00 AM,42114,19131,22983
2/26/2015 12:00:00 AM,4/21/2015 12:00:00 AM,37822,15237,22585
2/26/2015 12:00:00 AM,4/22/2015 12:00:00 AM,37051,14719,22332
2/26/2015 12:00:00 AM,4/23/2015 12:00:00 AM,37395,15087,22308
2/26/2015 12:00:00 AM,4/24/2015 12:00:00 AM,37924,14983,22941
2/26/2015 12:00:00 AM,4/25/2015 12:00:00 AM,38675,16013,22662
2/26/2015 12:00:00 AM,4/26/2015 12:00:00 AM,37438,15673,21765
2/26/2015 12:00:00 AM,4/27/2015 12:00:00 AM,37358,15548,21810
2/26/2015 12:00:00 AM,4/28/2015 12:00:00 AM,35173,14032,21141
2/26/2015 12:00:00 AM,4/29/2015 12:00:00 AM,32934,13942,18992
2/26/2015 12:00:00 AM,4/30/2015 12:00:00 AM,33487,13613,19874
2/26/2015 12:00:00 AM,5/1/2015 12:00:00 AM,33175,14043,19132
2/26/2015 12:00:00 AM,5/2/2015 12:00:00 AM,34887,15976,18911
2/26/2015 12:00:00 AM,5/3/2015 12:00:00 AM,34516,15164,19352
2/26/2015 12:00:00 AM,5/4/2015 12:00:00 AM,34620,15963,18657
2/26/2015 12:00:00 AM,5/5/2015 12:00:00 AM,30280,14302,15978
2/26/2015 12:00:00 AM,5/6/2015 12:00:00 AM,31014,14302,16712
2/26/2015 12:00:00 AM,5/7/2015 12:00:00 AM,28471,13960,14511
2/26/2015 12:00:00 AM,5/8/2015 12:00:00 AM,29160,14144,15016
2/26/2015 12:00:00 AM,5/9/2015 12:00:00 AM,30148,15275,14873
2/26/2015 12:00:00 AM,5/10/2015 12:00:00 AM,28804,14714,14090
2/26/2015 12:00:00 AM,5/11/2015 12:00:00 AM,29932,14059,15873
2/26/2015 12:00:00 AM,5/12/2015 12:00:00 AM,28805,12739,16066
2/26/2015 12:00:00 AM,5/13/2015 12:00:00 AM,27988,12739,15249
2/26/2015 12:00:00 AM,5/14/2015 12:00:00 AM,28355,12459,15896
2/26/2015 12:00:00 AM,5/15/2015 12:00:00 AM,26832,12869,13963
2/26/2015 12:00:00 AM,5/16/2015 12:00:00 AM,29314,14060,15254
2/26/2015 12:00:00 AM,5/17/2015 12:00:00 AM,26262,12601,13661
2/26/2015 12:00:00 AM,5/18/2015 12:00:00 AM,24897,12935,11962
2/26/2015 12:00:00 AM,5/19/2015 12:00:00 AM,22259,10333,11926
2/26/2015 12:00:00 AM,5/20/2015 12:00:00 AM,21798,10241,11557
2/26/2015 12:00:00 AM,5/21/2015 12:00:00 AM,20614,9891,10723
2/26/2015 12:00:00 AM,5/22/2015 12:00:00 AM,19442,9767,9675
2/26/2015 12:00:00 AM,5/23/2015 12:00:00 AM,20365,11422,8943
2/26/2015 12:00:00 AM,5/24/2015 12:00:00 AM,17724,9609,8115
2/26/2015 12:00:00 AM,5/25/2015 12:00:00 AM,15005,7741,7264
2/26/2015 12:00:00 AM,5/26/2015 12:00:00 AM,14323,6619,7704
2/26/2015 12:00:00 AM,5/27/2015 12:00:00 AM,13700,6619,7081
2/26/2015 12:00:00 AM,5/28/2015 12:00:00 AM,12730,6339,6391
2/25/2015 12:00:00 AM,2/26/2015 12:00:00 AM,6578,3247,3331
2/25/2015 12:00:00 AM,2/27/2015 12:00:00 AM,6683,3247,3436
2/25/2015 12:00:00 AM,2/28/2015 12:00:00 AM,9026,4675,4351
2/25/2015 12:00:00 AM,3/1/2015 12:00:00 AM,11311,4655,6656
2/25/2015 12:00:00 AM,3/2/2015 12:00:00 AM,12308,4849,7459
2/25/2015 12:00:00 AM,3/3/2015 12:00:00 AM,12353,4849,7504
2/25/2015 12:00:00 AM,3/4/2015 12:00:00 AM,12337,4849,7488
2/25/2015 12:00:00 AM,3/5/2015 12:00:00 AM,12977,5352,7625
2/25/2015 12:00:00 AM,3/6/2015 12:00:00 AM,14182,5352,8830
2/25/2015 12:00:00 AM,3/7/2015 12:00:00 AM,17265,6386,10879
2/25/2015 12:00:00 AM,3/8/2015 12:00:00 AM,18198,6386,11812
2/25/2015 12:00:00 AM,3/9/2015 12:00:00 AM,20308,7926,12382
2/25/2015 12:00:00 AM,3/10/2015 12:00:00 AM,20415,8053,12362
2/25/2015 12:00:00 AM,3/11/2015 12:00:00 AM,20435,7903,12532
2/25/2015 12:00:00 AM,3/12/2015 12:00:00 AM,21175,8503,12672
2/25/2015 12:00:00 AM,3/13/2015 12:00:00 AM,21573,8653,12920
2/25/2015 12:00:00 AM,3/14/2015 12:00:00 AM,25187,10295,14892
2/25/2015 12:00:00 AM,3/15/2015 12:00:00 AM,23931,10222,13709
2/25/2015 12:00:00 AM,3/16/2015 12:00:00 AM,25132,10558,14574
2/25/2015 12:00:00 AM,3/17/2015 12:00:00 AM,24073,10684,13389
2/25/2015 12:00:00 AM,3/18/2015 12:00:00 AM,25938,10684,15254
2/25/2015 12:00:00 AM,3/19/2015 12:00:00 AM,25257,10534,14723
2/25/2015 12:00:00 AM,3/20/2015 12:00:00 AM,25060,10434,14626
2/25/2015 12:00:00 AM,3/21/2015 12:00:00 AM,26498,10752,15746
2/25/2015 12:00:00 AM,3/22/2015 12:00:00 AM,26140,11389,14751
2/25/2015 12:00:00 AM,3/23/2015 12:00:00 AM,28328,11470,16858
2/25/2015 12:00:00 AM,3/24/2015 12:00:00 AM,26657,11470,15187
2/25/2015 12:00:00 AM,3/25/2015 12:00:00 AM,27710,12523,15187
2/25/2015 12:00:00 AM,3/26/2015 12:00:00 AM,27189,12373,14816
2/25/2015 12:00:00 AM,3/27/2015 12:00:00 AM,28060,11801,16259
2/25/2015 12:00:00 AM,3/28/2015 12:00:00 AM,32163,13520,18643
2/25/2015 12:00:00 AM,3/29/2015 12:00:00 AM,32102,13508,18594
2/25/2015 12:00:00 AM,3/30/2015 12:00:00 AM,31879,14453,17426
2/25/2015 12:00:00 AM,3/31/2015 12:00:00 AM,30285,13310,16975
2/25/2015 12:00:00 AM,4/1/2015 12:00:00 AM,31378,13987,17391
2/25/2015 12:00:00 AM,4/2/2015 12:00:00 AM,30091,12944,17147
2/25/2015 12:00:00 AM,4/3/2015 12:00:00 AM,30179,12793,17386
2/25/2015 12:00:00 AM,4/4/2015 12:00:00 AM,31940,13299,18641
2/25/2015 12:00:00 AM,4/5/2015 12:00:00 AM,31851,13208,18643
2/25/2015 12:00:00 AM,4/6/2015 12:00:00 AM,32502,13373,19129
2/25/2015 12:00:00 AM,4/7/2015 12:00:00 AM,33665,13623,20042
2/25/2015 12:00:00 AM,4/8/2015 12:00:00 AM,31687,13622,18065
2/25/2015 12:00:00 AM,4/9/2015 12:00:00 AM,32827,14172,18655
2/25/2015 12:00:00 AM,4/10/2015 12:00:00 AM,33029,14988,18041
2/25/2015 12:00:00 AM,4/11/2015 12:00:00 AM,40019,18019,22000
2/25/2015 12:00:00 AM,4/12/2015 12:00:00 AM,39388,17780,21608
2/25/2015 12:00:00 AM,4/13/2015 12:00:00 AM,41505,18529,22976
2/25/2015 12:00:00 AM,4/14/2015 12:00:00 AM,38494,17082,21412
2/25/2015 12:00:00 AM,4/15/2015 12:00:00 AM,38651,17307,21344
2/25/2015 12:00:00 AM,4/16/2015 12:00:00 AM,38722,17256,21466
2/25/2015 12:00:00 AM,4/17/2015 12:00:00 AM,38182,17130,21052
2/25/2015 12:00:00 AM,4/18/2015 12:00:00 AM,41722,19106,22616
2/25/2015 12:00:00 AM,4/19/2015 12:00:00 AM,41652,19088,22564
2/25/2015 12:00:00 AM,4/20/2015 12:00:00 AM,42114,19131,22983
2/25/2015 12:00:00 AM,4/21/2015 12:00:00 AM,37822,15237,22585
2/25/2015 12:00:00 AM,4/22/2015 12:00:00 AM,37051,14719,22332
2/25/2015 12:00:00 AM,4/23/2015 12:00:00 AM,37395,15087,22308
2/25/2015 12:00:00 AM,4/24/2015 12:00:00 AM,37924,14983,22941
2/25/2015 12:00:00 AM,4/25/2015 12:00:00 AM,38675,16013,22662
2/25/2015 12:00:00 AM,4/26/2015 12:00:00 AM,37438,15673,21765
2/25/2015 12:00:00 AM,4/27/2015 12:00:00 AM,37090,15280,21810
2/25/2015 12:00:00 AM,4/28/2015 12:00:00 AM,35173,14032,21141
2/25/2015 12:00:00 AM,4/29/2015 12:00:00 AM,32934,13942,18992
2/25/2015 12:00:00 AM,4/30/2015 12:00:00 AM,33487,13613,19874
2/25/2015 12:00:00 AM,5/1/2015 12:00:00 AM,33175,14043,19132
2/25/2015 12:00:00 AM,5/2/2015 12:00:00 AM,34980,16069,18911
2/25/2015 12:00:00 AM,5/3/2015 12:00:00 AM,34609,15257,19352
2/25/2015 12:00:00 AM,5/4/2015 12:00:00 AM,34713,16056,18657
2/25/2015 12:00:00 AM,5/5/2015 12:00:00 AM,30373,14395,15978
2/25/2015 12:00:00 AM,5/6/2015 12:00:00 AM,31107,14395,16712
2/25/2015 12:00:00 AM,5/7/2015 12:00:00 AM,28564,14053,14511
2/25/2015 12:00:00 AM,5/8/2015 12:00:00 AM,29253,14237,15016
2/25/2015 12:00:00 AM,5/9/2015 12:00:00 AM,30148,15275,14873
2/25/2015 12:00:00 AM,5/10/2015 12:00:00 AM,28897,14807,14090
2/25/2015 12:00:00 AM,5/11/2015 12:00:00 AM,29932,14059,15873
2/25/2015 12:00:00 AM,5/12/2015 12:00:00 AM,28805,12739,16066
2/25/2015 12:00:00 AM,5/13/2015 12:00:00 AM,27988,12739,15249
2/25/2015 12:00:00 AM,5/14/2015 12:00:00 AM,28355,12459,15896
2/25/2015 12:00:00 AM,5/15/2015 12:00:00 AM,26832,12869,13963
2/25/2015 12:00:00 AM,5/16/2015 12:00:00 AM,29314,14060,15254
2/25/2015 12:00:00 AM,5/17/2015 12:00:00 AM,26262,12601,13661
2/25/2015 12:00:00 AM,5/18/2015 12:00:00 AM,24897,12935,11962
2/25/2015 12:00:00 AM,5/19/2015 12:00:00 AM,22259,10333,11926
2/25/2015 12:00:00 AM,5/20/2015 12:00:00 AM,21798,10241,11557
2/25/2015 12:00:00 AM,5/21/2015 12:00:00 AM,20614,9891,10723
2/25/2015 12:00:00 AM,5/22/2015 12:00:00 AM,19442,9767,9675
2/25/2015 12:00:00 AM,5/23/2015 12:00:00 AM,20365,11422,8943
2/25/2015 12:00:00 AM,5/24/2015 12:00:00 AM,17724,9609,8115
2/25/2015 12:00:00 AM,5/25/2015 12:00:00 AM,15005,7741,7264
2/25/2015 12:00:00 AM,5/26/2015 12:00:00 AM,14323,6619,7704
2/25/2015 12:00:00 AM,5/27/2015 12:00:00 AM,13700,6619,7081
2/24/2015 12:00:00 AM,2/25/2015 12:00:00 AM,6739,3247,3492
2/24/2015 12:00:00 AM,2/26/2015 12:00:00 AM,6578,3247,3331
2/24/2015 12:00:00 AM,2/27/2015 12:00:00 AM,6728,3247,3481
2/24/2015 12:00:00 AM,2/28/2015 12:00:00 AM,9071,4675,4396
2/24/2015 12:00:00 AM,3/1/2015 12:00:00 AM,11356,4655,6701
2/24/2015 12:00:00 AM,3/2/2015 12:00:00 AM,12353,4849,7504
2/24/2015 12:00:00 AM,3/3/2015 12:00:00 AM,12398,4849,7549
2/24/2015 12:00:00 AM,3/4/2015 12:00:00 AM,12382,4849,7533
2/24/2015 12:00:00 AM,3/5/2015 12:00:00 AM,13022,5352,7670
2/24/2015 12:00:00 AM,3/6/2015 12:00:00 AM,14182,5352,8830
2/24/2015 12:00:00 AM,3/7/2015 12:00:00 AM,17265,6386,10879
2/24/2015 12:00:00 AM,3/8/2015 12:00:00 AM,18198,6386,11812
2/24/2015 12:00:00 AM,3/9/2015 12:00:00 AM,20308,7926,12382
2/24/2015 12:00:00 AM,3/10/2015 12:00:00 AM,20415,8053,12362
2/24/2015 12:00:00 AM,3/11/2015 12:00:00 AM,20435,7903,12532
2/24/2015 12:00:00 AM,3/12/2015 12:00:00 AM,21175,8503,12672
2/24/2015 12:00:00 AM,3/13/2015 12:00:00 AM,21573,8653,12920
2/24/2015 12:00:00 AM,3/14/2015 12:00:00 AM,25187,10295,14892
2/24/2015 12:00:00 AM,3/15/2015 12:00:00 AM,23931,10222,13709
2/24/2015 12:00:00 AM,3/16/2015 12:00:00 AM,25132,10558,14574
2/24/2015 12:00:00 AM,3/17/2015 12:00:00 AM,24073,10684,13389
2/24/2015 12:00:00 AM,3/18/2015 12:00:00 AM,25938,10684,15254
2/24/2015 12:00:00 AM,3/19/2015 12:00:00 AM,25257,10534,14723
2/24/2015 12:00:00 AM,3/20/2015 12:00:00 AM,25060,10434,14626
2/24/2015 12:00:00 AM,3/21/2015 12:00:00 AM,26498,10752,15746
2/24/2015 12:00:00 AM,3/22/2015 12:00:00 AM,26140,11389,14751
2/24/2015 12:00:00 AM,3/23/2015 12:00:00 AM,28328,11470,16858
2/24/2015 12:00:00 AM,3/24/2015 12:00:00 AM,26612,11470,15142
2/24/2015 12:00:00 AM,3/25/2015 12:00:00 AM,27665,12523,15142
2/24/2015 12:00:00 AM,3/26/2015 12:00:00 AM,27144,12373,14771
2/24/2015 12:00:00 AM,3/27/2015 12:00:00 AM,28015,11801,16214
2/24/2015 12:00:00 AM,3/28/2015 12:00:00 AM,31318,12720,18598
2/24/2015 12:00:00 AM,3/29/2015 12:00:00 AM,31257,12708,18549
2/24/2015 12:00:00 AM,3/30/2015 12:00:00 AM,31034,13653,17381
2/24/2015 12:00:00 AM,3/31/2015 12:00:00 AM,29485,12510,16975
2/24/2015 12:00:00 AM,4/1/2015 12:00:00 AM,30578,13187,17391
2/24/2015 12:00:00 AM,4/2/2015 12:00:00 AM,29291,12144,17147
2/24/2015 12:00:00 AM,4/3/2015 12:00:00 AM,29379,11993,17386
2/24/2015 12:00:00 AM,4/4/2015 12:00:00 AM,30720,12079,18641
2/24/2015 12:00:00 AM,4/5/2015 12:00:00 AM,30631,11988,18643
2/24/2015 12:00:00 AM,4/6/2015 12:00:00 AM,31702,12573,19129
2/24/2015 12:00:00 AM,4/7/2015 12:00:00 AM,32865,12823,20042
2/24/2015 12:00:00 AM,4/8/2015 12:00:00 AM,30887,12822,18065
2/24/2015 12:00:00 AM,4/9/2015 12:00:00 AM,32027,13372,18655
2/24/2015 12:00:00 AM,4/10/2015 12:00:00 AM,32229,14188,18041
2/24/2015 12:00:00 AM,4/11/2015 12:00:00 AM,38431,16431,22000
2/24/2015 12:00:00 AM,4/12/2015 12:00:00 AM,38318,16710,21608
2/24/2015 12:00:00 AM,4/13/2015 12:00:00 AM,40987,18011,22976
2/24/2015 12:00:00 AM,4/14/2015 12:00:00 AM,37976,16564,21412
2/24/2015 12:00:00 AM,4/15/2015 12:00:00 AM,38133,16789,21344
2/24/2015 12:00:00 AM,4/16/2015 12:00:00 AM,38204,16738,21466
2/24/2015 12:00:00 AM,4/17/2015 12:00:00 AM,37664,16612,21052
2/24/2015 12:00:00 AM,4/18/2015 12:00:00 AM,40934,18318,22616
2/24/2015 12:00:00 AM,4/19/2015 12:00:00 AM,40864,18300,22564
2/24/2015 12:00:00 AM,4/20/2015 12:00:00 AM,41596,18613,22983
2/24/2015 12:00:00 AM,4/21/2015 12:00:00 AM,37304,14719,22585
2/24/2015 12:00:00 AM,4/22/2015 12:00:00 AM,37051,14719,22332
2/24/2015 12:00:00 AM,4/23/2015 12:00:00 AM,36877,14569,22308
2/24/2015 12:00:00 AM,4/24/2015 12:00:00 AM,37924,14983,22941
2/24/2015 12:00:00 AM,4/25/2015 12:00:00 AM,38405,15743,22662
2/24/2015 12:00:00 AM,4/26/2015 12:00:00 AM,37168,15403,21765
2/24/2015 12:00:00 AM,4/27/2015 12:00:00 AM,37090,15280,21810
2/24/2015 12:00:00 AM,4/28/2015 12:00:00 AM,35173,14032,21141
2/24/2015 12:00:00 AM,4/29/2015 12:00:00 AM,32934,13942,18992
2/24/2015 12:00:00 AM,4/30/2015 12:00:00 AM,33487,13613,19874
2/24/2015 12:00:00 AM,5/1/2015 12:00:00 AM,33175,14043,19132
2/24/2015 12:00:00 AM,5/2/2015 12:00:00 AM,34980,16069,18911
2/24/2015 12:00:00 AM,5/3/2015 12:00:00 AM,34609,15257,19352
2/24/2015 12:00:00 AM,5/4/2015 12:00:00 AM,34713,16056,18657
2/24/2015 12:00:00 AM,5/5/2015 12:00:00 AM,30373,14395,15978
2/24/2015 12:00:00 AM,5/6/2015 12:00:00 AM,31107,14395,16712
2/24/2015 12:00:00 AM,5/7/2015 12:00:00 AM,28564,14053,14511
2/24/2015 12:00:00 AM,5/8/2015 12:00:00 AM,29253,14237,15016
2/24/2015 12:00:00 AM,5/9/2015 12:00:00 AM,30148,15275,14873
2/24/2015 12:00:00 AM,5/10/2015 12:00:00 AM,28897,14807,14090
2/24/2015 12:00:00 AM,5/11/2015 12:00:00 AM,29932,14059,15873
2/24/2015 12:00:00 AM,5/12/2015 12:00:00 AM,28805,12739,16066
2/24/2015 12:00:00 AM,5/13/2015 12:00:00 AM,27988,12739,15249
2/24/2015 12:00:00 AM,5/14/2015 12:00:00 AM,28355,12459,15896
2/24/2015 12:00:00 AM,5/15/2015 12:00:00 AM,26832,12869,13963
2/24/2015 12:00:00 AM,5/16/2015 12:00:00 AM,29314,14060,15254
2/24/2015 12:00:00 AM,5/17/2015 12:00:00 AM,26262,12601,13661
2/24/2015 12:00:00 AM,5/18/2015 12:00:00 AM,24897,12935,11962
2/24/2015 12:00:00 AM,5/19/2015 12:00:00 AM,22259,10333,11926
2/24/2015 12:00:00 AM,5/20/2015 12:00:00 AM,21798,10241,11557
2/24/2015 12:00:00 AM,5/21/2015 12:00:00 AM,20614,9891,10723
2/24/2015 12:00:00 AM,5/22/2015 12:00:00 AM,19442,9767,9675
2/24/2015 12:00:00 AM,5/23/2015 12:00:00 AM,20365,11422,8943
2/24/2015 12:00:00 AM,5/24/2015 12:00:00 AM,17724,9609,8115
2/24/2015 12:00:00 AM,5/25/2015 12:00:00 AM,15005,7741,7264
2/24/2015 12:00:00 AM,5/26/2015 12:00:00 AM,14323,6619,7704
2/23/2015 12:00:00 AM,2/24/2015 12:00:00 AM,6772,3247,3525
2/23/2015 12:00:00 AM,2/25/2015 12:00:00 AM,6739,3247,3492
2/23/2015 12:00:00 AM,2/26/2015 12:00:00 AM,6578,3247,3331
2/23/2015 12:00:00 AM,2/27/2015 12:00:00 AM,6728,3247,3481
2/23/2015 12:00:00 AM,2/28/2015 12:00:00 AM,9071,4675,4396
2/23/2015 12:00:00 AM,3/1/2015 12:00:00 AM,11356,4655,6701
2/23/2015 12:00:00 AM,3/2/2015 12:00:00 AM,12353,4849,7504
2/23/2015 12:00:00 AM,3/3/2015 12:00:00 AM,12398,4849,7549
2/23/2015 12:00:00 AM,3/4/2015 12:00:00 AM,12382,4849,7533
2/23/2015 12:00:00 AM,3/5/2015 12:00:00 AM,13022,5352,7670
2/23/2015 12:00:00 AM,3/6/2015 12:00:00 AM,14182,5352,8830
2/23/2015 12:00:00 AM,3/7/2015 12:00:00 AM,17265,6386,10879
2/23/2015 12:00:00 AM,3/8/2015 12:00:00 AM,18198,6386,11812
2/23/2015 12:00:00 AM,3/9/2015 12:00:00 AM,20308,7926,12382
2/23/2015 12:00:00 AM,3/10/2015 12:00:00 AM,20288,7926,12362
2/23/2015 12:00:00 AM,3/11/2015 12:00:00 AM,20308,7776,12532
2/23/2015 12:00:00 AM,3/12/2015 12:00:00 AM,21175,8503,12672
2/23/2015 12:00:00 AM,3/13/2015 12:00:00 AM,21573,8653,12920
2/23/2015 12:00:00 AM,3/14/2015 12:00:00 AM,25187,10295,14892
2/23/2015 12:00:00 AM,3/15/2015 12:00:00 AM,23931,10222,13709
2/23/2015 12:00:00 AM,3/16/2015 12:00:00 AM,25040,10466,14574
2/23/2015 12:00:00 AM,3/17/2015 12:00:00 AM,23981,10592,13389
2/23/2015 12:00:00 AM,3/18/2015 12:00:00 AM,25846,10592,15254
2/23/2015 12:00:00 AM,3/19/2015 12:00:00 AM,25165,10442,14723
2/23/2015 12:00:00 AM,3/20/2015 12:00:00 AM,24968,10342,14626
2/23/2015 12:00:00 AM,3/21/2015 12:00:00 AM,26406,10660,15746
2/23/2015 12:00:00 AM,3/22/2015 12:00:00 AM,26140,11389,14751
2/23/2015 12:00:00 AM,3/23/2015 12:00:00 AM,28328,11470,16858
2/23/2015 12:00:00 AM,3/24/2015 12:00:00 AM,26612,11470,15142
2/23/2015 12:00:00 AM,3/25/2015 12:00:00 AM,27665,12523,15142
2/23/2015 12:00:00 AM,3/26/2015 12:00:00 AM,27144,12373,14771
2/23/2015 12:00:00 AM,3/27/2015 12:00:00 AM,28015,11801,16214
2/23/2015 12:00:00 AM,3/28/2015 12:00:00 AM,31318,12720,18598
2/23/2015 12:00:00 AM,3/29/2015 12:00:00 AM,31257,12708,18549
2/23/2015 12:00:00 AM,3/30/2015 12:00:00 AM,31034,13653,17381
2/23/2015 12:00:00 AM,3/31/2015 12:00:00 AM,29485,12510,16975
2/23/2015 12:00:00 AM,4/1/2015 12:00:00 AM,30578,13187,17391
2/23/2015 12:00:00 AM,4/2/2015 12:00:00 AM,29291,12144,17147
2/23/2015 12:00:00 AM,4/3/2015 12:00:00 AM,29379,11993,17386
2/23/2015 12:00:00 AM,4/4/2015 12:00:00 AM,30720,12079,18641
2/23/2015 12:00:00 AM,4/5/2015 12:00:00 AM,30631,11988,18643
2/23/2015 12:00:00 AM,4/6/2015 12:00:00 AM,31702,12573,19129
2/23/2015 12:00:00 AM,4/7/2015 12:00:00 AM,32865,12823,20042
2/23/2015 12:00:00 AM,4/8/2015 12:00:00 AM,30887,12822,18065
2/23/2015 12:00:00 AM,4/9/2015 12:00:00 AM,32027,13372,18655
2/23/2015 12:00:00 AM,4/10/2015 12:00:00 AM,32229,14188,18041
2/23/2015 12:00:00 AM,4/11/2015 12:00:00 AM,38326,16326,22000
2/23/2015 12:00:00 AM,4/12/2015 12:00:00 AM,38200,16605,21595
2/23/2015 12:00:00 AM,4/13/2015 12:00:00 AM,40869,17906,22963
2/23/2015 12:00:00 AM,4/14/2015 12:00:00 AM,37858,16459,21399
2/23/2015 12:00:00 AM,4/15/2015 12:00:00 AM,38015,16684,21331
2/23/2015 12:00:00 AM,4/16/2015 12:00:00 AM,38086,16633,21453
2/23/2015 12:00:00 AM,4/17/2015 12:00:00 AM,37546,16507,21039
2/23/2015 12:00:00 AM,4/18/2015 12:00:00 AM,40816,18213,22603
2/23/2015 12:00:00 AM,4/19/2015 12:00:00 AM,40759,18195,22564
2/23/2015 12:00:00 AM,4/20/2015 12:00:00 AM,41406,18508,22898
2/23/2015 12:00:00 AM,4/21/2015 12:00:00 AM,37134,14614,22520
2/23/2015 12:00:00 AM,4/22/2015 12:00:00 AM,36881,14614,22267
2/23/2015 12:00:00 AM,4/23/2015 12:00:00 AM,36707,14464,22243
2/23/2015 12:00:00 AM,4/24/2015 12:00:00 AM,37754,14878,22876
2/23/2015 12:00:00 AM,4/25/2015 12:00:00 AM,38235,15638,22597
2/23/2015 12:00:00 AM,4/26/2015 12:00:00 AM,36998,15298,21700
2/23/2015 12:00:00 AM,4/27/2015 12:00:00 AM,36920,15175,21745
2/23/2015 12:00:00 AM,4/28/2015 12:00:00 AM,34983,13927,21056
2/23/2015 12:00:00 AM,4/29/2015 12:00:00 AM,32829,13837,18992
2/23/2015 12:00:00 AM,4/30/2015 12:00:00 AM,33297,13508,19789
2/23/2015 12:00:00 AM,5/1/2015 12:00:00 AM,33070,13938,19132
2/23/2015 12:00:00 AM,5/2/2015 12:00:00 AM,34875,15964,18911
2/23/2015 12:00:00 AM,5/3/2015 12:00:00 AM,34504,15152,19352
2/23/2015 12:00:00 AM,5/4/2015 12:00:00 AM,34414,15951,18463
2/23/2015 12:00:00 AM,5/5/2015 12:00:00 AM,30074,14290,15784
2/23/2015 12:00:00 AM,5/6/2015 12:00:00 AM,30788,14290,16498
2/23/2015 12:00:00 AM,5/7/2015 12:00:00 AM,28354,13948,14406
2/23/2015 12:00:00 AM,5/8/2015 12:00:00 AM,28934,14132,14802
2/23/2015 12:00:00 AM,5/9/2015 12:00:00 AM,29938,15170,14768
2/23/2015 12:00:00 AM,5/10/2015 12:00:00 AM,28687,14702,13985
2/23/2015 12:00:00 AM,5/11/2015 12:00:00 AM,29615,13954,15661
2/23/2015 12:00:00 AM,5/12/2015 12:00:00 AM,28488,12634,15854
2/23/2015 12:00:00 AM,5/13/2015 12:00:00 AM,27756,12634,15122
2/23/2015 12:00:00 AM,5/14/2015 12:00:00 AM,28145,12354,15791
2/23/2015 12:00:00 AM,5/15/2015 12:00:00 AM,26600,12764,13836
2/23/2015 12:00:00 AM,5/16/2015 12:00:00 AM,29189,13955,15234
2/23/2015 12:00:00 AM,5/17/2015 12:00:00 AM,26137,12496,13641
2/23/2015 12:00:00 AM,5/18/2015 12:00:00 AM,24663,12830,11833
2/23/2015 12:00:00 AM,5/19/2015 12:00:00 AM,22045,10228,11817
2/23/2015 12:00:00 AM,5/20/2015 12:00:00 AM,21584,10136,11448
2/23/2015 12:00:00 AM,5/21/2015 12:00:00 AM,20400,9786,10614
2/23/2015 12:00:00 AM,5/22/2015 12:00:00 AM,19228,9662,9566
2/23/2015 12:00:00 AM,5/23/2015 12:00:00 AM,20260,11317,8943
2/23/2015 12:00:00 AM,5/24/2015 12:00:00 AM,17619,9504,8115
2/23/2015 12:00:00 AM,5/25/2015 12:00:00 AM,14900,7636,7264
2/22/2015 12:00:00 AM,2/23/2015 12:00:00 AM,6772,3247,3525
2/22/2015 12:00:00 AM,2/24/2015 12:00:00 AM,6772,3247,3525
2/22/2015 12:00:00 AM,2/25/2015 12:00:00 AM,6739,3247,3492
2/22/2015 12:00:00 AM,2/26/2015 12:00:00 AM,6578,3247,3331
2/22/2015 12:00:00 AM,2/27/2015 12:00:00 AM,6728,3247,3481
2/22/2015 12:00:00 AM,2/28/2015 12:00:00 AM,9071,4675,4396
2/22/2015 12:00:00 AM,3/1/2015 12:00:00 AM,11356,4655,6701
2/22/2015 12:00:00 AM,3/2/2015 12:00:00 AM,12353,4849,7504
2/22/2015 12:00:00 AM,3/3/2015 12:00:00 AM,12398,4849,7549
2/22/2015 12:00:00 AM,3/4/2015 12:00:00 AM,12382,4849,7533
2/22/2015 12:00:00 AM,3/5/2015 12:00:00 AM,13022,5352,7670
2/22/2015 12:00:00 AM,3/6/2015 12:00:00 AM,14182,5352,8830
2/22/2015 12:00:00 AM,3/7/2015 12:00:00 AM,17265,6386,10879
2/22/2015 12:00:00 AM,3/8/2015 12:00:00 AM,18198,6386,11812
2/22/2015 12:00:00 AM,3/9/2015 12:00:00 AM,20308,7926,12382
2/22/2015 12:00:00 AM,3/10/2015 12:00:00 AM,20288,7926,12362
2/22/2015 12:00:00 AM,3/11/2015 12:00:00 AM,20308,7776,12532
2/22/2015 12:00:00 AM,3/12/2015 12:00:00 AM,21175,8503,12672
2/22/2015 12:00:00 AM,3/13/2015 12:00:00 AM,21573,8653,12920
2/22/2015 12:00:00 AM,3/14/2015 12:00:00 AM,25187,10295,14892
2/22/2015 12:00:00 AM,3/15/2015 12:00:00 AM,23931,10222,13709
2/22/2015 12:00:00 AM,3/16/2015 12:00:00 AM,25040,10466,14574
2/22/2015 12:00:00 AM,3/17/2015 12:00:00 AM,23981,10592,13389
2/22/2015 12:00:00 AM,3/18/2015 12:00:00 AM,25846,10592,15254
2/22/2015 12:00:00 AM,3/19/2015 12:00:00 AM,25165,10442,14723
2/22/2015 12:00:00 AM,3/20/2015 12:00:00 AM,24968,10342,14626
2/22/2015 12:00:00 AM,3/21/2015 12:00:00 AM,26406,10660,15746
2/22/2015 12:00:00 AM,3/22/2015 12:00:00 AM,26140,11389,14751
2/22/2015 12:00:00 AM,3/23/2015 12:00:00 AM,28328,11470,16858
2/22/2015 12:00:00 AM,3/24/2015 12:00:00 AM,26612,11470,15142
2/22/2015 12:00:00 AM,3/25/2015 12:00:00 AM,27665,12523,15142
2/22/2015 12:00:00 AM,3/26/2015 12:00:00 AM,27144,12373,14771
2/22/2015 12:00:00 AM,3/27/2015 12:00:00 AM,28015,11801,16214
2/22/2015 12:00:00 AM,3/28/2015 12:00:00 AM,31318,12720,18598
2/22/2015 12:00:00 AM,3/29/2015 12:00:00 AM,31257,12708,18549
2/22/2015 12:00:00 AM,3/30/2015 12:00:00 AM,31034,13653,17381
2/22/2015 12:00:00 AM,3/31/2015 12:00:00 AM,29485,12510,16975
2/22/2015 12:00:00 AM,4/1/2015 12:00:00 AM,30578,13187,17391
2/22/2015 12:00:00 AM,4/2/2015 12:00:00 AM,29291,12144,17147
2/22/2015 12:00:00 AM,4/3/2015 12:00:00 AM,29379,11993,17386
2/22/2015 12:00:00 AM,4/4/2015 12:00:00 AM,30720,12079,18641
2/22/2015 12:00:00 AM,4/5/2015 12:00:00 AM,30631,11988,18643
2/22/2015 12:00:00 AM,4/6/2015 12:00:00 AM,31702,12573,19129
2/22/2015 12:00:00 AM,4/7/2015 12:00:00 AM,32865,12823,20042
2/22/2015 12:00:00 AM,4/8/2015 12:00:00 AM,30887,12822,18065
2/22/2015 12:00:00 AM,4/9/2015 12:00:00 AM,32027,13372,18655
2/22/2015 12:00:00 AM,4/10/2015 12:00:00 AM,32229,14188,18041
2/22/2015 12:00:00 AM,4/11/2015 12:00:00 AM,38326,16326,22000
2/22/2015 12:00:00 AM,4/12/2015 12:00:00 AM,38200,16605,21595
2/22/2015 12:00:00 AM,4/13/2015 12:00:00 AM,40869,17906,22963
2/22/2015 12:00:00 AM,4/14/2015 12:00:00 AM,37858,16459,21399
2/22/2015 12:00:00 AM,4/15/2015 12:00:00 AM,38015,16684,21331
2/22/2015 12:00:00 AM,4/16/2015 12:00:00 AM,38086,16633,21453
2/22/2015 12:00:00 AM,4/17/2015 12:00:00 AM,37546,16507,21039
2/22/2015 12:00:00 AM,4/18/2015 12:00:00 AM,40816,18213,22603
2/22/2015 12:00:00 AM,4/19/2015 12:00:00 AM,40759,18195,22564
2/22/2015 12:00:00 AM,4/20/2015 12:00:00 AM,41406,18508,22898
2/22/2015 12:00:00 AM,4/21/2015 12:00:00 AM,37134,14614,22520
2/22/2015 12:00:00 AM,4/22/2015 12:00:00 AM,36881,14614,22267
2/22/2015 12:00:00 AM,4/23/2015 12:00:00 AM,36707,14464,22243
2/22/2015 12:00:00 AM,4/24/2015 12:00:00 AM,37754,14878,22876
2/22/2015 12:00:00 AM,4/25/2015 12:00:00 AM,38235,15638,22597
2/22/2015 12:00:00 AM,4/26/2015 12:00:00 AM,36998,15298,21700
2/22/2015 12:00:00 AM,4/27/2015 12:00:00 AM,36920,15175,21745
2/22/2015 12:00:00 AM,4/28/2015 12:00:00 AM,34983,13927,21056
2/22/2015 12:00:00 AM,4/29/2015 12:00:00 AM,32829,13837,18992
2/22/2015 12:00:00 AM,4/30/2015 12:00:00 AM,33297,13508,19789
2/22/2015 12:00:00 AM,5/1/2015 12:00:00 AM,33070,13938,19132
2/22/2015 12:00:00 AM,5/2/2015 12:00:00 AM,34875,15964,18911
2/22/2015 12:00:00 AM,5/3/2015 12:00:00 AM,34504,15152,19352
2/22/2015 12:00:00 AM,5/4/2015 12:00:00 AM,34414,15951,18463
2/22/2015 12:00:00 AM,5/5/2015 12:00:00 AM,30074,14290,15784
2/22/2015 12:00:00 AM,5/6/2015 12:00:00 AM,30788,14290,16498
2/22/2015 12:00:00 AM,5/7/2015 12:00:00 AM,28354,13948,14406
2/22/2015 12:00:00 AM,5/8/2015 12:00:00 AM,28934,14132,14802
2/22/2015 12:00:00 AM,5/9/2015 12:00:00 AM,29938,15170,14768
2/22/2015 12:00:00 AM,5/10/2015 12:00:00 AM,28687,14702,13985
2/22/2015 12:00:00 AM,5/11/2015 12:00:00 AM,29615,13954,15661
2/22/2015 12:00:00 AM,5/12/2015 12:00:00 AM,28488,12634,15854
2/22/2015 12:00:00 AM,5/13/2015 12:00:00 AM,27756,12634,15122
2/22/2015 12:00:00 AM,5/14/2015 12:00:00 AM,28145,12354,15791
2/22/2015 12:00:00 AM,5/15/2015 12:00:00 AM,26600,12764,13836
2/22/2015 12:00:00 AM,5/16/2015 12:00:00 AM,29189,13955,15234
2/22/2015 12:00:00 AM,5/17/2015 12:00:00 AM,26137,12496,13641
2/22/2015 12:00:00 AM,5/18/2015 12:00:00 AM,24663,12830,11833
2/22/2015 12:00:00 AM,5/19/2015 12:00:00 AM,22045,10228,11817
2/22/2015 12:00:00 AM,5/20/2015 12:00:00 AM,21584,10136,11448
2/22/2015 12:00:00 AM,5/21/2015 12:00:00 AM,20400,9786,10614
2/22/2015 12:00:00 AM,5/22/2015 12:00:00 AM,19228,9662,9566
2/22/2015 12:00:00 AM,5/23/2015 12:00:00 AM,20260,11317,8943
2/22/2015 12:00:00 AM,5/24/2015 12:00:00 AM,17619,9504,8115
2/21/2015 12:00:00 AM,2/22/2015 12:00:00 AM,6765,3247,3518
2/21/2015 12:00:00 AM,2/23/2015 12:00:00 AM,6772,3247,3525
2/21/2015 12:00:00 AM,2/24/2015 12:00:00 AM,6772,3247,3525
2/21/2015 12:00:00 AM,2/25/2015 12:00:00 AM,6739,3247,3492
2/21/2015 12:00:00 AM,2/26/2015 12:00:00 AM,6578,3247,3331
2/21/2015 12:00:00 AM,2/27/2015 12:00:00 AM,6728,3247,3481
2/21/2015 12:00:00 AM,2/28/2015 12:00:00 AM,9116,4675,4441
2/21/2015 12:00:00 AM,3/1/2015 12:00:00 AM,11401,4655,6746
2/21/2015 12:00:00 AM,3/2/2015 12:00:00 AM,12398,4849,7549
2/21/2015 12:00:00 AM,3/3/2015 12:00:00 AM,12443,4849,7594
2/21/2015 12:00:00 AM,3/4/2015 12:00:00 AM,12427,4849,7578
2/21/2015 12:00:00 AM,3/5/2015 12:00:00 AM,13067,5352,7715
2/21/2015 12:00:00 AM,3/6/2015 12:00:00 AM,14227,5352,8875
2/21/2015 12:00:00 AM,3/7/2015 12:00:00 AM,17310,6386,10924
2/21/2015 12:00:00 AM,3/8/2015 12:00:00 AM,18243,6386,11857
2/21/2015 12:00:00 AM,3/9/2015 12:00:00 AM,20353,7926,12427
2/21/2015 12:00:00 AM,3/10/2015 12:00:00 AM,20333,7926,12407
2/21/2015 12:00:00 AM,3/11/2015 12:00:00 AM,20353,7776,12577
2/21/2015 12:00:00 AM,3/12/2015 12:00:00 AM,21220,8503,12717
2/21/2015 12:00:00 AM,3/13/2015 12:00:00 AM,21618,8653,12965
2/21/2015 12:00:00 AM,3/14/2015 12:00:00 AM,25232,10295,14937
2/21/2015 12:00:00 AM,3/15/2015 12:00:00 AM,23976,10222,13754
2/21/2015 12:00:00 AM,3/16/2015 12:00:00 AM,25085,10466,14619
2/21/2015 12:00:00 AM,3/17/2015 12:00:00 AM,24026,10592,13434
2/21/2015 12:00:00 AM,3/18/2015 12:00:00 AM,25891,10592,15299
2/21/2015 12:00:00 AM,3/19/2015 12:00:00 AM,25210,10442,14768
2/21/2015 12:00:00 AM,3/20/2015 12:00:00 AM,25013,10342,14671
2/21/2015 12:00:00 AM,3/21/2015 12:00:00 AM,26451,10660,15791
2/21/2015 12:00:00 AM,3/22/2015 12:00:00 AM,26185,11389,14796
2/21/2015 12:00:00 AM,3/23/2015 12:00:00 AM,28373,11470,16903
2/21/2015 12:00:00 AM,3/24/2015 12:00:00 AM,26657,11470,15187
2/21/2015 12:00:00 AM,3/25/2015 12:00:00 AM,27710,12523,15187
2/21/2015 12:00:00 AM,3/26/2015 12:00:00 AM,27189,12373,14816
2/21/2015 12:00:00 AM,3/27/2015 12:00:00 AM,28060,11801,16259
2/21/2015 12:00:00 AM,3/28/2015 12:00:00 AM,31363,12720,18643
2/21/2015 12:00:00 AM,3/29/2015 12:00:00 AM,31302,12708,18594
2/21/2015 12:00:00 AM,3/30/2015 12:00:00 AM,31079,13653,17426
2/21/2015 12:00:00 AM,3/31/2015 12:00:00 AM,29530,12510,17020
2/21/2015 12:00:00 AM,4/1/2015 12:00:00 AM,30623,13187,17436
2/21/2015 12:00:00 AM,4/2/2015 12:00:00 AM,29336,12144,17192
2/21/2015 12:00:00 AM,4/3/2015 12:00:00 AM,29424,11993,17431
2/21/2015 12:00:00 AM,4/4/2015 12:00:00 AM,30765,12079,18686
2/21/2015 12:00:00 AM,4/5/2015 12:00:00 AM,30676,11988,18688
2/21/2015 12:00:00 AM,4/6/2015 12:00:00 AM,31747,12573,19174
2/21/2015 12:00:00 AM,4/7/2015 12:00:00 AM,32910,12823,20087
2/21/2015 12:00:00 AM,4/8/2015 12:00:00 AM,30932,12822,18110
2/21/2015 12:00:00 AM,4/9/2015 12:00:00 AM,32072,13372,18700
2/21/2015 12:00:00 AM,4/10/2015 12:00:00 AM,32274,14188,18086
2/21/2015 12:00:00 AM,4/11/2015 12:00:00 AM,38371,16326,22045
2/21/2015 12:00:00 AM,4/12/2015 12:00:00 AM,38245,16605,21640
2/21/2015 12:00:00 AM,4/13/2015 12:00:00 AM,40914,17906,23008
2/21/2015 12:00:00 AM,4/14/2015 12:00:00 AM,37903,16459,21444
2/21/2015 12:00:00 AM,4/15/2015 12:00:00 AM,38060,16684,21376
2/21/2015 12:00:00 AM,4/16/2015 12:00:00 AM,38131,16633,21498
2/21/2015 12:00:00 AM,4/17/2015 12:00:00 AM,37591,16507,21084
2/21/2015 12:00:00 AM,4/18/2015 12:00:00 AM,40861,18213,22648
2/21/2015 12:00:00 AM,4/19/2015 12:00:00 AM,40804,18195,22609
2/21/2015 12:00:00 AM,4/20/2015 12:00:00 AM,41451,18508,22943
2/21/2015 12:00:00 AM,4/21/2015 12:00:00 AM,37179,14614,22565
2/21/2015 12:00:00 AM,4/22/2015 12:00:00 AM,36926,14614,22312
2/21/2015 12:00:00 AM,4/23/2015 12:00:00 AM,36752,14464,22288
2/21/2015 12:00:00 AM,4/24/2015 12:00:00 AM,37799,14878,22921
2/21/2015 12:00:00 AM,4/25/2015 12:00:00 AM,38280,15638,22642
2/21/2015 12:00:00 AM,4/26/2015 12:00:00 AM,37043,15298,21745
2/21/2015 12:00:00 AM,4/27/2015 12:00:00 AM,36920,15175,21745
2/21/2015 12:00:00 AM,4/28/2015 12:00:00 AM,34983,13927,21056
2/21/2015 12:00:00 AM,4/29/2015 12:00:00 AM,32829,13837,18992
2/21/2015 12:00:00 AM,4/30/2015 12:00:00 AM,33297,13508,19789
2/21/2015 12:00:00 AM,5/1/2015 12:00:00 AM,33070,13938,19132
2/21/2015 12:00:00 AM,5/2/2015 12:00:00 AM,34875,15964,18911
2/21/2015 12:00:00 AM,5/3/2015 12:00:00 AM,34504,15152,19352
2/21/2015 12:00:00 AM,5/4/2015 12:00:00 AM,34414,15951,18463
2/21/2015 12:00:00 AM,5/5/2015 12:00:00 AM,30074,14290,15784
2/21/2015 12:00:00 AM,5/6/2015 12:00:00 AM,30788,14290,16498
2/21/2015 12:00:00 AM,5/7/2015 12:00:00 AM,28354,13948,14406
2/21/2015 12:00:00 AM,5/8/2015 12:00:00 AM,28934,14132,14802
2/21/2015 12:00:00 AM,5/9/2015 12:00:00 AM,29938,15170,14768
2/21/2015 12:00:00 AM,5/10/2015 12:00:00 AM,28687,14702,13985
2/21/2015 12:00:00 AM,5/11/2015 12:00:00 AM,29615,13954,15661
2/21/2015 12:00:00 AM,5/12/2015 12:00:00 AM,28488,12634,15854
2/21/2015 12:00:00 AM,5/13/2015 12:00:00 AM,27756,12634,15122
2/21/2015 12:00:00 AM,5/14/2015 12:00:00 AM,28145,12354,15791
2/21/2015 12:00:00 AM,5/15/2015 12:00:00 AM,26600,12764,13836
2/21/2015 12:00:00 AM,5/16/2015 12:00:00 AM,29189,13955,15234
2/21/2015 12:00:00 AM,5/17/2015 12:00:00 AM,26137,12496,13641
2/21/2015 12:00:00 AM,5/18/2015 12:00:00 AM,24663,12830,11833
2/21/2015 12:00:00 AM,5/19/2015 12:00:00 AM,22045,10228,11817
2/21/2015 12:00:00 AM,5/20/2015 12:00:00 AM,21584,10136,11448
2/21/2015 12:00:00 AM,5/21/2015 12:00:00 AM,20400,9786,10614
2/21/2015 12:00:00 AM,5/22/2015 12:00:00 AM,19228,9662,9566
2/21/2015 12:00:00 AM,5/23/2015 12:00:00 AM,20260,11317,8943
2/20/2015 12:00:00 AM,2/21/2015 12:00:00 AM,7069,3477,3592
2/20/2015 12:00:00 AM,2/22/2015 12:00:00 AM,7144,3477,3667
2/20/2015 12:00:00 AM,2/23/2015 12:00:00 AM,7151,3477,3674
2/20/2015 12:00:00 AM,2/24/2015 12:00:00 AM,7151,3477,3674
2/20/2015 12:00:00 AM,2/25/2015 12:00:00 AM,7139,3477,3662
2/20/2015 12:00:00 AM,2/26/2015 12:00:00 AM,6957,3477,3480
2/20/2015 12:00:00 AM,2/27/2015 12:00:00 AM,7128,3477,3651
2/20/2015 12:00:00 AM,2/28/2015 12:00:00 AM,10546,4675,5871
2/20/2015 12:00:00 AM,3/1/2015 12:00:00 AM,12831,4655,8176
2/20/2015 12:00:00 AM,3/2/2015 12:00:00 AM,13828,4849,8979
2/20/2015 12:00:00 AM,3/3/2015 12:00:00 AM,13873,4849,9024
2/20/2015 12:00:00 AM,3/4/2015 12:00:00 AM,13857,4849,9008
2/20/2015 12:00:00 AM,3/5/2015 12:00:00 AM,14497,5352,9145
2/20/2015 12:00:00 AM,3/6/2015 12:00:00 AM,15657,5352,10305
2/20/2015 12:00:00 AM,3/7/2015 12:00:00 AM,18740,6386,12354
2/20/2015 12:00:00 AM,3/8/2015 12:00:00 AM,19673,6386,13287
2/20/2015 12:00:00 AM,3/9/2015 12:00:00 AM,21783,7926,13857
2/20/2015 12:00:00 AM,3/10/2015 12:00:00 AM,21763,7926,13837
2/20/2015 12:00:00 AM,3/11/2015 12:00:00 AM,21783,7776,14007
2/20/2015 12:00:00 AM,3/12/2015 12:00:00 AM,22650,8503,14147
2/20/2015 12:00:00 AM,3/13/2015 12:00:00 AM,23048,8653,14395
2/20/2015 12:00:00 AM,3/14/2015 12:00:00 AM,26662,10295,16367
2/20/2015 12:00:00 AM,3/15/2015 12:00:00 AM,25406,10222,15184
2/20/2015 12:00:00 AM,3/16/2015 12:00:00 AM,26515,10466,16049
2/20/2015 12:00:00 AM,3/17/2015 12:00:00 AM,25456,10592,14864
2/20/2015 12:00:00 AM,3/18/2015 12:00:00 AM,27321,10592,16729
2/20/2015 12:00:00 AM,3/19/2015 12:00:00 AM,26640,10442,16198
2/20/2015 12:00:00 AM,3/20/2015 12:00:00 AM,26443,10342,16101
2/20/2015 12:00:00 AM,3/21/2015 12:00:00 AM,27881,10660,17221
2/20/2015 12:00:00 AM,3/22/2015 12:00:00 AM,27615,11389,16226
2/20/2015 12:00:00 AM,3/23/2015 12:00:00 AM,29803,11470,18333
2/20/2015 12:00:00 AM,3/24/2015 12:00:00 AM,28087,11470,16617
2/20/2015 12:00:00 AM,3/25/2015 12:00:00 AM,29140,12523,16617
2/20/2015 12:00:00 AM,3/26/2015 12:00:00 AM,28449,12373,16076
2/20/2015 12:00:00 AM,3/27/2015 12:00:00 AM,29320,11801,17519
2/20/2015 12:00:00 AM,3/28/2015 12:00:00 AM,32623,12720,19903
2/20/2015 12:00:00 AM,3/29/2015 12:00:00 AM,32562,12708,19854
2/20/2015 12:00:00 AM,3/30/2015 12:00:00 AM,32339,13653,18686
2/20/2015 12:00:00 AM,3/31/2015 12:00:00 AM,30790,12510,18280
2/20/2015 12:00:00 AM,4/1/2015 12:00:00 AM,30623,13187,17436
2/20/2015 12:00:00 AM,4/2/2015 12:00:00 AM,29336,12144,17192
2/20/2015 12:00:00 AM,4/3/2015 12:00:00 AM,29424,11993,17431
2/20/2015 12:00:00 AM,4/4/2015 12:00:00 AM,30765,12079,18686
2/20/2015 12:00:00 AM,4/5/2015 12:00:00 AM,30676,11988,18688
2/20/2015 12:00:00 AM,4/6/2015 12:00:00 AM,31747,12573,19174
2/20/2015 12:00:00 AM,4/7/2015 12:00:00 AM,32910,12823,20087
2/20/2015 12:00:00 AM,4/8/2015 12:00:00 AM,30932,12822,18110
2/20/2015 12:00:00 AM,4/9/2015 12:00:00 AM,32072,13372,18700
2/20/2015 12:00:00 AM,4/10/2015 12:00:00 AM,32274,14188,18086
2/20/2015 12:00:00 AM,4/11/2015 12:00:00 AM,38371,16326,22045
2/20/2015 12:00:00 AM,4/12/2015 12:00:00 AM,38245,16605,21640
2/20/2015 12:00:00 AM,4/13/2015 12:00:00 AM,40914,17906,23008
2/20/2015 12:00:00 AM,4/14/2015 12:00:00 AM,37903,16459,21444
2/20/2015 12:00:00 AM,4/15/2015 12:00:00 AM,38060,16684,21376
2/20/2015 12:00:00 AM,4/16/2015 12:00:00 AM,38131,16633,21498
2/20/2015 12:00:00 AM,4/17/2015 12:00:00 AM,37591,16507,21084
2/20/2015 12:00:00 AM,4/18/2015 12:00:00 AM,40861,18213,22648
2/20/2015 12:00:00 AM,4/19/2015 12:00:00 AM,40804,18195,22609
2/20/2015 12:00:00 AM,4/20/2015 12:00:00 AM,41451,18508,22943
2/20/2015 12:00:00 AM,4/21/2015 12:00:00 AM,37179,14614,22565
2/20/2015 12:00:00 AM,4/22/2015 12:00:00 AM,36926,14614,22312
2/20/2015 12:00:00 AM,4/23/2015 12:00:00 AM,36752,14464,22288
2/20/2015 12:00:00 AM,4/24/2015 12:00:00 AM,37799,14878,22921
2/20/2015 12:00:00 AM,4/25/2015 12:00:00 AM,38280,15638,22642
2/20/2015 12:00:00 AM,4/26/2015 12:00:00 AM,37043,15298,21745
2/20/2015 12:00:00 AM,4/27/2015 12:00:00 AM,36920,15175,21745
2/20/2015 12:00:00 AM,4/28/2015 12:00:00 AM,34983,13927,21056
2/20/2015 12:00:00 AM,4/29/2015 12:00:00 AM,32829,13837,18992
2/20/2015 12:00:00 AM,4/30/2015 12:00:00 AM,33297,13508,19789
2/20/2015 12:00:00 AM,5/1/2015 12:00:00 AM,33070,13938,19132
2/20/2015 12:00:00 AM,5/2/2015 12:00:00 AM,34875,15964,18911
2/20/2015 12:00:00 AM,5/3/2015 12:00:00 AM,34504,15152,19352
2/20/2015 12:00:00 AM,5/4/2015 12:00:00 AM,34414,15951,18463
2/20/2015 12:00:00 AM,5/5/2015 12:00:00 AM,30074,14290,15784
2/20/2015 12:00:00 AM,5/6/2015 12:00:00 AM,30788,14290,16498
2/20/2015 12:00:00 AM,5/7/2015 12:00:00 AM,28354,13948,14406
2/20/2015 12:00:00 AM,5/8/2015 12:00:00 AM,28934,14132,14802
2/20/2015 12:00:00 AM,5/9/2015 12:00:00 AM,29938,15170,14768
2/20/2015 12:00:00 AM,5/10/2015 12:00:00 AM,28687,14702,13985
2/20/2015 12:00:00 AM,5/11/2015 12:00:00 AM,29615,13954,15661
2/20/2015 12:00:00 AM,5/12/2015 12:00:00 AM,28488,12634,15854
2/20/2015 12:00:00 AM,5/13/2015 12:00:00 AM,27756,12634,15122
2/20/2015 12:00:00 AM,5/14/2015 12:00:00 AM,28145,12354,15791
2/20/2015 12:00:00 AM,5/15/2015 12:00:00 AM,26600,12764,13836
2/20/2015 12:00:00 AM,5/16/2015 12:00:00 AM,29189,13955,15234
2/20/2015 12:00:00 AM,5/17/2015 12:00:00 AM,26137,12496,13641
2/20/2015 12:00:00 AM,5/18/2015 12:00:00 AM,24663,12830,11833
2/20/2015 12:00:00 AM,5/19/2015 12:00:00 AM,22045,10228,11817
2/20/2015 12:00:00 AM,5/20/2015 12:00:00 AM,21584,10136,11448
2/20/2015 12:00:00 AM,5/21/2015 12:00:00 AM,20400,9786,10614
2/20/2015 12:00:00 AM,5/22/2015 12:00:00 AM,19228,9662,9566
2/19/2015 12:00:00 AM,2/20/2015 12:00:00 AM,6853,3247,3606
2/19/2015 12:00:00 AM,2/21/2015 12:00:00 AM,7126,3477,3649
2/19/2015 12:00:00 AM,2/22/2015 12:00:00 AM,7201,3477,3724
2/19/2015 12:00:00 AM,2/23/2015 12:00:00 AM,7026,3477,3549
2/19/2015 12:00:00 AM,2/24/2015 12:00:00 AM,7026,3477,3549
2/19/2015 12:00:00 AM,2/25/2015 12:00:00 AM,7014,3477,3537
2/19/2015 12:00:00 AM,2/26/2015 12:00:00 AM,7014,3477,3537
2/19/2015 12:00:00 AM,2/27/2015 12:00:00 AM,7128,3477,3651
2/19/2015 12:00:00 AM,2/28/2015 12:00:00 AM,10603,4675,5928
2/19/2015 12:00:00 AM,3/1/2015 12:00:00 AM,12831,4655,8176
2/19/2015 12:00:00 AM,3/2/2015 12:00:00 AM,13828,4849,8979
2/19/2015 12:00:00 AM,3/3/2015 12:00:00 AM,13873,4849,9024
2/19/2015 12:00:00 AM,3/4/2015 12:00:00 AM,13857,4849,9008
2/19/2015 12:00:00 AM,3/5/2015 12:00:00 AM,14497,5352,9145
2/19/2015 12:00:00 AM,3/6/2015 12:00:00 AM,15657,5352,10305
2/19/2015 12:00:00 AM,3/7/2015 12:00:00 AM,18740,6386,12354
2/19/2015 12:00:00 AM,3/8/2015 12:00:00 AM,19673,6386,13287
2/19/2015 12:00:00 AM,3/9/2015 12:00:00 AM,21783,7926,13857
2/19/2015 12:00:00 AM,3/10/2015 12:00:00 AM,21763,7926,13837
2/19/2015 12:00:00 AM,3/11/2015 12:00:00 AM,21783,7776,14007
2/19/2015 12:00:00 AM,3/12/2015 12:00:00 AM,22650,8503,14147
2/19/2015 12:00:00 AM,3/13/2015 12:00:00 AM,23048,8653,14395
2/19/2015 12:00:00 AM,3/14/2015 12:00:00 AM,26662,10295,16367
2/19/2015 12:00:00 AM,3/15/2015 12:00:00 AM,25406,10222,15184
2/19/2015 12:00:00 AM,3/16/2015 12:00:00 AM,26469,10466,16003
2/19/2015 12:00:00 AM,3/17/2015 12:00:00 AM,25410,10592,14818
2/19/2015 12:00:00 AM,3/18/2015 12:00:00 AM,27275,10592,16683
2/19/2015 12:00:00 AM,3/19/2015 12:00:00 AM,26594,10442,16152
2/19/2015 12:00:00 AM,3/20/2015 12:00:00 AM,26443,10342,16101
2/19/2015 12:00:00 AM,3/21/2015 12:00:00 AM,27969,10660,17309
2/19/2015 12:00:00 AM,3/22/2015 12:00:00 AM,27703,11389,16314
2/19/2015 12:00:00 AM,3/23/2015 12:00:00 AM,29891,11470,18421
2/19/2015 12:00:00 AM,3/24/2015 12:00:00 AM,28175,11470,16705
2/19/2015 12:00:00 AM,3/25/2015 12:00:00 AM,29228,12523,16705
2/19/2015 12:00:00 AM,3/26/2015 12:00:00 AM,28449,12373,16076
2/19/2015 12:00:00 AM,3/27/2015 12:00:00 AM,29320,11801,17519
2/19/2015 12:00:00 AM,3/28/2015 12:00:00 AM,32623,12720,19903
2/19/2015 12:00:00 AM,3/29/2015 12:00:00 AM,32562,12708,19854
2/19/2015 12:00:00 AM,3/30/2015 12:00:00 AM,32339,13653,18686
2/19/2015 12:00:00 AM,3/31/2015 12:00:00 AM,30790,12510,18280
2/19/2015 12:00:00 AM,4/1/2015 12:00:00 AM,30623,13187,17436
2/19/2015 12:00:00 AM,4/2/2015 12:00:00 AM,29336,12144,17192
2/19/2015 12:00:00 AM,4/3/2015 12:00:00 AM,29424,11993,17431
2/19/2015 12:00:00 AM,4/4/2015 12:00:00 AM,30765,12079,18686
2/19/2015 12:00:00 AM,4/5/2015 12:00:00 AM,30676,11988,18688
2/19/2015 12:00:00 AM,4/6/2015 12:00:00 AM,31747,12573,19174
2/19/2015 12:00:00 AM,4/7/2015 12:00:00 AM,32910,12823,20087
2/19/2015 12:00:00 AM,4/8/2015 12:00:00 AM,30932,12822,18110
2/19/2015 12:00:00 AM,4/9/2015 12:00:00 AM,32072,13372,18700
2/19/2015 12:00:00 AM,4/10/2015 12:00:00 AM,32274,14188,18086
2/19/2015 12:00:00 AM,4/11/2015 12:00:00 AM,38371,16326,22045
2/19/2015 12:00:00 AM,4/12/2015 12:00:00 AM,38245,16605,21640
2/19/2015 12:00:00 AM,4/13/2015 12:00:00 AM,40914,17906,23008
2/19/2015 12:00:00 AM,4/14/2015 12:00:00 AM,37903,16459,21444
2/19/2015 12:00:00 AM,4/15/2015 12:00:00 AM,38060,16684,21376
2/19/2015 12:00:00 AM,4/16/2015 12:00:00 AM,38131,16633,21498
2/19/2015 12:00:00 AM,4/17/2015 12:00:00 AM,37591,16507,21084
2/19/2015 12:00:00 AM,4/18/2015 12:00:00 AM,40861,18213,22648
2/19/2015 12:00:00 AM,4/19/2015 12:00:00 AM,40804,18195,22609
2/19/2015 12:00:00 AM,4/20/2015 12:00:00 AM,41451,18508,22943
2/19/2015 12:00:00 AM,4/21/2015 12:00:00 AM,37179,14614,22565
2/19/2015 12:00:00 AM,4/22/2015 12:00:00 AM,36926,14614,22312
2/19/2015 12:00:00 AM,4/23/2015 12:00:00 AM,36752,14464,22288
2/19/2015 12:00:00 AM,4/24/2015 12:00:00 AM,37799,14878,22921
2/19/2015 12:00:00 AM,4/25/2015 12:00:00 AM,38280,15638,22642
2/19/2015 12:00:00 AM,4/26/2015 12:00:00 AM,37043,15298,21745
2/19/2015 12:00:00 AM,4/27/2015 12:00:00 AM,36920,15175,21745
2/19/2015 12:00:00 AM,4/28/2015 12:00:00 AM,34983,13927,21056
2/19/2015 12:00:00 AM,4/29/2015 12:00:00 AM,32829,13837,18992
2/19/2015 12:00:00 AM,4/30/2015 12:00:00 AM,33297,13508,19789
2/19/2015 12:00:00 AM,5/1/2015 12:00:00 AM,33070,13938,19132
2/19/2015 12:00:00 AM,5/2/2015 12:00:00 AM,34875,15964,18911
2/19/2015 12:00:00 AM,5/3/2015 12:00:00 AM,34504,15152,19352
2/19/2015 12:00:00 AM,5/4/2015 12:00:00 AM,34414,15951,18463
2/19/2015 12:00:00 AM,5/5/2015 12:00:00 AM,30074,14290,15784
2/19/2015 12:00:00 AM,5/6/2015 12:00:00 AM,30788,14290,16498
2/19/2015 12:00:00 AM,5/7/2015 12:00:00 AM,28354,13948,14406
2/19/2015 12:00:00 AM,5/8/2015 12:00:00 AM,28934,14132,14802
2/19/2015 12:00:00 AM,5/9/2015 12:00:00 AM,29893,15170,14723
2/19/2015 12:00:00 AM,5/10/2015 12:00:00 AM,28642,14702,13940
2/19/2015 12:00:00 AM,5/11/2015 12:00:00 AM,29570,13954,15616
2/19/2015 12:00:00 AM,5/12/2015 12:00:00 AM,28443,12634,15809
2/19/2015 12:00:00 AM,5/13/2015 12:00:00 AM,27711,12634,15077
2/19/2015 12:00:00 AM,5/14/2015 12:00:00 AM,28100,12354,15746
2/19/2015 12:00:00 AM,5/15/2015 12:00:00 AM,26555,12764,13791
2/19/2015 12:00:00 AM,5/16/2015 12:00:00 AM,29144,13955,15189
2/19/2015 12:00:00 AM,5/17/2015 12:00:00 AM,26092,12496,13596
2/19/2015 12:00:00 AM,5/18/2015 12:00:00 AM,24618,12830,11788
2/19/2015 12:00:00 AM,5/19/2015 12:00:00 AM,22045,10228,11817
2/19/2015 12:00:00 AM,5/20/2015 12:00:00 AM,21584,10136,11448
2/19/2015 12:00:00 AM,5/21/2015 12:00:00 AM,20400,9786,10614
2/18/2015 12:00:00 AM,2/19/2015 12:00:00 AM,7131,3247,3884
2/18/2015 12:00:00 AM,2/20/2015 12:00:00 AM,7110,3247,3863
2/18/2015 12:00:00 AM,2/21/2015 12:00:00 AM,7928,3477,4451
2/18/2015 12:00:00 AM,2/22/2015 12:00:00 AM,8019,3477,4542
2/18/2015 12:00:00 AM,2/23/2015 12:00:00 AM,7587,3477,4110
2/18/2015 12:00:00 AM,2/24/2015 12:00:00 AM,7587,3477,4110
2/18/2015 12:00:00 AM,2/25/2015 12:00:00 AM,7575,3477,4098
2/18/2015 12:00:00 AM,2/26/2015 12:00:00 AM,7575,3477,4098
2/18/2015 12:00:00 AM,2/27/2015 12:00:00 AM,7689,3477,4212
2/18/2015 12:00:00 AM,2/28/2015 12:00:00 AM,11164,4675,6489
2/18/2015 12:00:00 AM,3/1/2015 12:00:00 AM,13376,4655,8721
2/18/2015 12:00:00 AM,3/2/2015 12:00:00 AM,14373,4849,9524
2/18/2015 12:00:00 AM,3/3/2015 12:00:00 AM,14418,4849,9569
2/18/2015 12:00:00 AM,3/4/2015 12:00:00 AM,14402,4849,9553
2/18/2015 12:00:00 AM,3/5/2015 12:00:00 AM,15042,5352,9690
2/18/2015 12:00:00 AM,3/6/2015 12:00:00 AM,16202,5352,10850
2/18/2015 12:00:00 AM,3/7/2015 12:00:00 AM,19285,6386,12899
2/18/2015 12:00:00 AM,3/8/2015 12:00:00 AM,20218,6386,13832
2/18/2015 12:00:00 AM,3/9/2015 12:00:00 AM,21965,7926,14039
2/18/2015 12:00:00 AM,3/10/2015 12:00:00 AM,21945,7926,14019
2/18/2015 12:00:00 AM,3/11/2015 12:00:00 AM,21965,7776,14189
2/18/2015 12:00:00 AM,3/12/2015 12:00:00 AM,22832,8503,14329
2/18/2015 12:00:00 AM,3/13/2015 12:00:00 AM,23230,8653,14577
2/18/2015 12:00:00 AM,3/14/2015 12:00:00 AM,26299,10295,16004
2/18/2015 12:00:00 AM,3/15/2015 12:00:00 AM,25043,10222,14821
2/18/2015 12:00:00 AM,3/16/2015 12:00:00 AM,25924,10466,15458
2/18/2015 12:00:00 AM,3/17/2015 12:00:00 AM,24865,10592,14273
2/18/2015 12:00:00 AM,3/18/2015 12:00:00 AM,26730,10592,16138
2/18/2015 12:00:00 AM,3/19/2015 12:00:00 AM,26049,10442,15607
2/18/2015 12:00:00 AM,3/20/2015 12:00:00 AM,25898,10342,15556
2/18/2015 12:00:00 AM,3/21/2015 12:00:00 AM,27424,10660,16764
2/18/2015 12:00:00 AM,3/22/2015 12:00:00 AM,27138,11389,15749
2/18/2015 12:00:00 AM,3/23/2015 12:00:00 AM,29326,11470,17856
2/18/2015 12:00:00 AM,3/24/2015 12:00:00 AM,27610,11470,16140
2/18/2015 12:00:00 AM,3/25/2015 12:00:00 AM,28663,12523,16140
2/18/2015 12:00:00 AM,3/26/2015 12:00:00 AM,27884,12373,15511
2/18/2015 12:00:00 AM,3/27/2015 12:00:00 AM,28755,11801,16954
2/18/2015 12:00:00 AM,3/28/2015 12:00:00 AM,32058,12720,19338
2/18/2015 12:00:00 AM,3/29/2015 12:00:00 AM,31997,12708,19289
2/18/2015 12:00:00 AM,3/30/2015 12:00:00 AM,32137,13653,18484
2/18/2015 12:00:00 AM,3/31/2015 12:00:00 AM,30588,12510,18078
2/18/2015 12:00:00 AM,4/1/2015 12:00:00 AM,30421,13187,17234
2/18/2015 12:00:00 AM,4/2/2015 12:00:00 AM,29134,12144,16990
2/18/2015 12:00:00 AM,4/3/2015 12:00:00 AM,29222,11993,17229
2/18/2015 12:00:00 AM,4/4/2015 12:00:00 AM,30583,12079,18504
2/18/2015 12:00:00 AM,4/5/2015 12:00:00 AM,30514,11988,18526
2/18/2015 12:00:00 AM,4/6/2015 12:00:00 AM,31767,12573,19194
2/18/2015 12:00:00 AM,4/7/2015 12:00:00 AM,32930,12823,20107
2/18/2015 12:00:00 AM,4/8/2015 12:00:00 AM,30952,12822,18130
2/18/2015 12:00:00 AM,4/9/2015 12:00:00 AM,32092,13372,18720
2/18/2015 12:00:00 AM,4/10/2015 12:00:00 AM,32294,14188,18106
2/18/2015 12:00:00 AM,4/11/2015 12:00:00 AM,38391,16326,22065
2/18/2015 12:00:00 AM,4/12/2015 12:00:00 AM,38265,16605,21660
2/18/2015 12:00:00 AM,4/13/2015 12:00:00 AM,40934,17906,23028
2/18/2015 12:00:00 AM,4/14/2015 12:00:00 AM,37923,16459,21464
2/18/2015 12:00:00 AM,4/15/2015 12:00:00 AM,38080,16684,21396
2/18/2015 12:00:00 AM,4/16/2015 12:00:00 AM,38151,16633,21518
2/18/2015 12:00:00 AM,4/17/2015 12:00:00 AM,37611,16507,21104
2/18/2015 12:00:00 AM,4/18/2015 12:00:00 AM,40861,18213,22648
2/18/2015 12:00:00 AM,4/19/2015 12:00:00 AM,40804,18195,22609
2/18/2015 12:00:00 AM,4/20/2015 12:00:00 AM,41451,18508,22943
2/18/2015 12:00:00 AM,4/21/2015 12:00:00 AM,37179,14614,22565
2/18/2015 12:00:00 AM,4/22/2015 12:00:00 AM,36926,14614,22312
2/18/2015 12:00:00 AM,4/23/2015 12:00:00 AM,36752,14464,22288
2/18/2015 12:00:00 AM,4/24/2015 12:00:00 AM,37799,14878,22921
2/18/2015 12:00:00 AM,4/25/2015 12:00:00 AM,38280,15638,22642
2/18/2015 12:00:00 AM,4/26/2015 12:00:00 AM,37043,15298,21745
2/18/2015 12:00:00 AM,4/27/2015 12:00:00 AM,36920,15175,21745
2/18/2015 12:00:00 AM,4/28/2015 12:00:00 AM,34983,13927,21056
2/18/2015 12:00:00 AM,4/29/2015 12:00:00 AM,32829,13837,18992
2/18/2015 12:00:00 AM,4/30/2015 12:00:00 AM,33297,13508,19789
2/18/2015 12:00:00 AM,5/1/2015 12:00:00 AM,33070,13938,19132
2/18/2015 12:00:00 AM,5/2/2015 12:00:00 AM,34875,15964,18911
2/18/2015 12:00:00 AM,5/3/2015 12:00:00 AM,34504,15152,19352
2/18/2015 12:00:00 AM,5/4/2015 12:00:00 AM,34414,15951,18463
2/18/2015 12:00:00 AM,5/5/2015 12:00:00 AM,30074,14290,15784
2/18/2015 12:00:00 AM,5/6/2015 12:00:00 AM,30788,14290,16498
2/18/2015 12:00:00 AM,5/7/2015 12:00:00 AM,28354,13948,14406
2/18/2015 12:00:00 AM,5/8/2015 12:00:00 AM,28934,14132,14802
2/18/2015 12:00:00 AM,5/9/2015 12:00:00 AM,29893,15170,14723
2/18/2015 12:00:00 AM,5/10/2015 12:00:00 AM,28642,14702,13940
2/18/2015 12:00:00 AM,5/11/2015 12:00:00 AM,29570,13954,15616
2/18/2015 12:00:00 AM,5/12/2015 12:00:00 AM,28443,12634,15809
2/18/2015 12:00:00 AM,5/13/2015 12:00:00 AM,27711,12634,15077
2/18/2015 12:00:00 AM,5/14/2015 12:00:00 AM,28100,12354,15746
2/18/2015 12:00:00 AM,5/15/2015 12:00:00 AM,26555,12764,13791
2/18/2015 12:00:00 AM,5/16/2015 12:00:00 AM,29144,13955,15189
2/18/2015 12:00:00 AM,5/17/2015 12:00:00 AM,26092,12496,13596
2/18/2015 12:00:00 AM,5/18/2015 12:00:00 AM,24618,12830,11788
2/18/2015 12:00:00 AM,5/19/2015 12:00:00 AM,22045,10228,11817
2/18/2015 12:00:00 AM,5/20/2015 12:00:00 AM,21584,10136,11448
2/17/2015 12:00:00 AM,2/18/2015 12:00:00 AM,7110,3247,3863
2/17/2015 12:00:00 AM,2/19/2015 12:00:00 AM,7131,3247,3884
2/17/2015 12:00:00 AM,2/20/2015 12:00:00 AM,7177,3247,3930
2/17/2015 12:00:00 AM,2/21/2015 12:00:00 AM,7952,3477,4475
2/17/2015 12:00:00 AM,2/22/2015 12:00:00 AM,8064,3477,4587
2/17/2015 12:00:00 AM,2/23/2015 12:00:00 AM,7632,3477,4155
2/17/2015 12:00:00 AM,2/24/2015 12:00:00 AM,7632,3477,4155
2/17/2015 12:00:00 AM,2/25/2015 12:00:00 AM,7620,3477,4143
2/17/2015 12:00:00 AM,2/26/2015 12:00:00 AM,7620,3477,4143
2/17/2015 12:00:00 AM,2/27/2015 12:00:00 AM,7689,3477,4212
2/17/2015 12:00:00 AM,2/28/2015 12:00:00 AM,11164,4675,6489
2/17/2015 12:00:00 AM,3/1/2015 12:00:00 AM,13376,4655,8721
2/17/2015 12:00:00 AM,3/2/2015 12:00:00 AM,14373,4849,9524
2/17/2015 12:00:00 AM,3/3/2015 12:00:00 AM,14396,4849,9547
2/17/2015 12:00:00 AM,3/4/2015 12:00:00 AM,14402,4849,9553
2/17/2015 12:00:00 AM,3/5/2015 12:00:00 AM,15042,5352,9690
2/17/2015 12:00:00 AM,3/6/2015 12:00:00 AM,16202,5352,10850
2/17/2015 12:00:00 AM,3/7/2015 12:00:00 AM,19285,6386,12899
2/17/2015 12:00:00 AM,3/8/2015 12:00:00 AM,20218,6386,13832
2/17/2015 12:00:00 AM,3/9/2015 12:00:00 AM,21965,7926,14039
2/17/2015 12:00:00 AM,3/10/2015 12:00:00 AM,21945,7926,14019
2/17/2015 12:00:00 AM,3/11/2015 12:00:00 AM,21965,7776,14189
2/17/2015 12:00:00 AM,3/12/2015 12:00:00 AM,22832,8503,14329
2/17/2015 12:00:00 AM,3/13/2015 12:00:00 AM,23230,8653,14577
2/17/2015 12:00:00 AM,3/14/2015 12:00:00 AM,26299,10295,16004
2/17/2015 12:00:00 AM,3/15/2015 12:00:00 AM,25043,10222,14821
2/17/2015 12:00:00 AM,3/16/2015 12:00:00 AM,25924,10466,15458
2/17/2015 12:00:00 AM,3/17/2015 12:00:00 AM,24820,10592,14228
2/17/2015 12:00:00 AM,3/18/2015 12:00:00 AM,26685,10592,16093
2/17/2015 12:00:00 AM,3/19/2015 12:00:00 AM,26004,10442,15562
2/17/2015 12:00:00 AM,3/20/2015 12:00:00 AM,25853,10342,15511
2/17/2015 12:00:00 AM,3/21/2015 12:00:00 AM,27379,10660,16719
2/17/2015 12:00:00 AM,3/22/2015 12:00:00 AM,27093,11389,15704
2/17/2015 12:00:00 AM,3/23/2015 12:00:00 AM,29281,11470,17811
2/17/2015 12:00:00 AM,3/24/2015 12:00:00 AM,27610,11470,16140
2/17/2015 12:00:00 AM,3/25/2015 12:00:00 AM,28663,12523,16140
2/17/2015 12:00:00 AM,3/26/2015 12:00:00 AM,27884,12373,15511
2/17/2015 12:00:00 AM,3/27/2015 12:00:00 AM,28755,11801,16954
2/17/2015 12:00:00 AM,3/28/2015 12:00:00 AM,32058,12720,19338
2/17/2015 12:00:00 AM,3/29/2015 12:00:00 AM,31997,12708,19289
2/17/2015 12:00:00 AM,3/30/2015 12:00:00 AM,32137,13653,18484
2/17/2015 12:00:00 AM,3/31/2015 12:00:00 AM,30588,12510,18078
2/17/2015 12:00:00 AM,4/1/2015 12:00:00 AM,30421,13187,17234
2/17/2015 12:00:00 AM,4/2/2015 12:00:00 AM,29134,12144,16990
2/17/2015 12:00:00 AM,4/3/2015 12:00:00 AM,29222,11993,17229
2/17/2015 12:00:00 AM,4/4/2015 12:00:00 AM,30583,12079,18504
2/17/2015 12:00:00 AM,4/5/2015 12:00:00 AM,30514,11988,18526
2/17/2015 12:00:00 AM,4/6/2015 12:00:00 AM,31767,12573,19194
2/17/2015 12:00:00 AM,4/7/2015 12:00:00 AM,32930,12823,20107
2/17/2015 12:00:00 AM,4/8/2015 12:00:00 AM,30952,12822,18130
2/17/2015 12:00:00 AM,4/9/2015 12:00:00 AM,32092,13372,18720
2/17/2015 12:00:00 AM,4/10/2015 12:00:00 AM,32294,14188,18106
2/17/2015 12:00:00 AM,4/11/2015 12:00:00 AM,38391,16326,22065
2/17/2015 12:00:00 AM,4/12/2015 12:00:00 AM,38265,16605,21660
2/17/2015 12:00:00 AM,4/13/2015 12:00:00 AM,40934,17906,23028
2/17/2015 12:00:00 AM,4/14/2015 12:00:00 AM,37923,16459,21464
2/17/2015 12:00:00 AM,4/15/2015 12:00:00 AM,38080,16684,21396
2/17/2015 12:00:00 AM,4/16/2015 12:00:00 AM,38151,16633,21518
2/17/2015 12:00:00 AM,4/17/2015 12:00:00 AM,37611,16507,21104
2/17/2015 12:00:00 AM,4/18/2015 12:00:00 AM,40861,18213,22648
2/17/2015 12:00:00 AM,4/19/2015 12:00:00 AM,40804,18195,22609
2/17/2015 12:00:00 AM,4/20/2015 12:00:00 AM,41451,18508,22943
2/17/2015 12:00:00 AM,4/21/2015 12:00:00 AM,37179,14614,22565
2/17/2015 12:00:00 AM,4/22/2015 12:00:00 AM,36926,14614,22312
2/17/2015 12:00:00 AM,4/23/2015 12:00:00 AM,36752,14464,22288
2/17/2015 12:00:00 AM,4/24/2015 12:00:00 AM,37799,14878,22921
2/17/2015 12:00:00 AM,4/25/2015 12:00:00 AM,38280,15638,22642
2/17/2015 12:00:00 AM,4/26/2015 12:00:00 AM,37043,15298,21745
2/17/2015 12:00:00 AM,4/27/2015 12:00:00 AM,36920,15175,21745
2/17/2015 12:00:00 AM,4/28/2015 12:00:00 AM,34983,13927,21056
2/17/2015 12:00:00 AM,4/29/2015 12:00:00 AM,32829,13837,18992
2/17/2015 12:00:00 AM,4/30/2015 12:00:00 AM,33297,13508,19789
2/17/2015 12:00:00 AM,5/1/2015 12:00:00 AM,33070,13938,19132
2/17/2015 12:00:00 AM,5/2/2015 12:00:00 AM,34875,15964,18911
2/17/2015 12:00:00 AM,5/3/2015 12:00:00 AM,34504,15152,19352
2/17/2015 12:00:00 AM,5/4/2015 12:00:00 AM,34414,15951,18463
2/17/2015 12:00:00 AM,5/5/2015 12:00:00 AM,30074,14290,15784
2/17/2015 12:00:00 AM,5/6/2015 12:00:00 AM,30788,14290,16498
2/17/2015 12:00:00 AM,5/7/2015 12:00:00 AM,28354,13948,14406
2/17/2015 12:00:00 AM,5/8/2015 12:00:00 AM,28934,14132,14802
2/17/2015 12:00:00 AM,5/9/2015 12:00:00 AM,29893,15170,14723
2/17/2015 12:00:00 AM,5/10/2015 12:00:00 AM,28642,14702,13940
2/17/2015 12:00:00 AM,5/11/2015 12:00:00 AM,29570,13954,15616
2/17/2015 12:00:00 AM,5/12/2015 12:00:00 AM,28443,12634,15809
2/17/2015 12:00:00 AM,5/13/2015 12:00:00 AM,27711,12634,15077
2/17/2015 12:00:00 AM,5/14/2015 12:00:00 AM,28100,12354,15746
2/17/2015 12:00:00 AM,5/15/2015 12:00:00 AM,26555,12764,13791
2/17/2015 12:00:00 AM,5/16/2015 12:00:00 AM,29144,13955,15189
2/17/2015 12:00:00 AM,5/17/2015 12:00:00 AM,26092,12496,13596
2/17/2015 12:00:00 AM,5/18/2015 12:00:00 AM,24618,12830,11788
2/17/2015 12:00:00 AM,5/19/2015 12:00:00 AM,22045,10228,11817
2/16/2015 12:00:00 AM,2/17/2015 12:00:00 AM,7151,3247,3904
2/16/2015 12:00:00 AM,2/18/2015 12:00:00 AM,7151,3247,3904
2/16/2015 12:00:00 AM,2/19/2015 12:00:00 AM,7130,3247,3883
2/16/2015 12:00:00 AM,2/20/2015 12:00:00 AM,7197,3247,3950
2/16/2015 12:00:00 AM,2/21/2015 12:00:00 AM,7972,3477,4495
2/16/2015 12:00:00 AM,2/22/2015 12:00:00 AM,8084,3477,4607
2/16/2015 12:00:00 AM,2/23/2015 12:00:00 AM,7632,3477,4155
2/16/2015 12:00:00 AM,2/24/2015 12:00:00 AM,7632,3477,4155
2/16/2015 12:00:00 AM,2/25/2015 12:00:00 AM,7620,3477,4143
2/16/2015 12:00:00 AM,2/26/2015 12:00:00 AM,7620,3477,4143
2/16/2015 12:00:00 AM,2/27/2015 12:00:00 AM,7689,3477,4212
2/16/2015 12:00:00 AM,2/28/2015 12:00:00 AM,11164,4675,6489
2/16/2015 12:00:00 AM,3/1/2015 12:00:00 AM,13376,4655,8721
2/16/2015 12:00:00 AM,3/2/2015 12:00:00 AM,14353,4849,9504
2/16/2015 12:00:00 AM,3/3/2015 12:00:00 AM,14376,4849,9527
2/16/2015 12:00:00 AM,3/4/2015 12:00:00 AM,14382,4849,9533
2/16/2015 12:00:00 AM,3/5/2015 12:00:00 AM,15022,5352,9670
2/16/2015 12:00:00 AM,3/6/2015 12:00:00 AM,16182,5352,10830
2/16/2015 12:00:00 AM,3/7/2015 12:00:00 AM,19265,6386,12879
2/16/2015 12:00:00 AM,3/8/2015 12:00:00 AM,20198,6386,13812
2/16/2015 12:00:00 AM,3/9/2015 12:00:00 AM,21945,7926,14019
2/16/2015 12:00:00 AM,3/10/2015 12:00:00 AM,21945,7926,14019
2/16/2015 12:00:00 AM,3/11/2015 12:00:00 AM,21965,7776,14189
2/16/2015 12:00:00 AM,3/12/2015 12:00:00 AM,22832,8503,14329
2/16/2015 12:00:00 AM,3/13/2015 12:00:00 AM,23230,8653,14577
2/16/2015 12:00:00 AM,3/14/2015 12:00:00 AM,26299,10295,16004
2/16/2015 12:00:00 AM,3/15/2015 12:00:00 AM,25043,10222,14821
2/16/2015 12:00:00 AM,3/16/2015 12:00:00 AM,25924,10466,15458
2/16/2015 12:00:00 AM,3/17/2015 12:00:00 AM,24820,10592,14228
2/16/2015 12:00:00 AM,3/18/2015 12:00:00 AM,26685,10592,16093
2/16/2015 12:00:00 AM,3/19/2015 12:00:00 AM,26004,10442,15562
2/16/2015 12:00:00 AM,3/20/2015 12:00:00 AM,25853,10342,15511
2/16/2015 12:00:00 AM,3/21/2015 12:00:00 AM,27379,10660,16719
2/16/2015 12:00:00 AM,3/22/2015 12:00:00 AM,27093,11389,15704
2/16/2015 12:00:00 AM,3/23/2015 12:00:00 AM,29281,11470,17811
2/16/2015 12:00:00 AM,3/24/2015 12:00:00 AM,27610,11470,16140
2/16/2015 12:00:00 AM,3/25/2015 12:00:00 AM,28663,12523,16140
2/16/2015 12:00:00 AM,3/26/2015 12:00:00 AM,27884,12373,15511
2/16/2015 12:00:00 AM,3/27/2015 12:00:00 AM,28755,11801,16954
2/16/2015 12:00:00 AM,3/28/2015 12:00:00 AM,32058,12720,19338
2/16/2015 12:00:00 AM,3/29/2015 12:00:00 AM,31997,12708,19289
2/16/2015 12:00:00 AM,3/30/2015 12:00:00 AM,32137,13653,18484
2/16/2015 12:00:00 AM,3/31/2015 12:00:00 AM,30588,12510,18078
2/16/2015 12:00:00 AM,4/1/2015 12:00:00 AM,30421,13187,17234
2/16/2015 12:00:00 AM,4/2/2015 12:00:00 AM,29134,12144,16990
2/16/2015 12:00:00 AM,4/3/2015 12:00:00 AM,29222,11993,17229
2/16/2015 12:00:00 AM,4/4/2015 12:00:00 AM,30583,12079,18504
2/16/2015 12:00:00 AM,4/5/2015 12:00:00 AM,30514,11988,18526
2/16/2015 12:00:00 AM,4/6/2015 12:00:00 AM,31767,12573,19194
2/16/2015 12:00:00 AM,4/7/2015 12:00:00 AM,32930,12823,20107
2/16/2015 12:00:00 AM,4/8/2015 12:00:00 AM,30952,12822,18130
2/16/2015 12:00:00 AM,4/9/2015 12:00:00 AM,32092,13372,18720
2/16/2015 12:00:00 AM,4/10/2015 12:00:00 AM,32294,14188,18106
2/16/2015 12:00:00 AM,4/11/2015 12:00:00 AM,38391,16326,22065
2/16/2015 12:00:00 AM,4/12/2015 12:00:00 AM,38265,16605,21660
2/16/2015 12:00:00 AM,4/13/2015 12:00:00 AM,40934,17906,23028
2/16/2015 12:00:00 AM,4/14/2015 12:00:00 AM,37923,16459,21464
2/16/2015 12:00:00 AM,4/15/2015 12:00:00 AM,38080,16684,21396
2/16/2015 12:00:00 AM,4/16/2015 12:00:00 AM,38151,16633,21518
2/16/2015 12:00:00 AM,4/17/2015 12:00:00 AM,37611,16507,21104
2/16/2015 12:00:00 AM,4/18/2015 12:00:00 AM,40861,18213,22648
2/16/2015 12:00:00 AM,4/19/2015 12:00:00 AM,40804,18195,22609
2/16/2015 12:00:00 AM,4/20/2015 12:00:00 AM,41451,18508,22943
2/16/2015 12:00:00 AM,4/21/2015 12:00:00 AM,37179,14614,22565
2/16/2015 12:00:00 AM,4/22/2015 12:00:00 AM,36926,14614,22312
2/16/2015 12:00:00 AM,4/23/2015 12:00:00 AM,36752,14464,22288
2/16/2015 12:00:00 AM,4/24/2015 12:00:00 AM,37799,14878,22921
2/16/2015 12:00:00 AM,4/25/2015 12:00:00 AM,38280,15638,22642
2/16/2015 12:00:00 AM,4/26/2015 12:00:00 AM,37043,15298,21745
2/16/2015 12:00:00 AM,4/27/2015 12:00:00 AM,36920,15175,21745
2/16/2015 12:00:00 AM,4/28/2015 12:00:00 AM,34983,13927,21056
2/16/2015 12:00:00 AM,4/29/2015 12:00:00 AM,32829,13837,18992
2/16/2015 12:00:00 AM,4/30/2015 12:00:00 AM,33297,13508,19789
2/16/2015 12:00:00 AM,5/1/2015 12:00:00 AM,33070,13938,19132
2/16/2015 12:00:00 AM,5/2/2015 12:00:00 AM,34875,15964,18911
2/16/2015 12:00:00 AM,5/3/2015 12:00:00 AM,34504,15152,19352
2/16/2015 12:00:00 AM,5/4/2015 12:00:00 AM,34414,15951,18463
2/16/2015 12:00:00 AM,5/5/2015 12:00:00 AM,30074,14290,15784
2/16/2015 12:00:00 AM,5/6/2015 12:00:00 AM,30788,14290,16498
2/16/2015 12:00:00 AM,5/7/2015 12:00:00 AM,28354,13948,14406
2/16/2015 12:00:00 AM,5/8/2015 12:00:00 AM,28934,14132,14802
2/16/2015 12:00:00 AM,5/9/2015 12:00:00 AM,29893,15170,14723
2/16/2015 12:00:00 AM,5/10/2015 12:00:00 AM,28642,14702,13940
2/16/2015 12:00:00 AM,5/11/2015 12:00:00 AM,29570,13954,15616
2/16/2015 12:00:00 AM,5/12/2015 12:00:00 AM,28443,12634,15809
2/16/2015 12:00:00 AM,5/13/2015 12:00:00 AM,27711,12634,15077
2/16/2015 12:00:00 AM,5/14/2015 12:00:00 AM,28100,12354,15746
2/16/2015 12:00:00 AM,5/15/2015 12:00:00 AM,26555,12764,13791
2/16/2015 12:00:00 AM,5/16/2015 12:00:00 AM,29144,13955,15189
2/16/2015 12:00:00 AM,5/17/2015 12:00:00 AM,26092,12496,13596
2/16/2015 12:00:00 AM,5/18/2015 12:00:00 AM,24618,12830,11788
2/15/2015 12:00:00 AM,2/16/2015 12:00:00 AM,6681,2947,3734
2/15/2015 12:00:00 AM,2/17/2015 12:00:00 AM,7151,3247,3904
2/15/2015 12:00:00 AM,2/18/2015 12:00:00 AM,7151,3247,3904
2/15/2015 12:00:00 AM,2/19/2015 12:00:00 AM,7130,3247,3883
2/15/2015 12:00:00 AM,2/20/2015 12:00:00 AM,7197,3247,3950
2/15/2015 12:00:00 AM,2/21/2015 12:00:00 AM,7972,3477,4495
2/15/2015 12:00:00 AM,2/22/2015 12:00:00 AM,6948,2341,4607
2/15/2015 12:00:00 AM,2/23/2015 12:00:00 AM,6496,2341,4155
2/15/2015 12:00:00 AM,2/24/2015 12:00:00 AM,6496,2341,4155
2/15/2015 12:00:00 AM,2/25/2015 12:00:00 AM,6484,2341,4143
2/15/2015 12:00:00 AM,2/26/2015 12:00:00 AM,6484,2341,4143
2/15/2015 12:00:00 AM,2/27/2015 12:00:00 AM,6553,2341,4212
2/15/2015 12:00:00 AM,2/28/2015 12:00:00 AM,10028,3539,6489
2/15/2015 12:00:00 AM,3/1/2015 12:00:00 AM,13376,4655,8721
2/15/2015 12:00:00 AM,3/2/2015 12:00:00 AM,14353,4849,9504
2/15/2015 12:00:00 AM,3/3/2015 12:00:00 AM,14376,4849,9527
2/15/2015 12:00:00 AM,3/4/2015 12:00:00 AM,14382,4849,9533
2/15/2015 12:00:00 AM,3/5/2015 12:00:00 AM,15022,5352,9670
2/15/2015 12:00:00 AM,3/6/2015 12:00:00 AM,16182,5352,10830
2/15/2015 12:00:00 AM,3/7/2015 12:00:00 AM,19265,6386,12879
2/15/2015 12:00:00 AM,3/8/2015 12:00:00 AM,20198,6386,13812
2/15/2015 12:00:00 AM,3/9/2015 12:00:00 AM,21945,7926,14019
2/15/2015 12:00:00 AM,3/10/2015 12:00:00 AM,21945,7926,14019
2/15/2015 12:00:00 AM,3/11/2015 12:00:00 AM,21965,7776,14189
2/15/2015 12:00:00 AM,3/12/2015 12:00:00 AM,22832,8503,14329
2/15/2015 12:00:00 AM,3/13/2015 12:00:00 AM,23230,8653,14577
2/15/2015 12:00:00 AM,3/14/2015 12:00:00 AM,26299,10295,16004
2/15/2015 12:00:00 AM,3/15/2015 12:00:00 AM,25043,10222,14821
2/15/2015 12:00:00 AM,3/16/2015 12:00:00 AM,25924,10466,15458
2/15/2015 12:00:00 AM,3/17/2015 12:00:00 AM,24820,10592,14228
2/15/2015 12:00:00 AM,3/18/2015 12:00:00 AM,26685,10592,16093
2/15/2015 12:00:00 AM,3/19/2015 12:00:00 AM,26004,10442,15562
2/15/2015 12:00:00 AM,3/20/2015 12:00:00 AM,25853,10342,15511
2/15/2015 12:00:00 AM,3/21/2015 12:00:00 AM,27379,10660,16719
2/15/2015 12:00:00 AM,3/22/2015 12:00:00 AM,27093,11389,15704
2/15/2015 12:00:00 AM,3/23/2015 12:00:00 AM,29281,11470,17811
2/15/2015 12:00:00 AM,3/24/2015 12:00:00 AM,27610,11470,16140
2/15/2015 12:00:00 AM,3/25/2015 12:00:00 AM,28663,12523,16140
2/15/2015 12:00:00 AM,3/26/2015 12:00:00 AM,27884,12373,15511
2/15/2015 12:00:00 AM,3/27/2015 12:00:00 AM,28755,11801,16954
2/15/2015 12:00:00 AM,3/28/2015 12:00:00 AM,32058,12720,19338
2/15/2015 12:00:00 AM,3/29/2015 12:00:00 AM,31997,12708,19289
2/15/2015 12:00:00 AM,3/30/2015 12:00:00 AM,32137,13653,18484
2/15/2015 12:00:00 AM,3/31/2015 12:00:00 AM,30588,12510,18078
2/15/2015 12:00:00 AM,4/1/2015 12:00:00 AM,30421,13187,17234
2/15/2015 12:00:00 AM,4/2/2015 12:00:00 AM,29134,12144,16990
2/15/2015 12:00:00 AM,4/3/2015 12:00:00 AM,29222,11993,17229
2/15/2015 12:00:00 AM,4/4/2015 12:00:00 AM,30583,12079,18504
2/15/2015 12:00:00 AM,4/5/2015 12:00:00 AM,30514,11988,18526
2/15/2015 12:00:00 AM,4/6/2015 12:00:00 AM,31767,12573,19194
2/15/2015 12:00:00 AM,4/7/2015 12:00:00 AM,32930,12823,20107
2/15/2015 12:00:00 AM,4/8/2015 12:00:00 AM,30952,12822,18130
2/15/2015 12:00:00 AM,4/9/2015 12:00:00 AM,32092,13372,18720
2/15/2015 12:00:00 AM,4/10/2015 12:00:00 AM,32294,14188,18106
2/15/2015 12:00:00 AM,4/11/2015 12:00:00 AM,38391,16326,22065
2/15/2015 12:00:00 AM,4/12/2015 12:00:00 AM,38265,16605,21660
2/15/2015 12:00:00 AM,4/13/2015 12:00:00 AM,40934,17906,23028
2/15/2015 12:00:00 AM,4/14/2015 12:00:00 AM,37923,16459,21464
2/15/2015 12:00:00 AM,4/15/2015 12:00:00 AM,38080,16684,21396
2/15/2015 12:00:00 AM,4/16/2015 12:00:00 AM,38151,16633,21518
2/15/2015 12:00:00 AM,4/17/2015 12:00:00 AM,37611,16507,21104
2/15/2015 12:00:00 AM,4/18/2015 12:00:00 AM,40861,18213,22648
2/15/2015 12:00:00 AM,4/19/2015 12:00:00 AM,40804,18195,22609
2/15/2015 12:00:00 AM,4/20/2015 12:00:00 AM,41451,18508,22943
2/15/2015 12:00:00 AM,4/21/2015 12:00:00 AM,37179,14614,22565
2/15/2015 12:00:00 AM,4/22/2015 12:00:00 AM,36926,14614,22312
2/15/2015 12:00:00 AM,4/23/2015 12:00:00 AM,36752,14464,22288
2/15/2015 12:00:00 AM,4/24/2015 12:00:00 AM,37799,14878,22921
2/15/2015 12:00:00 AM,4/25/2015 12:00:00 AM,38280,15638,22642
2/15/2015 12:00:00 AM,4/26/2015 12:00:00 AM,37043,15298,21745
2/15/2015 12:00:00 AM,4/27/2015 12:00:00 AM,36920,15175,21745
2/15/2015 12:00:00 AM,4/28/2015 12:00:00 AM,34983,13927,21056
2/15/2015 12:00:00 AM,4/29/2015 12:00:00 AM,32829,13837,18992
2/15/2015 12:00:00 AM,4/30/2015 12:00:00 AM,33297,13508,19789
2/15/2015 12:00:00 AM,5/1/2015 12:00:00 AM,33070,13938,19132
2/15/2015 12:00:00 AM,5/2/2015 12:00:00 AM,34875,15964,18911
2/15/2015 12:00:00 AM,5/3/2015 12:00:00 AM,34504,15152,19352
2/15/2015 12:00:00 AM,5/4/2015 12:00:00 AM,34414,15951,18463
2/15/2015 12:00:00 AM,5/5/2015 12:00:00 AM,30074,14290,15784
2/15/2015 12:00:00 AM,5/6/2015 12:00:00 AM,30788,14290,16498
2/15/2015 12:00:00 AM,5/7/2015 12:00:00 AM,28354,13948,14406
2/15/2015 12:00:00 AM,5/8/2015 12:00:00 AM,28934,14132,14802
2/15/2015 12:00:00 AM,5/9/2015 12:00:00 AM,29893,15170,14723
2/15/2015 12:00:00 AM,5/10/2015 12:00:00 AM,28642,14702,13940
2/15/2015 12:00:00 AM,5/11/2015 12:00:00 AM,29570,13954,15616
2/15/2015 12:00:00 AM,5/12/2015 12:00:00 AM,28443,12634,15809
2/15/2015 12:00:00 AM,5/13/2015 12:00:00 AM,27711,12634,15077
2/15/2015 12:00:00 AM,5/14/2015 12:00:00 AM,28100,12354,15746
2/15/2015 12:00:00 AM,5/15/2015 12:00:00 AM,26555,12764,13791
2/15/2015 12:00:00 AM,5/16/2015 12:00:00 AM,29144,13955,15189
2/15/2015 12:00:00 AM,5/17/2015 12:00:00 AM,26092,12496,13596
2/14/2015 12:00:00 AM,2/15/2015 12:00:00 AM,5819,2947,2872
2/14/2015 12:00:00 AM,2/16/2015 12:00:00 AM,6681,2947,3734
2/14/2015 12:00:00 AM,2/17/2015 12:00:00 AM,7151,3247,3904
2/14/2015 12:00:00 AM,2/18/2015 12:00:00 AM,7151,3247,3904
2/14/2015 12:00:00 AM,2/19/2015 12:00:00 AM,7130,3247,3883
2/14/2015 12:00:00 AM,2/20/2015 12:00:00 AM,7197,3247,3950
2/14/2015 12:00:00 AM,2/21/2015 12:00:00 AM,7972,3477,4495
2/14/2015 12:00:00 AM,2/22/2015 12:00:00 AM,6948,2341,4607
2/14/2015 12:00:00 AM,2/23/2015 12:00:00 AM,6496,2341,4155
2/14/2015 12:00:00 AM,2/24/2015 12:00:00 AM,6496,2341,4155
2/14/2015 12:00:00 AM,2/25/2015 12:00:00 AM,6484,2341,4143
2/14/2015 12:00:00 AM,2/26/2015 12:00:00 AM,6484,2341,4143
2/14/2015 12:00:00 AM,2/27/2015 12:00:00 AM,6553,2341,4212
2/14/2015 12:00:00 AM,2/28/2015 12:00:00 AM,10028,3539,6489
2/14/2015 12:00:00 AM,3/1/2015 12:00:00 AM,13376,4655,8721
2/14/2015 12:00:00 AM,3/2/2015 12:00:00 AM,14353,4849,9504
2/14/2015 12:00:00 AM,3/3/2015 12:00:00 AM,14376,4849,9527
2/14/2015 12:00:00 AM,3/4/2015 12:00:00 AM,14382,4849,9533
2/14/2015 12:00:00 AM,3/5/2015 12:00:00 AM,15022,5352,9670
2/14/2015 12:00:00 AM,3/6/2015 12:00:00 AM,16182,5352,10830
2/14/2015 12:00:00 AM,3/7/2015 12:00:00 AM,19265,6386,12879
2/14/2015 12:00:00 AM,3/8/2015 12:00:00 AM,20198,6386,13812
2/14/2015 12:00:00 AM,3/9/2015 12:00:00 AM,21945,7926,14019
2/14/2015 12:00:00 AM,3/10/2015 12:00:00 AM,21945,7926,14019
2/14/2015 12:00:00 AM,3/11/2015 12:00:00 AM,21965,7776,14189
2/14/2015 12:00:00 AM,3/12/2015 12:00:00 AM,22832,8503,14329
2/14/2015 12:00:00 AM,3/13/2015 12:00:00 AM,23230,8653,14577
2/14/2015 12:00:00 AM,3/14/2015 12:00:00 AM,26299,10295,16004
2/14/2015 12:00:00 AM,3/15/2015 12:00:00 AM,25043,10222,14821
2/14/2015 12:00:00 AM,3/16/2015 12:00:00 AM,25924,10466,15458
2/14/2015 12:00:00 AM,3/17/2015 12:00:00 AM,24820,10592,14228
2/14/2015 12:00:00 AM,3/18/2015 12:00:00 AM,26685,10592,16093
2/14/2015 12:00:00 AM,3/19/2015 12:00:00 AM,26004,10442,15562
2/14/2015 12:00:00 AM,3/20/2015 12:00:00 AM,25853,10342,15511
2/14/2015 12:00:00 AM,3/21/2015 12:00:00 AM,27379,10660,16719
2/14/2015 12:00:00 AM,3/22/2015 12:00:00 AM,27093,11389,15704
2/14/2015 12:00:00 AM,3/23/2015 12:00:00 AM,29281,11470,17811
2/14/2015 12:00:00 AM,3/24/2015 12:00:00 AM,27610,11470,16140
2/14/2015 12:00:00 AM,3/25/2015 12:00:00 AM,28663,12523,16140
2/14/2015 12:00:00 AM,3/26/2015 12:00:00 AM,27884,12373,15511
2/14/2015 12:00:00 AM,3/27/2015 12:00:00 AM,28755,11801,16954
2/14/2015 12:00:00 AM,3/28/2015 12:00:00 AM,32058,12720,19338
2/14/2015 12:00:00 AM,3/29/2015 12:00:00 AM,31997,12708,19289
2/14/2015 12:00:00 AM,3/30/2015 12:00:00 AM,32137,13653,18484
2/14/2015 12:00:00 AM,3/31/2015 12:00:00 AM,30588,12510,18078
2/14/2015 12:00:00 AM,4/1/2015 12:00:00 AM,30421,13187,17234
2/14/2015 12:00:00 AM,4/2/2015 12:00:00 AM,29134,12144,16990
2/14/2015 12:00:00 AM,4/3/2015 12:00:00 AM,29222,11993,17229
2/14/2015 12:00:00 AM,4/4/2015 12:00:00 AM,30583,12079,18504
2/14/2015 12:00:00 AM,4/5/2015 12:00:00 AM,30514,11988,18526
2/14/2015 12:00:00 AM,4/6/2015 12:00:00 AM,31767,12573,19194
2/14/2015 12:00:00 AM,4/7/2015 12:00:00 AM,32930,12823,20107
2/14/2015 12:00:00 AM,4/8/2015 12:00:00 AM,30952,12822,18130
2/14/2015 12:00:00 AM,4/9/2015 12:00:00 AM,32092,13372,18720
2/14/2015 12:00:00 AM,4/10/2015 12:00:00 AM,32294,14188,18106
2/14/2015 12:00:00 AM,4/11/2015 12:00:00 AM,38391,16326,22065
2/14/2015 12:00:00 AM,4/12/2015 12:00:00 AM,38265,16605,21660
2/14/2015 12:00:00 AM,4/13/2015 12:00:00 AM,40934,17906,23028
2/14/2015 12:00:00 AM,4/14/2015 12:00:00 AM,37923,16459,21464
2/14/2015 12:00:00 AM,4/15/2015 12:00:00 AM,38080,16684,21396
2/14/2015 12:00:00 AM,4/16/2015 12:00:00 AM,38151,16633,21518
2/14/2015 12:00:00 AM,4/17/2015 12:00:00 AM,37611,16507,21104
2/14/2015 12:00:00 AM,4/18/2015 12:00:00 AM,40861,18213,22648
2/14/2015 12:00:00 AM,4/19/2015 12:00:00 AM,40804,18195,22609
2/14/2015 12:00:00 AM,4/20/2015 12:00:00 AM,41451,18508,22943
2/14/2015 12:00:00 AM,4/21/2015 12:00:00 AM,37179,14614,22565
2/14/2015 12:00:00 AM,4/22/2015 12:00:00 AM,36926,14614,22312
2/14/2015 12:00:00 AM,4/23/2015 12:00:00 AM,36752,14464,22288
2/14/2015 12:00:00 AM,4/24/2015 12:00:00 AM,37799,14878,22921
2/14/2015 12:00:00 AM,4/25/2015 12:00:00 AM,38280,15638,22642
2/14/2015 12:00:00 AM,4/26/2015 12:00:00 AM,37043,15298,21745
2/14/2015 12:00:00 AM,4/27/2015 12:00:00 AM,36920,15175,21745
2/14/2015 12:00:00 AM,4/28/2015 12:00:00 AM,34983,13927,21056
2/14/2015 12:00:00 AM,4/29/2015 12:00:00 AM,32829,13837,18992
2/14/2015 12:00:00 AM,4/30/2015 12:00:00 AM,33297,13508,19789
2/14/2015 12:00:00 AM,5/1/2015 12:00:00 AM,33070,13938,19132
2/14/2015 12:00:00 AM,5/2/2015 12:00:00 AM,34875,15964,18911
2/14/2015 12:00:00 AM,5/3/2015 12:00:00 AM,34504,15152,19352
2/14/2015 12:00:00 AM,5/4/2015 12:00:00 AM,34414,15951,18463
2/14/2015 12:00:00 AM,5/5/2015 12:00:00 AM,30074,14290,15784
2/14/2015 12:00:00 AM,5/6/2015 12:00:00 AM,30788,14290,16498
2/14/2015 12:00:00 AM,5/7/2015 12:00:00 AM,28354,13948,14406
2/14/2015 12:00:00 AM,5/8/2015 12:00:00 AM,28934,14132,14802
2/14/2015 12:00:00 AM,5/9/2015 12:00:00 AM,29893,15170,14723
2/14/2015 12:00:00 AM,5/10/2015 12:00:00 AM,28642,14702,13940
2/14/2015 12:00:00 AM,5/11/2015 12:00:00 AM,29570,13954,15616
2/14/2015 12:00:00 AM,5/12/2015 12:00:00 AM,28443,12634,15809
2/14/2015 12:00:00 AM,5/13/2015 12:00:00 AM,27711,12634,15077
2/14/2015 12:00:00 AM,5/14/2015 12:00:00 AM,28100,12354,15746
2/14/2015 12:00:00 AM,5/15/2015 12:00:00 AM,26555,12764,13791
2/14/2015 12:00:00 AM,5/16/2015 12:00:00 AM,29144,13955,15189
2/13/2015 12:00:00 AM,2/14/2015 12:00:00 AM,5773,2947,2826
2/13/2015 12:00:00 AM,2/15/2015 12:00:00 AM,5819,2947,2872
2/13/2015 12:00:00 AM,2/16/2015 12:00:00 AM,6681,2947,3734
2/13/2015 12:00:00 AM,2/17/2015 12:00:00 AM,7151,3247,3904
2/13/2015 12:00:00 AM,2/18/2015 12:00:00 AM,7151,3247,3904
2/13/2015 12:00:00 AM,2/19/2015 12:00:00 AM,7130,3247,3883
2/13/2015 12:00:00 AM,2/20/2015 12:00:00 AM,7197,3247,3950
2/13/2015 12:00:00 AM,2/21/2015 12:00:00 AM,7972,3477,4495
2/13/2015 12:00:00 AM,2/22/2015 12:00:00 AM,6948,2341,4607
2/13/2015 12:00:00 AM,2/23/2015 12:00:00 AM,6496,2341,4155
2/13/2015 12:00:00 AM,2/24/2015 12:00:00 AM,6496,2341,4155
2/13/2015 12:00:00 AM,2/25/2015 12:00:00 AM,6484,2341,4143
2/13/2015 12:00:00 AM,2/26/2015 12:00:00 AM,6484,2341,4143
2/13/2015 12:00:00 AM,2/27/2015 12:00:00 AM,6553,2341,4212
2/13/2015 12:00:00 AM,2/28/2015 12:00:00 AM,10028,3539,6489
2/13/2015 12:00:00 AM,3/1/2015 12:00:00 AM,13376,4655,8721
2/13/2015 12:00:00 AM,3/2/2015 12:00:00 AM,14353,4849,9504
2/13/2015 12:00:00 AM,3/3/2015 12:00:00 AM,14376,4849,9527
2/13/2015 12:00:00 AM,3/4/2015 12:00:00 AM,14382,4849,9533
2/13/2015 12:00:00 AM,3/5/2015 12:00:00 AM,15022,5352,9670
2/13/2015 12:00:00 AM,3/6/2015 12:00:00 AM,16182,5352,10830
2/13/2015 12:00:00 AM,3/7/2015 12:00:00 AM,19265,6386,12879
2/13/2015 12:00:00 AM,3/8/2015 12:00:00 AM,20198,6386,13812
2/13/2015 12:00:00 AM,3/9/2015 12:00:00 AM,21945,7926,14019
2/13/2015 12:00:00 AM,3/10/2015 12:00:00 AM,21945,7926,14019
2/13/2015 12:00:00 AM,3/11/2015 12:00:00 AM,21965,7776,14189
2/13/2015 12:00:00 AM,3/12/2015 12:00:00 AM,22832,8503,14329
2/13/2015 12:00:00 AM,3/13/2015 12:00:00 AM,23230,8653,14577
2/13/2015 12:00:00 AM,3/14/2015 12:00:00 AM,26299,10295,16004
2/13/2015 12:00:00 AM,3/15/2015 12:00:00 AM,25043,10222,14821
2/13/2015 12:00:00 AM,3/16/2015 12:00:00 AM,25828,10466,15362
2/13/2015 12:00:00 AM,3/17/2015 12:00:00 AM,24768,10592,14176
2/13/2015 12:00:00 AM,3/18/2015 12:00:00 AM,27117,10592,16525
2/13/2015 12:00:00 AM,3/19/2015 12:00:00 AM,26480,10442,16038
2/13/2015 12:00:00 AM,3/20/2015 12:00:00 AM,26388,10342,16046
2/13/2015 12:00:00 AM,3/21/2015 12:00:00 AM,27855,10660,17195
2/13/2015 12:00:00 AM,3/22/2015 12:00:00 AM,27628,11389,16239
2/13/2015 12:00:00 AM,3/23/2015 12:00:00 AM,29816,11470,18346
2/13/2015 12:00:00 AM,3/24/2015 12:00:00 AM,28145,11470,16675
2/13/2015 12:00:00 AM,3/25/2015 12:00:00 AM,29198,12523,16675
2/13/2015 12:00:00 AM,3/26/2015 12:00:00 AM,28419,12373,16046
2/13/2015 12:00:00 AM,3/27/2015 12:00:00 AM,29290,11801,17489
2/13/2015 12:00:00 AM,3/28/2015 12:00:00 AM,32593,12720,19873
2/13/2015 12:00:00 AM,3/29/2015 12:00:00 AM,32532,12708,19824
2/13/2015 12:00:00 AM,3/30/2015 12:00:00 AM,32672,13653,19019
2/13/2015 12:00:00 AM,3/31/2015 12:00:00 AM,31123,12510,18613
2/13/2015 12:00:00 AM,4/1/2015 12:00:00 AM,30956,13187,17769
2/13/2015 12:00:00 AM,4/2/2015 12:00:00 AM,29669,12144,17525
2/13/2015 12:00:00 AM,4/3/2015 12:00:00 AM,29757,11993,17764
2/13/2015 12:00:00 AM,4/4/2015 12:00:00 AM,31118,12079,19039
2/13/2015 12:00:00 AM,4/5/2015 12:00:00 AM,31049,11988,19061
2/13/2015 12:00:00 AM,4/6/2015 12:00:00 AM,32302,12573,19729
2/13/2015 12:00:00 AM,4/7/2015 12:00:00 AM,33465,12823,20642
2/13/2015 12:00:00 AM,4/8/2015 12:00:00 AM,31487,12822,18665
2/13/2015 12:00:00 AM,4/9/2015 12:00:00 AM,32627,13372,19255
2/13/2015 12:00:00 AM,4/10/2015 12:00:00 AM,32829,14188,18641
2/13/2015 12:00:00 AM,4/11/2015 12:00:00 AM,38926,16326,22600
2/13/2015 12:00:00 AM,4/12/2015 12:00:00 AM,38800,16605,22195
2/13/2015 12:00:00 AM,4/13/2015 12:00:00 AM,41469,17906,23563
2/13/2015 12:00:00 AM,4/14/2015 12:00:00 AM,38458,16459,21999
2/13/2015 12:00:00 AM,4/15/2015 12:00:00 AM,38615,16684,21931
2/13/2015 12:00:00 AM,4/16/2015 12:00:00 AM,38686,16633,22053
2/13/2015 12:00:00 AM,4/17/2015 12:00:00 AM,38146,16507,21639
2/13/2015 12:00:00 AM,4/18/2015 12:00:00 AM,41396,18213,23183
2/13/2015 12:00:00 AM,4/19/2015 12:00:00 AM,41339,18195,23144
2/13/2015 12:00:00 AM,4/20/2015 12:00:00 AM,41986,18508,23478
2/13/2015 12:00:00 AM,4/21/2015 12:00:00 AM,37714,14614,23100
2/13/2015 12:00:00 AM,4/22/2015 12:00:00 AM,37461,14614,22847
2/13/2015 12:00:00 AM,4/23/2015 12:00:00 AM,37287,14464,22823
2/13/2015 12:00:00 AM,4/24/2015 12:00:00 AM,38334,14878,23456
2/13/2015 12:00:00 AM,4/25/2015 12:00:00 AM,38815,15638,23177
2/13/2015 12:00:00 AM,4/26/2015 12:00:00 AM,36231,15298,20933
2/13/2015 12:00:00 AM,4/27/2015 12:00:00 AM,37455,15175,22280
2/13/2015 12:00:00 AM,4/28/2015 12:00:00 AM,34223,13927,20296
2/13/2015 12:00:00 AM,4/29/2015 12:00:00 AM,32069,13837,18232
2/13/2015 12:00:00 AM,4/30/2015 12:00:00 AM,32537,13508,19029
2/13/2015 12:00:00 AM,5/1/2015 12:00:00 AM,32310,13938,18372
2/13/2015 12:00:00 AM,5/2/2015 12:00:00 AM,34875,15964,18911
2/13/2015 12:00:00 AM,5/3/2015 12:00:00 AM,33744,15152,18592
2/13/2015 12:00:00 AM,5/4/2015 12:00:00 AM,34414,15951,18463
2/13/2015 12:00:00 AM,5/5/2015 12:00:00 AM,30074,14290,15784
2/13/2015 12:00:00 AM,5/6/2015 12:00:00 AM,30788,14290,16498
2/13/2015 12:00:00 AM,5/7/2015 12:00:00 AM,28354,13948,14406
2/13/2015 12:00:00 AM,5/8/2015 12:00:00 AM,28934,14132,14802
2/13/2015 12:00:00 AM,5/9/2015 12:00:00 AM,29893,15170,14723
2/13/2015 12:00:00 AM,5/10/2015 12:00:00 AM,28642,14702,13940
2/13/2015 12:00:00 AM,5/11/2015 12:00:00 AM,29570,13954,15616
2/13/2015 12:00:00 AM,5/12/2015 12:00:00 AM,28443,12634,15809
2/13/2015 12:00:00 AM,5/13/2015 12:00:00 AM,27711,12634,15077
2/13/2015 12:00:00 AM,5/14/2015 12:00:00 AM,28100,12354,15746
2/13/2015 12:00:00 AM,5/15/2015 12:00:00 AM,26555,12764,13791
2/12/2015 12:00:00 AM,2/13/2015 12:00:00 AM,4348,1627,2721
2/12/2015 12:00:00 AM,2/14/2015 12:00:00 AM,5795,2947,2848
2/12/2015 12:00:00 AM,2/15/2015 12:00:00 AM,6011,2947,3064
2/12/2015 12:00:00 AM,2/16/2015 12:00:00 AM,6873,2947,3926
2/12/2015 12:00:00 AM,2/17/2015 12:00:00 AM,7151,3247,3904
2/12/2015 12:00:00 AM,2/18/2015 12:00:00 AM,7151,3247,3904
2/12/2015 12:00:00 AM,2/19/2015 12:00:00 AM,7130,3247,3883
2/12/2015 12:00:00 AM,2/20/2015 12:00:00 AM,7197,3247,3950
2/12/2015 12:00:00 AM,2/21/2015 12:00:00 AM,7972,3477,4495
2/12/2015 12:00:00 AM,2/22/2015 12:00:00 AM,6948,2341,4607
2/12/2015 12:00:00 AM,2/23/2015 12:00:00 AM,6496,2341,4155
2/12/2015 12:00:00 AM,2/24/2015 12:00:00 AM,6496,2341,4155
2/12/2015 12:00:00 AM,2/25/2015 12:00:00 AM,6484,2341,4143
2/12/2015 12:00:00 AM,2/26/2015 12:00:00 AM,6484,2341,4143
2/12/2015 12:00:00 AM,2/27/2015 12:00:00 AM,6553,2341,4212
2/12/2015 12:00:00 AM,2/28/2015 12:00:00 AM,10028,3539,6489
2/12/2015 12:00:00 AM,3/1/2015 12:00:00 AM,13376,4655,8721
2/12/2015 12:00:00 AM,3/2/2015 12:00:00 AM,14353,4849,9504
2/12/2015 12:00:00 AM,3/3/2015 12:00:00 AM,14376,4849,9527
2/12/2015 12:00:00 AM,3/4/2015 12:00:00 AM,14382,4849,9533
2/12/2015 12:00:00 AM,3/5/2015 12:00:00 AM,15022,5352,9670
2/12/2015 12:00:00 AM,3/6/2015 12:00:00 AM,16182,5352,10830
2/12/2015 12:00:00 AM,3/7/2015 12:00:00 AM,19265,6386,12879
2/12/2015 12:00:00 AM,3/8/2015 12:00:00 AM,20198,6386,13812
2/12/2015 12:00:00 AM,3/9/2015 12:00:00 AM,21795,7776,14019
2/12/2015 12:00:00 AM,3/10/2015 12:00:00 AM,21645,7626,14019
2/12/2015 12:00:00 AM,3/11/2015 12:00:00 AM,21965,7776,14189
2/12/2015 12:00:00 AM,3/12/2015 12:00:00 AM,22832,8503,14329
2/12/2015 12:00:00 AM,3/13/2015 12:00:00 AM,23080,8503,14577
2/12/2015 12:00:00 AM,3/14/2015 12:00:00 AM,26299,10295,16004
2/12/2015 12:00:00 AM,3/15/2015 12:00:00 AM,25193,10372,14821
2/12/2015 12:00:00 AM,3/16/2015 12:00:00 AM,25828,10466,15362
2/12/2015 12:00:00 AM,3/17/2015 12:00:00 AM,24768,10592,14176
2/12/2015 12:00:00 AM,3/18/2015 12:00:00 AM,27117,10592,16525
2/12/2015 12:00:00 AM,3/19/2015 12:00:00 AM,26480,10442,16038
2/12/2015 12:00:00 AM,3/20/2015 12:00:00 AM,26388,10342,16046
2/12/2015 12:00:00 AM,3/21/2015 12:00:00 AM,27855,10660,17195
2/12/2015 12:00:00 AM,3/22/2015 12:00:00 AM,27328,11089,16239
2/12/2015 12:00:00 AM,3/23/2015 12:00:00 AM,29666,11320,18346
2/12/2015 12:00:00 AM,3/24/2015 12:00:00 AM,27995,11320,16675
2/12/2015 12:00:00 AM,3/25/2015 12:00:00 AM,28878,12373,16505
2/12/2015 12:00:00 AM,3/26/2015 12:00:00 AM,28269,12223,16046
2/12/2015 12:00:00 AM,3/27/2015 12:00:00 AM,29290,11801,17489
2/12/2015 12:00:00 AM,3/28/2015 12:00:00 AM,32593,12720,19873
2/12/2015 12:00:00 AM,3/29/2015 12:00:00 AM,32532,12708,19824
2/12/2015 12:00:00 AM,3/30/2015 12:00:00 AM,32672,13653,19019
2/12/2015 12:00:00 AM,3/31/2015 12:00:00 AM,31123,12510,18613
2/12/2015 12:00:00 AM,4/1/2015 12:00:00 AM,30956,13187,17769
2/12/2015 12:00:00 AM,4/2/2015 12:00:00 AM,29669,12144,17525
2/12/2015 12:00:00 AM,4/3/2015 12:00:00 AM,29757,11993,17764
2/12/2015 12:00:00 AM,4/4/2015 12:00:00 AM,31118,12079,19039
2/12/2015 12:00:00 AM,4/5/2015 12:00:00 AM,31049,11988,19061
2/12/2015 12:00:00 AM,4/6/2015 12:00:00 AM,32302,12573,19729
2/12/2015 12:00:00 AM,4/7/2015 12:00:00 AM,33465,12823,20642
2/12/2015 12:00:00 AM,4/8/2015 12:00:00 AM,31487,12822,18665
2/12/2015 12:00:00 AM,4/9/2015 12:00:00 AM,32627,13372,19255
2/12/2015 12:00:00 AM,4/10/2015 12:00:00 AM,32829,14188,18641
2/12/2015 12:00:00 AM,4/11/2015 12:00:00 AM,38926,16326,22600
2/12/2015 12:00:00 AM,4/12/2015 12:00:00 AM,38800,16605,22195
2/12/2015 12:00:00 AM,4/13/2015 12:00:00 AM,41469,17906,23563
2/12/2015 12:00:00 AM,4/14/2015 12:00:00 AM,38458,16459,21999
2/12/2015 12:00:00 AM,4/15/2015 12:00:00 AM,38615,16684,21931
2/12/2015 12:00:00 AM,4/16/2015 12:00:00 AM,38686,16633,22053
2/12/2015 12:00:00 AM,4/17/2015 12:00:00 AM,38146,16507,21639
2/12/2015 12:00:00 AM,4/18/2015 12:00:00 AM,41396,18213,23183
2/12/2015 12:00:00 AM,4/19/2015 12:00:00 AM,41339,18195,23144
2/12/2015 12:00:00 AM,4/20/2015 12:00:00 AM,41986,18508,23478
2/12/2015 12:00:00 AM,4/21/2015 12:00:00 AM,37714,14614,23100
2/12/2015 12:00:00 AM,4/22/2015 12:00:00 AM,37461,14614,22847
2/12/2015 12:00:00 AM,4/23/2015 12:00:00 AM,37287,14464,22823
2/12/2015 12:00:00 AM,4/24/2015 12:00:00 AM,38334,14878,23456
2/12/2015 12:00:00 AM,4/25/2015 12:00:00 AM,38815,15638,23177
2/12/2015 12:00:00 AM,4/26/2015 12:00:00 AM,36231,15298,20933
2/12/2015 12:00:00 AM,4/27/2015 12:00:00 AM,37455,15175,22280
2/12/2015 12:00:00 AM,4/28/2015 12:00:00 AM,34223,13927,20296
2/12/2015 12:00:00 AM,4/29/2015 12:00:00 AM,32069,13837,18232
2/12/2015 12:00:00 AM,4/30/2015 12:00:00 AM,32487,13508,18979
2/12/2015 12:00:00 AM,5/1/2015 12:00:00 AM,32260,13938,18322
2/12/2015 12:00:00 AM,5/2/2015 12:00:00 AM,34825,15964,18861
2/12/2015 12:00:00 AM,5/3/2015 12:00:00 AM,33694,15152,18542
2/12/2015 12:00:00 AM,5/4/2015 12:00:00 AM,34364,15951,18413
2/12/2015 12:00:00 AM,5/5/2015 12:00:00 AM,30024,14290,15734
2/12/2015 12:00:00 AM,5/6/2015 12:00:00 AM,30738,14290,16448
2/12/2015 12:00:00 AM,5/7/2015 12:00:00 AM,28304,13948,14356
2/12/2015 12:00:00 AM,5/8/2015 12:00:00 AM,28884,14132,14752
2/12/2015 12:00:00 AM,5/9/2015 12:00:00 AM,29843,15170,14673
2/12/2015 12:00:00 AM,5/10/2015 12:00:00 AM,28592,14702,13890
2/12/2015 12:00:00 AM,5/11/2015 12:00:00 AM,29520,13954,15566
2/12/2015 12:00:00 AM,5/12/2015 12:00:00 AM,28393,12634,15759
2/12/2015 12:00:00 AM,5/13/2015 12:00:00 AM,27661,12634,15027
2/12/2015 12:00:00 AM,5/14/2015 12:00:00 AM,28050,12354,15696
2/11/2015 12:00:00 AM,2/12/2015 12:00:00 AM,4348,1627,2721
2/11/2015 12:00:00 AM,2/13/2015 12:00:00 AM,4348,1627,2721
2/11/2015 12:00:00 AM,2/14/2015 12:00:00 AM,5795,2947,2848
2/11/2015 12:00:00 AM,2/15/2015 12:00:00 AM,6011,2947,3064
2/11/2015 12:00:00 AM,2/16/2015 12:00:00 AM,6873,2947,3926
2/11/2015 12:00:00 AM,2/17/2015 12:00:00 AM,7151,3247,3904
2/11/2015 12:00:00 AM,2/18/2015 12:00:00 AM,7151,3247,3904
2/11/2015 12:00:00 AM,2/19/2015 12:00:00 AM,7130,3247,3883
2/11/2015 12:00:00 AM,2/20/2015 12:00:00 AM,7197,3247,3950
2/11/2015 12:00:00 AM,2/21/2015 12:00:00 AM,7972,3477,4495
2/11/2015 12:00:00 AM,2/22/2015 12:00:00 AM,6948,2341,4607
2/11/2015 12:00:00 AM,2/23/2015 12:00:00 AM,6496,2341,4155
2/11/2015 12:00:00 AM,2/24/2015 12:00:00 AM,6496,2341,4155
2/11/2015 12:00:00 AM,2/25/2015 12:00:00 AM,6484,2341,4143
2/11/2015 12:00:00 AM,2/26/2015 12:00:00 AM,6484,2341,4143
2/11/2015 12:00:00 AM,2/27/2015 12:00:00 AM,6553,2341,4212
2/11/2015 12:00:00 AM,2/28/2015 12:00:00 AM,10028,3539,6489
2/11/2015 12:00:00 AM,3/1/2015 12:00:00 AM,13376,4655,8721
2/11/2015 12:00:00 AM,3/2/2015 12:00:00 AM,14358,4854,9504
2/11/2015 12:00:00 AM,3/3/2015 12:00:00 AM,14381,4854,9527
2/11/2015 12:00:00 AM,3/4/2015 12:00:00 AM,14387,4854,9533
2/11/2015 12:00:00 AM,3/5/2015 12:00:00 AM,15027,5357,9670
2/11/2015 12:00:00 AM,3/6/2015 12:00:00 AM,16187,5357,10830
2/11/2015 12:00:00 AM,3/7/2015 12:00:00 AM,19270,6391,12879
2/11/2015 12:00:00 AM,3/8/2015 12:00:00 AM,20203,6391,13812
2/11/2015 12:00:00 AM,3/9/2015 12:00:00 AM,21800,7781,14019
2/11/2015 12:00:00 AM,3/10/2015 12:00:00 AM,21650,7631,14019
2/11/2015 12:00:00 AM,3/11/2015 12:00:00 AM,21970,7781,14189
2/11/2015 12:00:00 AM,3/12/2015 12:00:00 AM,22837,8508,14329
2/11/2015 12:00:00 AM,3/13/2015 12:00:00 AM,22935,8358,14577
2/11/2015 12:00:00 AM,3/14/2015 12:00:00 AM,26154,10150,16004
2/11/2015 12:00:00 AM,3/15/2015 12:00:00 AM,25048,10227,14821
2/11/2015 12:00:00 AM,3/16/2015 12:00:00 AM,25828,10466,15362
2/11/2015 12:00:00 AM,3/17/2015 12:00:00 AM,24768,10592,14176
2/11/2015 12:00:00 AM,3/18/2015 12:00:00 AM,27117,10592,16525
2/11/2015 12:00:00 AM,3/19/2015 12:00:00 AM,26480,10442,16038
2/11/2015 12:00:00 AM,3/20/2015 12:00:00 AM,26538,10492,16046
2/11/2015 12:00:00 AM,3/21/2015 12:00:00 AM,28155,10960,17195
2/11/2015 12:00:00 AM,3/22/2015 12:00:00 AM,27616,11389,16227
2/11/2015 12:00:00 AM,3/23/2015 12:00:00 AM,30104,11770,18334
2/11/2015 12:00:00 AM,3/24/2015 12:00:00 AM,28433,11770,16663
2/11/2015 12:00:00 AM,3/25/2015 12:00:00 AM,29316,12823,16493
2/11/2015 12:00:00 AM,3/26/2015 12:00:00 AM,28407,12373,16034
2/11/2015 12:00:00 AM,3/27/2015 12:00:00 AM,29428,11951,17477
2/11/2015 12:00:00 AM,3/28/2015 12:00:00 AM,32731,12870,19861
2/11/2015 12:00:00 AM,3/29/2015 12:00:00 AM,32520,12708,19812
2/11/2015 12:00:00 AM,3/30/2015 12:00:00 AM,32660,13653,19007
2/11/2015 12:00:00 AM,3/31/2015 12:00:00 AM,31111,12510,18601
2/11/2015 12:00:00 AM,4/1/2015 12:00:00 AM,30944,13187,17757
2/11/2015 12:00:00 AM,4/2/2015 12:00:00 AM,29657,12144,17513
2/11/2015 12:00:00 AM,4/3/2015 12:00:00 AM,29745,11993,17752
2/11/2015 12:00:00 AM,4/4/2015 12:00:00 AM,31106,12079,19027
2/11/2015 12:00:00 AM,4/5/2015 12:00:00 AM,31037,11988,19049
2/11/2015 12:00:00 AM,4/6/2015 12:00:00 AM,32290,12573,19717
2/11/2015 12:00:00 AM,4/7/2015 12:00:00 AM,33303,12673,20630
2/11/2015 12:00:00 AM,4/8/2015 12:00:00 AM,31325,12672,18653
2/11/2015 12:00:00 AM,4/9/2015 12:00:00 AM,32465,13222,19243
2/11/2015 12:00:00 AM,4/10/2015 12:00:00 AM,32667,14038,18629
2/11/2015 12:00:00 AM,4/11/2015 12:00:00 AM,38614,16026,22588
2/11/2015 12:00:00 AM,4/12/2015 12:00:00 AM,38488,16305,22183
2/11/2015 12:00:00 AM,4/13/2015 12:00:00 AM,41307,17756,23551
2/11/2015 12:00:00 AM,4/14/2015 12:00:00 AM,38296,16309,21987
2/11/2015 12:00:00 AM,4/15/2015 12:00:00 AM,38303,16384,21919
2/11/2015 12:00:00 AM,4/16/2015 12:00:00 AM,38374,16333,22041
2/11/2015 12:00:00 AM,4/17/2015 12:00:00 AM,37984,16357,21627
2/11/2015 12:00:00 AM,4/18/2015 12:00:00 AM,41234,18063,23171
2/11/2015 12:00:00 AM,4/19/2015 12:00:00 AM,41027,17895,23132
2/11/2015 12:00:00 AM,4/20/2015 12:00:00 AM,41674,18208,23466
2/11/2015 12:00:00 AM,4/21/2015 12:00:00 AM,37552,14464,23088
2/11/2015 12:00:00 AM,4/22/2015 12:00:00 AM,37299,14464,22835
2/11/2015 12:00:00 AM,4/23/2015 12:00:00 AM,37137,14314,22823
2/11/2015 12:00:00 AM,4/24/2015 12:00:00 AM,38172,14728,23444
2/11/2015 12:00:00 AM,4/25/2015 12:00:00 AM,38815,15638,23177
2/11/2015 12:00:00 AM,4/26/2015 12:00:00 AM,36231,15298,20933
2/11/2015 12:00:00 AM,4/27/2015 12:00:00 AM,37455,15175,22280
2/11/2015 12:00:00 AM,4/28/2015 12:00:00 AM,34223,13927,20296
2/11/2015 12:00:00 AM,4/29/2015 12:00:00 AM,31984,13837,18147
2/11/2015 12:00:00 AM,4/30/2015 12:00:00 AM,32402,13508,18894
2/11/2015 12:00:00 AM,5/1/2015 12:00:00 AM,32175,13938,18237
2/11/2015 12:00:00 AM,5/2/2015 12:00:00 AM,34740,15964,18776
2/11/2015 12:00:00 AM,5/3/2015 12:00:00 AM,33609,15152,18457
2/11/2015 12:00:00 AM,5/4/2015 12:00:00 AM,34109,15951,18158
2/11/2015 12:00:00 AM,5/5/2015 12:00:00 AM,29769,14290,15479
2/11/2015 12:00:00 AM,5/6/2015 12:00:00 AM,30568,14290,16278
2/11/2015 12:00:00 AM,5/7/2015 12:00:00 AM,28134,13948,14186
2/11/2015 12:00:00 AM,5/8/2015 12:00:00 AM,28799,14132,14667
2/11/2015 12:00:00 AM,5/9/2015 12:00:00 AM,29758,15170,14588
2/11/2015 12:00:00 AM,5/10/2015 12:00:00 AM,28592,14702,13890
2/11/2015 12:00:00 AM,5/11/2015 12:00:00 AM,29435,13954,15481
2/11/2015 12:00:00 AM,5/12/2015 12:00:00 AM,28308,12634,15674
2/11/2015 12:00:00 AM,5/13/2015 12:00:00 AM,27661,12634,15027
2/10/2015 12:00:00 AM,2/11/2015 12:00:00 AM,4348,1627,2721
2/10/2015 12:00:00 AM,2/12/2015 12:00:00 AM,4348,1627,2721
2/10/2015 12:00:00 AM,2/13/2015 12:00:00 AM,4348,1627,2721
2/10/2015 12:00:00 AM,2/14/2015 12:00:00 AM,5795,2947,2848
2/10/2015 12:00:00 AM,2/15/2015 12:00:00 AM,6011,2947,3064
2/10/2015 12:00:00 AM,2/16/2015 12:00:00 AM,6861,2947,3914
2/10/2015 12:00:00 AM,2/17/2015 12:00:00 AM,7139,3247,3892
2/10/2015 12:00:00 AM,2/18/2015 12:00:00 AM,7139,3247,3892
2/10/2015 12:00:00 AM,2/19/2015 12:00:00 AM,7118,3247,3871
2/10/2015 12:00:00 AM,2/20/2015 12:00:00 AM,7185,3247,3938
2/10/2015 12:00:00 AM,2/21/2015 12:00:00 AM,7960,3477,4483
2/10/2015 12:00:00 AM,2/22/2015 12:00:00 AM,6936,2341,4595
2/10/2015 12:00:00 AM,2/23/2015 12:00:00 AM,6484,2341,4143
2/10/2015 12:00:00 AM,2/24/2015 12:00:00 AM,6484,2341,4143
2/10/2015 12:00:00 AM,2/25/2015 12:00:00 AM,6484,2341,4143
2/10/2015 12:00:00 AM,2/26/2015 12:00:00 AM,6484,2341,4143
2/10/2015 12:00:00 AM,2/27/2015 12:00:00 AM,6553,2341,4212
2/10/2015 12:00:00 AM,2/28/2015 12:00:00 AM,10028,3539,6489
2/10/2015 12:00:00 AM,3/1/2015 12:00:00 AM,13388,4655,8733
2/10/2015 12:00:00 AM,3/2/2015 12:00:00 AM,14370,4854,9516
2/10/2015 12:00:00 AM,3/3/2015 12:00:00 AM,14393,4854,9539
2/10/2015 12:00:00 AM,3/4/2015 12:00:00 AM,14399,4854,9545
2/10/2015 12:00:00 AM,3/5/2015 12:00:00 AM,15039,5357,9682
2/10/2015 12:00:00 AM,3/6/2015 12:00:00 AM,16199,5357,10842
2/10/2015 12:00:00 AM,3/7/2015 12:00:00 AM,19682,6791,12891
2/10/2015 12:00:00 AM,3/8/2015 12:00:00 AM,20615,6791,13824
2/10/2015 12:00:00 AM,3/9/2015 12:00:00 AM,22212,8181,14031
2/10/2015 12:00:00 AM,3/10/2015 12:00:00 AM,22062,8031,14031
2/10/2015 12:00:00 AM,3/11/2015 12:00:00 AM,22382,8181,14201
2/10/2015 12:00:00 AM,3/12/2015 12:00:00 AM,23237,8908,14329
2/10/2015 12:00:00 AM,3/13/2015 12:00:00 AM,23335,8758,14577
2/10/2015 12:00:00 AM,3/14/2015 12:00:00 AM,26149,10145,16004
2/10/2015 12:00:00 AM,3/15/2015 12:00:00 AM,25043,10222,14821
2/10/2015 12:00:00 AM,3/16/2015 12:00:00 AM,25823,10461,15362
2/10/2015 12:00:00 AM,3/17/2015 12:00:00 AM,24763,10587,14176
2/10/2015 12:00:00 AM,3/18/2015 12:00:00 AM,27112,10587,16525
2/10/2015 12:00:00 AM,3/19/2015 12:00:00 AM,26475,10437,16038
2/10/2015 12:00:00 AM,3/20/2015 12:00:00 AM,26533,10487,16046
2/10/2015 12:00:00 AM,3/21/2015 12:00:00 AM,28150,10955,17195
2/10/2015 12:00:00 AM,3/22/2015 12:00:00 AM,27416,11189,16227
2/10/2015 12:00:00 AM,3/23/2015 12:00:00 AM,30014,11680,18334
2/10/2015 12:00:00 AM,3/24/2015 12:00:00 AM,28343,11680,16663
2/10/2015 12:00:00 AM,3/25/2015 12:00:00 AM,29226,12733,16493
2/10/2015 12:00:00 AM,3/26/2015 12:00:00 AM,28317,12283,16034
2/10/2015 12:00:00 AM,3/27/2015 12:00:00 AM,29338,11861,17477
2/10/2015 12:00:00 AM,3/28/2015 12:00:00 AM,32531,12670,19861
2/10/2015 12:00:00 AM,3/29/2015 12:00:00 AM,32515,12703,19812
2/10/2015 12:00:00 AM,3/30/2015 12:00:00 AM,32655,13648,19007
2/10/2015 12:00:00 AM,3/31/2015 12:00:00 AM,31106,12505,18601
2/10/2015 12:00:00 AM,4/1/2015 12:00:00 AM,30939,13182,17757
2/10/2015 12:00:00 AM,4/2/2015 12:00:00 AM,29652,12139,17513
2/10/2015 12:00:00 AM,4/3/2015 12:00:00 AM,29740,11988,17752
2/10/2015 12:00:00 AM,4/4/2015 12:00:00 AM,31101,12074,19027
2/10/2015 12:00:00 AM,4/5/2015 12:00:00 AM,31032,11983,19049
2/10/2015 12:00:00 AM,4/6/2015 12:00:00 AM,32285,12568,19717
2/10/2015 12:00:00 AM,4/7/2015 12:00:00 AM,33298,12668,20630
2/10/2015 12:00:00 AM,4/8/2015 12:00:00 AM,31320,12667,18653
2/10/2015 12:00:00 AM,4/9/2015 12:00:00 AM,32460,13217,19243
2/10/2015 12:00:00 AM,4/10/2015 12:00:00 AM,32662,14033,18629
2/10/2015 12:00:00 AM,4/11/2015 12:00:00 AM,38609,16021,22588
2/10/2015 12:00:00 AM,4/12/2015 12:00:00 AM,38483,16300,22183
2/10/2015 12:00:00 AM,4/13/2015 12:00:00 AM,41302,17751,23551
2/10/2015 12:00:00 AM,4/14/2015 12:00:00 AM,38291,16304,21987
2/10/2015 12:00:00 AM,4/15/2015 12:00:00 AM,38298,16379,21919
2/10/2015 12:00:00 AM,4/16/2015 12:00:00 AM,38369,16328,22041
2/10/2015 12:00:00 AM,4/17/2015 12:00:00 AM,37979,16352,21627
2/10/2015 12:00:00 AM,4/18/2015 12:00:00 AM,41229,18058,23171
2/10/2015 12:00:00 AM,4/19/2015 12:00:00 AM,41022,17890,23132
2/10/2015 12:00:00 AM,4/20/2015 12:00:00 AM,41669,18203,23466
2/10/2015 12:00:00 AM,4/21/2015 12:00:00 AM,37547,14459,23088
2/10/2015 12:00:00 AM,4/22/2015 12:00:00 AM,37294,14459,22835
2/10/2015 12:00:00 AM,4/23/2015 12:00:00 AM,37132,14309,22823
2/10/2015 12:00:00 AM,4/24/2015 12:00:00 AM,38167,14723,23444
2/10/2015 12:00:00 AM,4/25/2015 12:00:00 AM,38810,15633,23177
2/10/2015 12:00:00 AM,4/26/2015 12:00:00 AM,36226,15293,20933
2/10/2015 12:00:00 AM,4/27/2015 12:00:00 AM,37340,15060,22280
2/10/2015 12:00:00 AM,4/28/2015 12:00:00 AM,34108,13812,20296
2/10/2015 12:00:00 AM,4/29/2015 12:00:00 AM,31869,13722,18147
2/10/2015 12:00:00 AM,4/30/2015 12:00:00 AM,32287,13393,18894
2/10/2015 12:00:00 AM,5/1/2015 12:00:00 AM,32060,13823,18237
2/10/2015 12:00:00 AM,5/2/2015 12:00:00 AM,34735,15959,18776
2/10/2015 12:00:00 AM,5/3/2015 12:00:00 AM,33604,15147,18457
2/10/2015 12:00:00 AM,5/4/2015 12:00:00 AM,34104,15946,18158
2/10/2015 12:00:00 AM,5/5/2015 12:00:00 AM,29764,14285,15479
2/10/2015 12:00:00 AM,5/6/2015 12:00:00 AM,30563,14285,16278
2/10/2015 12:00:00 AM,5/7/2015 12:00:00 AM,28129,13943,14186
2/10/2015 12:00:00 AM,5/8/2015 12:00:00 AM,28794,14127,14667
2/10/2015 12:00:00 AM,5/9/2015 12:00:00 AM,29753,15165,14588
2/10/2015 12:00:00 AM,5/10/2015 12:00:00 AM,28587,14697,13890
2/10/2015 12:00:00 AM,5/11/2015 12:00:00 AM,29430,13949,15481
2/10/2015 12:00:00 AM,5/12/2015 12:00:00 AM,28303,12629,15674
2/9/2015 12:00:00 AM,2/10/2015 12:00:00 AM,4282,1627,2655
2/9/2015 12:00:00 AM,2/11/2015 12:00:00 AM,4327,1627,2700
2/9/2015 12:00:00 AM,2/12/2015 12:00:00 AM,4327,1627,2700
2/9/2015 12:00:00 AM,2/13/2015 12:00:00 AM,4327,1627,2700
2/9/2015 12:00:00 AM,2/14/2015 12:00:00 AM,5774,2947,2827
2/9/2015 12:00:00 AM,2/15/2015 12:00:00 AM,5990,2947,3043
2/9/2015 12:00:00 AM,2/16/2015 12:00:00 AM,6807,2947,3860
2/9/2015 12:00:00 AM,2/17/2015 12:00:00 AM,7085,3247,3838
2/9/2015 12:00:00 AM,2/18/2015 12:00:00 AM,7085,3247,3838
2/9/2015 12:00:00 AM,2/19/2015 12:00:00 AM,7085,3247,3838
2/9/2015 12:00:00 AM,2/20/2015 12:00:00 AM,7152,3247,3905
2/9/2015 12:00:00 AM,2/21/2015 12:00:00 AM,8032,3582,4450
2/9/2015 12:00:00 AM,2/22/2015 12:00:00 AM,7008,2446,4562
2/9/2015 12:00:00 AM,2/23/2015 12:00:00 AM,6556,2446,4110
2/9/2015 12:00:00 AM,2/24/2015 12:00:00 AM,6556,2446,4110
2/9/2015 12:00:00 AM,2/25/2015 12:00:00 AM,6556,2446,4110
2/9/2015 12:00:00 AM,2/26/2015 12:00:00 AM,6556,2446,4110
2/9/2015 12:00:00 AM,2/27/2015 12:00:00 AM,6625,2446,4179
2/9/2015 12:00:00 AM,2/28/2015 12:00:00 AM,10100,3644,6456
2/9/2015 12:00:00 AM,3/1/2015 12:00:00 AM,13460,4760,8700
2/9/2015 12:00:00 AM,3/2/2015 12:00:00 AM,14442,4959,9483
2/9/2015 12:00:00 AM,3/3/2015 12:00:00 AM,14465,4959,9506
2/9/2015 12:00:00 AM,3/4/2015 12:00:00 AM,14471,4959,9512
2/9/2015 12:00:00 AM,3/5/2015 12:00:00 AM,15111,5462,9649
2/9/2015 12:00:00 AM,3/6/2015 12:00:00 AM,16271,5462,10809
2/9/2015 12:00:00 AM,3/7/2015 12:00:00 AM,19787,6896,12891
2/9/2015 12:00:00 AM,3/8/2015 12:00:00 AM,20720,6896,13824
2/9/2015 12:00:00 AM,3/9/2015 12:00:00 AM,22317,8286,14031
2/9/2015 12:00:00 AM,3/10/2015 12:00:00 AM,22167,8136,14031
2/9/2015 12:00:00 AM,3/11/2015 12:00:00 AM,22487,8286,14201
2/9/2015 12:00:00 AM,3/12/2015 12:00:00 AM,23342,9013,14329
2/9/2015 12:00:00 AM,3/13/2015 12:00:00 AM,23440,8863,14577
2/9/2015 12:00:00 AM,3/14/2015 12:00:00 AM,26254,10250,16004
2/9/2015 12:00:00 AM,3/15/2015 12:00:00 AM,25148,10327,14821
2/9/2015 12:00:00 AM,3/16/2015 12:00:00 AM,25928,10566,15362
2/9/2015 12:00:00 AM,3/17/2015 12:00:00 AM,24868,10692,14176
2/9/2015 12:00:00 AM,3/18/2015 12:00:00 AM,27217,10692,16525
2/9/2015 12:00:00 AM,3/19/2015 12:00:00 AM,26580,10542,16038
2/9/2015 12:00:00 AM,3/20/2015 12:00:00 AM,26638,10592,16046
2/9/2015 12:00:00 AM,3/21/2015 12:00:00 AM,28255,11060,17195
2/9/2015 12:00:00 AM,3/22/2015 12:00:00 AM,27521,11294,16227
2/9/2015 12:00:00 AM,3/23/2015 12:00:00 AM,30119,11785,18334
2/9/2015 12:00:00 AM,3/24/2015 12:00:00 AM,28448,11785,16663
2/9/2015 12:00:00 AM,3/25/2015 12:00:00 AM,29331,12838,16493
2/9/2015 12:00:00 AM,3/26/2015 12:00:00 AM,28422,12388,16034
2/9/2015 12:00:00 AM,3/27/2015 12:00:00 AM,29443,11966,17477
2/9/2015 12:00:00 AM,3/28/2015 12:00:00 AM,32636,12775,19861
2/9/2015 12:00:00 AM,3/29/2015 12:00:00 AM,32620,12808,19812
2/9/2015 12:00:00 AM,3/30/2015 12:00:00 AM,32760,13753,19007
2/9/2015 12:00:00 AM,3/31/2015 12:00:00 AM,31211,12610,18601
2/9/2015 12:00:00 AM,4/1/2015 12:00:00 AM,31044,13287,17757
2/9/2015 12:00:00 AM,4/2/2015 12:00:00 AM,29757,12244,17513
2/9/2015 12:00:00 AM,4/3/2015 12:00:00 AM,29845,12093,17752
2/9/2015 12:00:00 AM,4/4/2015 12:00:00 AM,31206,12179,19027
2/9/2015 12:00:00 AM,4/5/2015 12:00:00 AM,31157,12088,19069
2/9/2015 12:00:00 AM,4/6/2015 12:00:00 AM,32410,12673,19737
2/9/2015 12:00:00 AM,4/7/2015 12:00:00 AM,33423,12773,20650
2/9/2015 12:00:00 AM,4/8/2015 12:00:00 AM,31445,12772,18673
2/9/2015 12:00:00 AM,4/9/2015 12:00:00 AM,32585,13322,19263
2/9/2015 12:00:00 AM,4/10/2015 12:00:00 AM,32787,14138,18649
2/9/2015 12:00:00 AM,4/11/2015 12:00:00 AM,38715,16087,22628
2/9/2015 12:00:00 AM,4/12/2015 12:00:00 AM,38589,16366,22223
2/9/2015 12:00:00 AM,4/13/2015 12:00:00 AM,41408,17817,23591
2/9/2015 12:00:00 AM,4/14/2015 12:00:00 AM,38397,16370,22027
2/9/2015 12:00:00 AM,4/15/2015 12:00:00 AM,38404,16445,21959
2/9/2015 12:00:00 AM,4/16/2015 12:00:00 AM,38475,16394,22081
2/9/2015 12:00:00 AM,4/17/2015 12:00:00 AM,38085,16418,21667
2/9/2015 12:00:00 AM,4/18/2015 12:00:00 AM,41335,18124,23211
2/9/2015 12:00:00 AM,4/19/2015 12:00:00 AM,41128,17956,23172
2/9/2015 12:00:00 AM,4/20/2015 12:00:00 AM,41775,18269,23506
2/9/2015 12:00:00 AM,4/21/2015 12:00:00 AM,37653,14525,23128
2/9/2015 12:00:00 AM,4/22/2015 12:00:00 AM,37400,14525,22875
2/9/2015 12:00:00 AM,4/23/2015 12:00:00 AM,37238,14375,22863
2/9/2015 12:00:00 AM,4/24/2015 12:00:00 AM,38273,14789,23484
2/9/2015 12:00:00 AM,4/25/2015 12:00:00 AM,38916,15699,23217
2/9/2015 12:00:00 AM,4/26/2015 12:00:00 AM,36312,15359,20953
2/9/2015 12:00:00 AM,4/27/2015 12:00:00 AM,37446,15126,22320
2/9/2015 12:00:00 AM,4/28/2015 12:00:00 AM,34194,13878,20316
2/9/2015 12:00:00 AM,4/29/2015 12:00:00 AM,31955,13788,18167
2/9/2015 12:00:00 AM,4/30/2015 12:00:00 AM,32373,13459,18914
2/9/2015 12:00:00 AM,5/1/2015 12:00:00 AM,32146,13889,18257
2/9/2015 12:00:00 AM,5/2/2015 12:00:00 AM,34801,16025,18776
2/9/2015 12:00:00 AM,5/3/2015 12:00:00 AM,33690,15213,18477
2/9/2015 12:00:00 AM,5/4/2015 12:00:00 AM,34170,16012,18158
2/9/2015 12:00:00 AM,5/5/2015 12:00:00 AM,29830,14351,15479
2/9/2015 12:00:00 AM,5/6/2015 12:00:00 AM,30629,14351,16278
2/9/2015 12:00:00 AM,5/7/2015 12:00:00 AM,28195,14009,14186
2/9/2015 12:00:00 AM,5/8/2015 12:00:00 AM,28860,14193,14667
2/9/2015 12:00:00 AM,5/9/2015 12:00:00 AM,29819,15231,14588
2/9/2015 12:00:00 AM,5/10/2015 12:00:00 AM,28653,14763,13890
2/9/2015 12:00:00 AM,5/11/2015 12:00:00 AM,29496,14015,15481
2/8/2015 12:00:00 AM,2/9/2015 12:00:00 AM,4282,1627,2655
2/8/2015 12:00:00 AM,2/10/2015 12:00:00 AM,4282,1627,2655
2/8/2015 12:00:00 AM,2/11/2015 12:00:00 AM,4327,1627,2700
2/8/2015 12:00:00 AM,2/12/2015 12:00:00 AM,4327,1627,2700
2/8/2015 12:00:00 AM,2/13/2015 12:00:00 AM,4327,1627,2700
2/8/2015 12:00:00 AM,2/14/2015 12:00:00 AM,5774,2947,2827
2/8/2015 12:00:00 AM,2/15/2015 12:00:00 AM,5990,2947,3043
2/8/2015 12:00:00 AM,2/16/2015 12:00:00 AM,6807,2947,3860
2/8/2015 12:00:00 AM,2/17/2015 12:00:00 AM,7085,3247,3838
2/8/2015 12:00:00 AM,2/18/2015 12:00:00 AM,7085,3247,3838
2/8/2015 12:00:00 AM,2/19/2015 12:00:00 AM,7085,3247,3838
2/8/2015 12:00:00 AM,2/20/2015 12:00:00 AM,7152,3247,3905
2/8/2015 12:00:00 AM,2/21/2015 12:00:00 AM,8032,3582,4450
2/8/2015 12:00:00 AM,2/22/2015 12:00:00 AM,7008,2446,4562
2/8/2015 12:00:00 AM,2/23/2015 12:00:00 AM,6556,2446,4110
2/8/2015 12:00:00 AM,2/24/2015 12:00:00 AM,6556,2446,4110
2/8/2015 12:00:00 AM,2/25/2015 12:00:00 AM,6556,2446,4110
2/8/2015 12:00:00 AM,2/26/2015 12:00:00 AM,6556,2446,4110
2/8/2015 12:00:00 AM,2/27/2015 12:00:00 AM,6625,2446,4179
2/8/2015 12:00:00 AM,2/28/2015 12:00:00 AM,10100,3644,6456
2/8/2015 12:00:00 AM,3/1/2015 12:00:00 AM,13460,4760,8700
2/8/2015 12:00:00 AM,3/2/2015 12:00:00 AM,14442,4959,9483
2/8/2015 12:00:00 AM,3/3/2015 12:00:00 AM,14465,4959,9506
2/8/2015 12:00:00 AM,3/4/2015 12:00:00 AM,14471,4959,9512
2/8/2015 12:00:00 AM,3/5/2015 12:00:00 AM,15111,5462,9649
2/8/2015 12:00:00 AM,3/6/2015 12:00:00 AM,16271,5462,10809
2/8/2015 12:00:00 AM,3/7/2015 12:00:00 AM,19787,6896,12891
2/8/2015 12:00:00 AM,3/8/2015 12:00:00 AM,20720,6896,13824
2/8/2015 12:00:00 AM,3/9/2015 12:00:00 AM,22317,8286,14031
2/8/2015 12:00:00 AM,3/10/2015 12:00:00 AM,22167,8136,14031
2/8/2015 12:00:00 AM,3/11/2015 12:00:00 AM,22487,8286,14201
2/8/2015 12:00:00 AM,3/12/2015 12:00:00 AM,23342,9013,14329
2/8/2015 12:00:00 AM,3/13/2015 12:00:00 AM,23440,8863,14577
2/8/2015 12:00:00 AM,3/14/2015 12:00:00 AM,26254,10250,16004
2/8/2015 12:00:00 AM,3/15/2015 12:00:00 AM,25148,10327,14821
2/8/2015 12:00:00 AM,3/16/2015 12:00:00 AM,25928,10566,15362
2/8/2015 12:00:00 AM,3/17/2015 12:00:00 AM,24868,10692,14176
2/8/2015 12:00:00 AM,3/18/2015 12:00:00 AM,27217,10692,16525
2/8/2015 12:00:00 AM,3/19/2015 12:00:00 AM,26580,10542,16038
2/8/2015 12:00:00 AM,3/20/2015 12:00:00 AM,26638,10592,16046
2/8/2015 12:00:00 AM,3/21/2015 12:00:00 AM,28255,11060,17195
2/8/2015 12:00:00 AM,3/22/2015 12:00:00 AM,27521,11294,16227
2/8/2015 12:00:00 AM,3/23/2015 12:00:00 AM,30119,11785,18334
2/8/2015 12:00:00 AM,3/24/2015 12:00:00 AM,28448,11785,16663
2/8/2015 12:00:00 AM,3/25/2015 12:00:00 AM,29331,12838,16493
2/8/2015 12:00:00 AM,3/26/2015 12:00:00 AM,28422,12388,16034
2/8/2015 12:00:00 AM,3/27/2015 12:00:00 AM,29443,11966,17477
2/8/2015 12:00:00 AM,3/28/2015 12:00:00 AM,32636,12775,19861
2/8/2015 12:00:00 AM,3/29/2015 12:00:00 AM,32620,12808,19812
2/8/2015 12:00:00 AM,3/30/2015 12:00:00 AM,32760,13753,19007
2/8/2015 12:00:00 AM,3/31/2015 12:00:00 AM,31211,12610,18601
2/8/2015 12:00:00 AM,4/1/2015 12:00:00 AM,31044,13287,17757
2/8/2015 12:00:00 AM,4/2/2015 12:00:00 AM,29757,12244,17513
2/8/2015 12:00:00 AM,4/3/2015 12:00:00 AM,29845,12093,17752
2/8/2015 12:00:00 AM,4/4/2015 12:00:00 AM,31206,12179,19027
2/8/2015 12:00:00 AM,4/5/2015 12:00:00 AM,31157,12088,19069
2/8/2015 12:00:00 AM,4/6/2015 12:00:00 AM,32410,12673,19737
2/8/2015 12:00:00 AM,4/7/2015 12:00:00 AM,33423,12773,20650
2/8/2015 12:00:00 AM,4/8/2015 12:00:00 AM,31445,12772,18673
2/8/2015 12:00:00 AM,4/9/2015 12:00:00 AM,32585,13322,19263
2/8/2015 12:00:00 AM,4/10/2015 12:00:00 AM,32787,14138,18649
2/8/2015 12:00:00 AM,4/11/2015 12:00:00 AM,38715,16087,22628
2/8/2015 12:00:00 AM,4/12/2015 12:00:00 AM,38589,16366,22223
2/8/2015 12:00:00 AM,4/13/2015 12:00:00 AM,41408,17817,23591
2/8/2015 12:00:00 AM,4/14/2015 12:00:00 AM,38397,16370,22027
2/8/2015 12:00:00 AM,4/15/2015 12:00:00 AM,38404,16445,21959
2/8/2015 12:00:00 AM,4/16/2015 12:00:00 AM,38475,16394,22081
2/8/2015 12:00:00 AM,4/17/2015 12:00:00 AM,38085,16418,21667
2/8/2015 12:00:00 AM,4/18/2015 12:00:00 AM,41335,18124,23211
2/8/2015 12:00:00 AM,4/19/2015 12:00:00 AM,41128,17956,23172
2/8/2015 12:00:00 AM,4/20/2015 12:00:00 AM,41775,18269,23506
2/8/2015 12:00:00 AM,4/21/2015 12:00:00 AM,37653,14525,23128
2/8/2015 12:00:00 AM,4/22/2015 12:00:00 AM,37400,14525,22875
2/8/2015 12:00:00 AM,4/23/2015 12:00:00 AM,37238,14375,22863
2/8/2015 12:00:00 AM,4/24/2015 12:00:00 AM,38273,14789,23484
2/8/2015 12:00:00 AM,4/25/2015 12:00:00 AM,38916,15699,23217
2/8/2015 12:00:00 AM,4/26/2015 12:00:00 AM,36312,15359,20953
2/8/2015 12:00:00 AM,4/27/2015 12:00:00 AM,37446,15126,22320
2/8/2015 12:00:00 AM,4/28/2015 12:00:00 AM,34194,13878,20316
2/8/2015 12:00:00 AM,4/29/2015 12:00:00 AM,31955,13788,18167
2/8/2015 12:00:00 AM,4/30/2015 12:00:00 AM,32373,13459,18914
2/8/2015 12:00:00 AM,5/1/2015 12:00:00 AM,32146,13889,18257
2/8/2015 12:00:00 AM,5/2/2015 12:00:00 AM,34801,16025,18776
2/8/2015 12:00:00 AM,5/3/2015 12:00:00 AM,33690,15213,18477
2/8/2015 12:00:00 AM,5/4/2015 12:00:00 AM,34170,16012,18158
2/8/2015 12:00:00 AM,5/5/2015 12:00:00 AM,29830,14351,15479
2/8/2015 12:00:00 AM,5/6/2015 12:00:00 AM,30629,14351,16278
2/8/2015 12:00:00 AM,5/7/2015 12:00:00 AM,28195,14009,14186
2/8/2015 12:00:00 AM,5/8/2015 12:00:00 AM,28860,14193,14667
2/8/2015 12:00:00 AM,5/9/2015 12:00:00 AM,29819,15231,14588
2/8/2015 12:00:00 AM,5/10/2015 12:00:00 AM,28653,14763,13890
2/7/2015 12:00:00 AM,2/8/2015 12:00:00 AM,4400,1627,2773
2/7/2015 12:00:00 AM,2/9/2015 12:00:00 AM,4282,1627,2655
2/7/2015 12:00:00 AM,2/10/2015 12:00:00 AM,4282,1627,2655
2/7/2015 12:00:00 AM,2/11/2015 12:00:00 AM,4327,1627,2700
2/7/2015 12:00:00 AM,2/12/2015 12:00:00 AM,4327,1627,2700
2/7/2015 12:00:00 AM,2/13/2015 12:00:00 AM,4327,1627,2700
2/7/2015 12:00:00 AM,2/14/2015 12:00:00 AM,5774,2947,2827
2/7/2015 12:00:00 AM,2/15/2015 12:00:00 AM,5990,2947,3043
2/7/2015 12:00:00 AM,2/16/2015 12:00:00 AM,6807,2947,3860
2/7/2015 12:00:00 AM,2/17/2015 12:00:00 AM,7085,3247,3838
2/7/2015 12:00:00 AM,2/18/2015 12:00:00 AM,7085,3247,3838
2/7/2015 12:00:00 AM,2/19/2015 12:00:00 AM,7085,3247,3838
2/7/2015 12:00:00 AM,2/20/2015 12:00:00 AM,7152,3247,3905
2/7/2015 12:00:00 AM,2/21/2015 12:00:00 AM,8032,3582,4450
2/7/2015 12:00:00 AM,2/22/2015 12:00:00 AM,7008,2446,4562
2/7/2015 12:00:00 AM,2/23/2015 12:00:00 AM,6556,2446,4110
2/7/2015 12:00:00 AM,2/24/2015 12:00:00 AM,6556,2446,4110
2/7/2015 12:00:00 AM,2/25/2015 12:00:00 AM,6556,2446,4110
2/7/2015 12:00:00 AM,2/26/2015 12:00:00 AM,6556,2446,4110
2/7/2015 12:00:00 AM,2/27/2015 12:00:00 AM,6625,2446,4179
2/7/2015 12:00:00 AM,2/28/2015 12:00:00 AM,10100,3644,6456
2/7/2015 12:00:00 AM,3/1/2015 12:00:00 AM,13460,4760,8700
2/7/2015 12:00:00 AM,3/2/2015 12:00:00 AM,14442,4959,9483
2/7/2015 12:00:00 AM,3/3/2015 12:00:00 AM,14465,4959,9506
2/7/2015 12:00:00 AM,3/4/2015 12:00:00 AM,14471,4959,9512
2/7/2015 12:00:00 AM,3/5/2015 12:00:00 AM,15111,5462,9649
2/7/2015 12:00:00 AM,3/6/2015 12:00:00 AM,16271,5462,10809
2/7/2015 12:00:00 AM,3/7/2015 12:00:00 AM,19787,6896,12891
2/7/2015 12:00:00 AM,3/8/2015 12:00:00 AM,20720,6896,13824
2/7/2015 12:00:00 AM,3/9/2015 12:00:00 AM,22317,8286,14031
2/7/2015 12:00:00 AM,3/10/2015 12:00:00 AM,22167,8136,14031
2/7/2015 12:00:00 AM,3/11/2015 12:00:00 AM,22487,8286,14201
2/7/2015 12:00:00 AM,3/12/2015 12:00:00 AM,23342,9013,14329
2/7/2015 12:00:00 AM,3/13/2015 12:00:00 AM,23440,8863,14577
2/7/2015 12:00:00 AM,3/14/2015 12:00:00 AM,26254,10250,16004
2/7/2015 12:00:00 AM,3/15/2015 12:00:00 AM,25148,10327,14821
2/7/2015 12:00:00 AM,3/16/2015 12:00:00 AM,25928,10566,15362
2/7/2015 12:00:00 AM,3/17/2015 12:00:00 AM,24868,10692,14176
2/7/2015 12:00:00 AM,3/18/2015 12:00:00 AM,27217,10692,16525
2/7/2015 12:00:00 AM,3/19/2015 12:00:00 AM,26580,10542,16038
2/7/2015 12:00:00 AM,3/20/2015 12:00:00 AM,26638,10592,16046
2/7/2015 12:00:00 AM,3/21/2015 12:00:00 AM,28255,11060,17195
2/7/2015 12:00:00 AM,3/22/2015 12:00:00 AM,27521,11294,16227
2/7/2015 12:00:00 AM,3/23/2015 12:00:00 AM,30119,11785,18334
2/7/2015 12:00:00 AM,3/24/2015 12:00:00 AM,28448,11785,16663
2/7/2015 12:00:00 AM,3/25/2015 12:00:00 AM,29331,12838,16493
2/7/2015 12:00:00 AM,3/26/2015 12:00:00 AM,28422,12388,16034
2/7/2015 12:00:00 AM,3/27/2015 12:00:00 AM,29443,11966,17477
2/7/2015 12:00:00 AM,3/28/2015 12:00:00 AM,32636,12775,19861
2/7/2015 12:00:00 AM,3/29/2015 12:00:00 AM,32620,12808,19812
2/7/2015 12:00:00 AM,3/30/2015 12:00:00 AM,32760,13753,19007
2/7/2015 12:00:00 AM,3/31/2015 12:00:00 AM,31211,12610,18601
2/7/2015 12:00:00 AM,4/1/2015 12:00:00 AM,31044,13287,17757
2/7/2015 12:00:00 AM,4/2/2015 12:00:00 AM,29757,12244,17513
2/7/2015 12:00:00 AM,4/3/2015 12:00:00 AM,29845,12093,17752
2/7/2015 12:00:00 AM,4/4/2015 12:00:00 AM,31206,12179,19027
2/7/2015 12:00:00 AM,4/5/2015 12:00:00 AM,31157,12088,19069
2/7/2015 12:00:00 AM,4/6/2015 12:00:00 AM,32410,12673,19737
2/7/2015 12:00:00 AM,4/7/2015 12:00:00 AM,33423,12773,20650
2/7/2015 12:00:00 AM,4/8/2015 12:00:00 AM,31445,12772,18673
2/7/2015 12:00:00 AM,4/9/2015 12:00:00 AM,32585,13322,19263
2/7/2015 12:00:00 AM,4/10/2015 12:00:00 AM,32787,14138,18649
2/7/2015 12:00:00 AM,4/11/2015 12:00:00 AM,38715,16087,22628
2/7/2015 12:00:00 AM,4/12/2015 12:00:00 AM,38589,16366,22223
2/7/2015 12:00:00 AM,4/13/2015 12:00:00 AM,41408,17817,23591
2/7/2015 12:00:00 AM,4/14/2015 12:00:00 AM,38397,16370,22027
2/7/2015 12:00:00 AM,4/15/2015 12:00:00 AM,38404,16445,21959
2/7/2015 12:00:00 AM,4/16/2015 12:00:00 AM,38475,16394,22081
2/7/2015 12:00:00 AM,4/17/2015 12:00:00 AM,38085,16418,21667
2/7/2015 12:00:00 AM,4/18/2015 12:00:00 AM,41335,18124,23211
2/7/2015 12:00:00 AM,4/19/2015 12:00:00 AM,41128,17956,23172
2/7/2015 12:00:00 AM,4/20/2015 12:00:00 AM,41775,18269,23506
2/7/2015 12:00:00 AM,4/21/2015 12:00:00 AM,37653,14525,23128
2/7/2015 12:00:00 AM,4/22/2015 12:00:00 AM,37400,14525,22875
2/7/2015 12:00:00 AM,4/23/2015 12:00:00 AM,37238,14375,22863
2/7/2015 12:00:00 AM,4/24/2015 12:00:00 AM,38273,14789,23484
2/7/2015 12:00:00 AM,4/25/2015 12:00:00 AM,38916,15699,23217
2/7/2015 12:00:00 AM,4/26/2015 12:00:00 AM,36312,15359,20953
2/7/2015 12:00:00 AM,4/27/2015 12:00:00 AM,37446,15126,22320
2/7/2015 12:00:00 AM,4/28/2015 12:00:00 AM,34194,13878,20316
2/7/2015 12:00:00 AM,4/29/2015 12:00:00 AM,31955,13788,18167
2/7/2015 12:00:00 AM,4/30/2015 12:00:00 AM,32373,13459,18914
2/7/2015 12:00:00 AM,5/1/2015 12:00:00 AM,32146,13889,18257
2/7/2015 12:00:00 AM,5/2/2015 12:00:00 AM,34801,16025,18776
2/7/2015 12:00:00 AM,5/3/2015 12:00:00 AM,33690,15213,18477
2/7/2015 12:00:00 AM,5/4/2015 12:00:00 AM,34170,16012,18158
2/7/2015 12:00:00 AM,5/5/2015 12:00:00 AM,29830,14351,15479
2/7/2015 12:00:00 AM,5/6/2015 12:00:00 AM,30629,14351,16278
2/7/2015 12:00:00 AM,5/7/2015 12:00:00 AM,28195,14009,14186
2/7/2015 12:00:00 AM,5/8/2015 12:00:00 AM,28860,14193,14667
2/7/2015 12:00:00 AM,5/9/2015 12:00:00 AM,29819,15231,14588
2/6/2015 12:00:00 AM,2/7/2015 12:00:00 AM,4445,1627,2818
2/6/2015 12:00:00 AM,2/8/2015 12:00:00 AM,4445,1627,2818
2/6/2015 12:00:00 AM,2/9/2015 12:00:00 AM,4327,1627,2700
2/6/2015 12:00:00 AM,2/10/2015 12:00:00 AM,4327,1627,2700
2/6/2015 12:00:00 AM,2/11/2015 12:00:00 AM,4327,1627,2700
2/6/2015 12:00:00 AM,2/12/2015 12:00:00 AM,4327,1627,2700
2/6/2015 12:00:00 AM,2/13/2015 12:00:00 AM,4327,1627,2700
2/6/2015 12:00:00 AM,2/14/2015 12:00:00 AM,5774,2947,2827
2/6/2015 12:00:00 AM,2/15/2015 12:00:00 AM,5990,2947,3043
2/6/2015 12:00:00 AM,2/16/2015 12:00:00 AM,6807,2947,3860
2/6/2015 12:00:00 AM,2/17/2015 12:00:00 AM,7085,3247,3838
2/6/2015 12:00:00 AM,2/18/2015 12:00:00 AM,7085,3247,3838
2/6/2015 12:00:00 AM,2/19/2015 12:00:00 AM,7085,3247,3838
2/6/2015 12:00:00 AM,2/20/2015 12:00:00 AM,7152,3247,3905
2/6/2015 12:00:00 AM,2/21/2015 12:00:00 AM,8032,3582,4450
2/6/2015 12:00:00 AM,2/22/2015 12:00:00 AM,7008,2446,4562
2/6/2015 12:00:00 AM,2/23/2015 12:00:00 AM,6556,2446,4110
2/6/2015 12:00:00 AM,2/24/2015 12:00:00 AM,6556,2446,4110
2/6/2015 12:00:00 AM,2/25/2015 12:00:00 AM,6556,2446,4110
2/6/2015 12:00:00 AM,2/26/2015 12:00:00 AM,6556,2446,4110
2/6/2015 12:00:00 AM,2/27/2015 12:00:00 AM,6625,2446,4179
2/6/2015 12:00:00 AM,2/28/2015 12:00:00 AM,10100,3644,6456
2/6/2015 12:00:00 AM,3/1/2015 12:00:00 AM,13434,4760,8674
2/6/2015 12:00:00 AM,3/2/2015 12:00:00 AM,14416,4959,9457
2/6/2015 12:00:00 AM,3/3/2015 12:00:00 AM,14439,4959,9480
2/6/2015 12:00:00 AM,3/4/2015 12:00:00 AM,14445,4959,9486
2/6/2015 12:00:00 AM,3/5/2015 12:00:00 AM,15085,5462,9623
2/6/2015 12:00:00 AM,3/6/2015 12:00:00 AM,16245,5462,10783
2/6/2015 12:00:00 AM,3/7/2015 12:00:00 AM,19761,6896,12865
2/6/2015 12:00:00 AM,3/8/2015 12:00:00 AM,20694,6896,13798
2/6/2015 12:00:00 AM,3/9/2015 12:00:00 AM,22291,8286,14005
2/6/2015 12:00:00 AM,3/10/2015 12:00:00 AM,22141,8136,14005
2/6/2015 12:00:00 AM,3/11/2015 12:00:00 AM,22461,8286,14175
2/6/2015 12:00:00 AM,3/12/2015 12:00:00 AM,23316,9013,14303
2/6/2015 12:00:00 AM,3/13/2015 12:00:00 AM,23414,8863,14551
2/6/2015 12:00:00 AM,3/14/2015 12:00:00 AM,26228,10250,15978
2/6/2015 12:00:00 AM,3/15/2015 12:00:00 AM,25122,10327,14795
2/6/2015 12:00:00 AM,3/16/2015 12:00:00 AM,25902,10566,15336
2/6/2015 12:00:00 AM,3/17/2015 12:00:00 AM,24842,10692,14150
2/6/2015 12:00:00 AM,3/18/2015 12:00:00 AM,27191,10692,16499
2/6/2015 12:00:00 AM,3/19/2015 12:00:00 AM,26554,10542,16012
2/6/2015 12:00:00 AM,3/20/2015 12:00:00 AM,26612,10592,16020
2/6/2015 12:00:00 AM,3/21/2015 12:00:00 AM,28229,11060,17169
2/6/2015 12:00:00 AM,3/22/2015 12:00:00 AM,27495,11294,16201
2/6/2015 12:00:00 AM,3/23/2015 12:00:00 AM,30093,11785,18308
2/6/2015 12:00:00 AM,3/24/2015 12:00:00 AM,28422,11785,16637
2/6/2015 12:00:00 AM,3/25/2015 12:00:00 AM,29305,12838,16467
2/6/2015 12:00:00 AM,3/26/2015 12:00:00 AM,28396,12388,16008
2/6/2015 12:00:00 AM,3/27/2015 12:00:00 AM,29417,11966,17451
2/6/2015 12:00:00 AM,3/28/2015 12:00:00 AM,32610,12775,19835
2/6/2015 12:00:00 AM,3/29/2015 12:00:00 AM,32594,12808,19786
2/6/2015 12:00:00 AM,3/30/2015 12:00:00 AM,32684,13703,18981
2/6/2015 12:00:00 AM,3/31/2015 12:00:00 AM,31135,12560,18575
2/6/2015 12:00:00 AM,4/1/2015 12:00:00 AM,30968,13237,17731
2/6/2015 12:00:00 AM,4/2/2015 12:00:00 AM,29681,12194,17487
2/6/2015 12:00:00 AM,4/3/2015 12:00:00 AM,29769,12043,17726
2/6/2015 12:00:00 AM,4/4/2015 12:00:00 AM,31180,12179,19001
2/6/2015 12:00:00 AM,4/5/2015 12:00:00 AM,31131,12088,19043
2/6/2015 12:00:00 AM,4/6/2015 12:00:00 AM,32384,12673,19711
2/6/2015 12:00:00 AM,4/7/2015 12:00:00 AM,33297,12673,20624
2/6/2015 12:00:00 AM,4/8/2015 12:00:00 AM,31320,12673,18647
2/6/2015 12:00:00 AM,4/9/2015 12:00:00 AM,32510,13273,19237
2/6/2015 12:00:00 AM,4/10/2015 12:00:00 AM,32761,14138,18623
2/6/2015 12:00:00 AM,4/11/2015 12:00:00 AM,38689,16087,22602
2/6/2015 12:00:00 AM,4/12/2015 12:00:00 AM,38563,16366,22197
2/6/2015 12:00:00 AM,4/13/2015 12:00:00 AM,41382,17817,23565
2/6/2015 12:00:00 AM,4/14/2015 12:00:00 AM,38371,16370,22001
2/6/2015 12:00:00 AM,4/15/2015 12:00:00 AM,38378,16445,21933
2/6/2015 12:00:00 AM,4/16/2015 12:00:00 AM,38449,16394,22055
2/6/2015 12:00:00 AM,4/17/2015 12:00:00 AM,38059,16418,21641
2/6/2015 12:00:00 AM,4/18/2015 12:00:00 AM,41309,18124,23185
2/6/2015 12:00:00 AM,4/19/2015 12:00:00 AM,41102,17956,23146
2/6/2015 12:00:00 AM,4/20/2015 12:00:00 AM,41749,18269,23480
2/6/2015 12:00:00 AM,4/21/2015 12:00:00 AM,37627,14525,23102
2/6/2015 12:00:00 AM,4/22/2015 12:00:00 AM,37374,14525,22849
2/6/2015 12:00:00 AM,4/23/2015 12:00:00 AM,37212,14375,22837
2/6/2015 12:00:00 AM,4/24/2015 12:00:00 AM,38247,14789,23458
2/6/2015 12:00:00 AM,4/25/2015 12:00:00 AM,38890,15699,23191
2/6/2015 12:00:00 AM,4/26/2015 12:00:00 AM,36286,15359,20927
2/6/2015 12:00:00 AM,4/27/2015 12:00:00 AM,37420,15126,22294
2/6/2015 12:00:00 AM,4/28/2015 12:00:00 AM,34168,13878,20290
2/6/2015 12:00:00 AM,4/29/2015 12:00:00 AM,31929,13788,18141
2/6/2015 12:00:00 AM,4/30/2015 12:00:00 AM,32347,13459,18888
2/6/2015 12:00:00 AM,5/1/2015 12:00:00 AM,32120,13889,18231
2/6/2015 12:00:00 AM,5/2/2015 12:00:00 AM,34775,16025,18750
2/6/2015 12:00:00 AM,5/3/2015 12:00:00 AM,33664,15213,18451
2/6/2015 12:00:00 AM,5/4/2015 12:00:00 AM,34144,16012,18132
2/6/2015 12:00:00 AM,5/5/2015 12:00:00 AM,29804,14351,15453
2/6/2015 12:00:00 AM,5/6/2015 12:00:00 AM,30603,14351,16252
2/6/2015 12:00:00 AM,5/7/2015 12:00:00 AM,28169,14009,14160
2/6/2015 12:00:00 AM,5/8/2015 12:00:00 AM,28860,14193,14667
2/5/2015 12:00:00 AM,2/6/2015 12:00:00 AM,3843,1627,2216
2/5/2015 12:00:00 AM,2/7/2015 12:00:00 AM,4445,1627,2818
2/5/2015 12:00:00 AM,2/8/2015 12:00:00 AM,4445,1627,2818
2/5/2015 12:00:00 AM,2/9/2015 12:00:00 AM,4327,1627,2700
2/5/2015 12:00:00 AM,2/10/2015 12:00:00 AM,4327,1627,2700
2/5/2015 12:00:00 AM,2/11/2015 12:00:00 AM,4327,1627,2700
2/5/2015 12:00:00 AM,2/12/2015 12:00:00 AM,4327,1627,2700
2/5/2015 12:00:00 AM,2/13/2015 12:00:00 AM,4327,1627,2700
2/5/2015 12:00:00 AM,2/14/2015 12:00:00 AM,5774,2947,2827
2/5/2015 12:00:00 AM,2/15/2015 12:00:00 AM,5990,2947,3043
2/5/2015 12:00:00 AM,2/16/2015 12:00:00 AM,6807,2947,3860
2/5/2015 12:00:00 AM,2/17/2015 12:00:00 AM,7085,3247,3838
2/5/2015 12:00:00 AM,2/18/2015 12:00:00 AM,7085,3247,3838
2/5/2015 12:00:00 AM,2/19/2015 12:00:00 AM,7085,3247,3838
2/5/2015 12:00:00 AM,2/20/2015 12:00:00 AM,7152,3247,3905
2/5/2015 12:00:00 AM,2/21/2015 12:00:00 AM,8032,3582,4450
2/5/2015 12:00:00 AM,2/22/2015 12:00:00 AM,7008,2446,4562
2/5/2015 12:00:00 AM,2/23/2015 12:00:00 AM,6556,2446,4110
2/5/2015 12:00:00 AM,2/24/2015 12:00:00 AM,6556,2446,4110
2/5/2015 12:00:00 AM,2/25/2015 12:00:00 AM,6556,2446,4110
2/5/2015 12:00:00 AM,2/26/2015 12:00:00 AM,6556,2446,4110
2/5/2015 12:00:00 AM,2/27/2015 12:00:00 AM,6625,2446,4179
2/5/2015 12:00:00 AM,2/28/2015 12:00:00 AM,10100,3644,6456
2/5/2015 12:00:00 AM,3/1/2015 12:00:00 AM,13434,4760,8674
2/5/2015 12:00:00 AM,3/2/2015 12:00:00 AM,14416,4959,9457
2/5/2015 12:00:00 AM,3/3/2015 12:00:00 AM,14439,4959,9480
2/5/2015 12:00:00 AM,3/4/2015 12:00:00 AM,14445,4959,9486
2/5/2015 12:00:00 AM,3/5/2015 12:00:00 AM,15085,5462,9623
2/5/2015 12:00:00 AM,3/6/2015 12:00:00 AM,16245,5462,10783
2/5/2015 12:00:00 AM,3/7/2015 12:00:00 AM,19761,6896,12865
2/5/2015 12:00:00 AM,3/8/2015 12:00:00 AM,20694,6896,13798
2/5/2015 12:00:00 AM,3/9/2015 12:00:00 AM,22291,8286,14005
2/5/2015 12:00:00 AM,3/10/2015 12:00:00 AM,22141,8136,14005
2/5/2015 12:00:00 AM,3/11/2015 12:00:00 AM,22461,8286,14175
2/5/2015 12:00:00 AM,3/12/2015 12:00:00 AM,23316,9013,14303
2/5/2015 12:00:00 AM,3/13/2015 12:00:00 AM,23414,8863,14551
2/5/2015 12:00:00 AM,3/14/2015 12:00:00 AM,26228,10250,15978
2/5/2015 12:00:00 AM,3/15/2015 12:00:00 AM,25122,10327,14795
2/5/2015 12:00:00 AM,3/16/2015 12:00:00 AM,25902,10566,15336
2/5/2015 12:00:00 AM,3/17/2015 12:00:00 AM,24842,10692,14150
2/5/2015 12:00:00 AM,3/18/2015 12:00:00 AM,27191,10692,16499
2/5/2015 12:00:00 AM,3/19/2015 12:00:00 AM,26554,10542,16012
2/5/2015 12:00:00 AM,3/20/2015 12:00:00 AM,26612,10592,16020
2/5/2015 12:00:00 AM,3/21/2015 12:00:00 AM,28229,11060,17169
2/5/2015 12:00:00 AM,3/22/2015 12:00:00 AM,27495,11294,16201
2/5/2015 12:00:00 AM,3/23/2015 12:00:00 AM,30093,11785,18308
2/5/2015 12:00:00 AM,3/24/2015 12:00:00 AM,28422,11785,16637
2/5/2015 12:00:00 AM,3/25/2015 12:00:00 AM,29305,12838,16467
2/5/2015 12:00:00 AM,3/26/2015 12:00:00 AM,28396,12388,16008
2/5/2015 12:00:00 AM,3/27/2015 12:00:00 AM,29417,11966,17451
2/5/2015 12:00:00 AM,3/28/2015 12:00:00 AM,32610,12775,19835
2/5/2015 12:00:00 AM,3/29/2015 12:00:00 AM,32594,12808,19786
2/5/2015 12:00:00 AM,3/30/2015 12:00:00 AM,32684,13703,18981
2/5/2015 12:00:00 AM,3/31/2015 12:00:00 AM,31135,12560,18575
2/5/2015 12:00:00 AM,4/1/2015 12:00:00 AM,30968,13237,17731
2/5/2015 12:00:00 AM,4/2/2015 12:00:00 AM,29681,12194,17487
2/5/2015 12:00:00 AM,4/3/2015 12:00:00 AM,29769,12043,17726
2/5/2015 12:00:00 AM,4/4/2015 12:00:00 AM,31734,12733,19001
2/5/2015 12:00:00 AM,4/5/2015 12:00:00 AM,31685,12642,19043
2/5/2015 12:00:00 AM,4/6/2015 12:00:00 AM,32938,13227,19711
2/5/2015 12:00:00 AM,4/7/2015 12:00:00 AM,33851,13227,20624
2/5/2015 12:00:00 AM,4/8/2015 12:00:00 AM,31874,13227,18647
2/5/2015 12:00:00 AM,4/9/2015 12:00:00 AM,33064,13827,19237
2/5/2015 12:00:00 AM,4/10/2015 12:00:00 AM,33315,14692,18623
2/5/2015 12:00:00 AM,4/11/2015 12:00:00 AM,39243,16641,22602
2/5/2015 12:00:00 AM,4/12/2015 12:00:00 AM,39117,16920,22197
2/5/2015 12:00:00 AM,4/13/2015 12:00:00 AM,41382,17817,23565
2/5/2015 12:00:00 AM,4/14/2015 12:00:00 AM,38371,16370,22001
2/5/2015 12:00:00 AM,4/15/2015 12:00:00 AM,38378,16445,21933
2/5/2015 12:00:00 AM,4/16/2015 12:00:00 AM,38449,16394,22055
2/5/2015 12:00:00 AM,4/17/2015 12:00:00 AM,38059,16418,21641
2/5/2015 12:00:00 AM,4/18/2015 12:00:00 AM,41309,18124,23185
2/5/2015 12:00:00 AM,4/19/2015 12:00:00 AM,41102,17956,23146
2/5/2015 12:00:00 AM,4/20/2015 12:00:00 AM,41749,18269,23480
2/5/2015 12:00:00 AM,4/21/2015 12:00:00 AM,37627,14525,23102
2/5/2015 12:00:00 AM,4/22/2015 12:00:00 AM,37374,14525,22849
2/5/2015 12:00:00 AM,4/23/2015 12:00:00 AM,37212,14375,22837
2/5/2015 12:00:00 AM,4/24/2015 12:00:00 AM,38247,14789,23458
2/5/2015 12:00:00 AM,4/25/2015 12:00:00 AM,38890,15699,23191
2/5/2015 12:00:00 AM,4/26/2015 12:00:00 AM,36286,15359,20927
2/5/2015 12:00:00 AM,4/27/2015 12:00:00 AM,37420,15126,22294
2/5/2015 12:00:00 AM,4/28/2015 12:00:00 AM,34168,13878,20290
2/5/2015 12:00:00 AM,4/29/2015 12:00:00 AM,31929,13788,18141
2/5/2015 12:00:00 AM,4/30/2015 12:00:00 AM,32347,13459,18888
2/5/2015 12:00:00 AM,5/1/2015 12:00:00 AM,32120,13889,18231
2/5/2015 12:00:00 AM,5/2/2015 12:00:00 AM,34775,16025,18750
2/5/2015 12:00:00 AM,5/3/2015 12:00:00 AM,33664,15213,18451
2/5/2015 12:00:00 AM,5/4/2015 12:00:00 AM,34144,16012,18132
2/5/2015 12:00:00 AM,5/5/2015 12:00:00 AM,29804,14351,15453
2/5/2015 12:00:00 AM,5/6/2015 12:00:00 AM,30603,14351,16252
2/5/2015 12:00:00 AM,5/7/2015 12:00:00 AM,28169,14009,14160
2/4/2015 12:00:00 AM,2/5/2015 12:00:00 AM,3843,1627,2216
2/4/2015 12:00:00 AM,2/6/2015 12:00:00 AM,3843,1627,2216
2/4/2015 12:00:00 AM,2/7/2015 12:00:00 AM,4445,1627,2818
2/4/2015 12:00:00 AM,2/8/2015 12:00:00 AM,4445,1627,2818
2/4/2015 12:00:00 AM,2/9/2015 12:00:00 AM,4327,1627,2700
2/4/2015 12:00:00 AM,2/10/2015 12:00:00 AM,4327,1627,2700
2/4/2015 12:00:00 AM,2/11/2015 12:00:00 AM,4327,1627,2700
2/4/2015 12:00:00 AM,2/12/2015 12:00:00 AM,4294,1627,2667
2/4/2015 12:00:00 AM,2/13/2015 12:00:00 AM,4294,1627,2667
2/4/2015 12:00:00 AM,2/14/2015 12:00:00 AM,5741,2947,2794
2/4/2015 12:00:00 AM,2/15/2015 12:00:00 AM,5957,2947,3010
2/4/2015 12:00:00 AM,2/16/2015 12:00:00 AM,6807,2947,3860
2/4/2015 12:00:00 AM,2/17/2015 12:00:00 AM,7085,3247,3838
2/4/2015 12:00:00 AM,2/18/2015 12:00:00 AM,7085,3247,3838
2/4/2015 12:00:00 AM,2/19/2015 12:00:00 AM,7085,3247,3838
2/4/2015 12:00:00 AM,2/20/2015 12:00:00 AM,7152,3247,3905
2/4/2015 12:00:00 AM,2/21/2015 12:00:00 AM,8032,3582,4450
2/4/2015 12:00:00 AM,2/22/2015 12:00:00 AM,7008,2446,4562
2/4/2015 12:00:00 AM,2/23/2015 12:00:00 AM,6556,2446,4110
2/4/2015 12:00:00 AM,2/24/2015 12:00:00 AM,6556,2446,4110
2/4/2015 12:00:00 AM,2/25/2015 12:00:00 AM,6556,2446,4110
2/4/2015 12:00:00 AM,2/26/2015 12:00:00 AM,6556,2446,4110
2/4/2015 12:00:00 AM,2/27/2015 12:00:00 AM,6625,2446,4179
2/4/2015 12:00:00 AM,2/28/2015 12:00:00 AM,10100,3644,6456
2/4/2015 12:00:00 AM,3/1/2015 12:00:00 AM,13434,4760,8674
2/4/2015 12:00:00 AM,3/2/2015 12:00:00 AM,14416,4959,9457
2/4/2015 12:00:00 AM,3/3/2015 12:00:00 AM,14439,4959,9480
2/4/2015 12:00:00 AM,3/4/2015 12:00:00 AM,14445,4959,9486
2/4/2015 12:00:00 AM,3/5/2015 12:00:00 AM,15085,5462,9623
2/4/2015 12:00:00 AM,3/6/2015 12:00:00 AM,16245,5462,10783
2/4/2015 12:00:00 AM,3/7/2015 12:00:00 AM,19761,6896,12865
2/4/2015 12:00:00 AM,3/8/2015 12:00:00 AM,20694,6896,13798
2/4/2015 12:00:00 AM,3/9/2015 12:00:00 AM,22291,8286,14005
2/4/2015 12:00:00 AM,3/10/2015 12:00:00 AM,22141,8136,14005
2/4/2015 12:00:00 AM,3/11/2015 12:00:00 AM,22461,8286,14175
2/4/2015 12:00:00 AM,3/12/2015 12:00:00 AM,23316,9013,14303
2/4/2015 12:00:00 AM,3/13/2015 12:00:00 AM,23414,8863,14551
2/4/2015 12:00:00 AM,3/14/2015 12:00:00 AM,26228,10250,15978
2/4/2015 12:00:00 AM,3/15/2015 12:00:00 AM,25122,10327,14795
2/4/2015 12:00:00 AM,3/16/2015 12:00:00 AM,25902,10566,15336
2/4/2015 12:00:00 AM,3/17/2015 12:00:00 AM,24842,10692,14150
2/4/2015 12:00:00 AM,3/18/2015 12:00:00 AM,27191,10692,16499
2/4/2015 12:00:00 AM,3/19/2015 12:00:00 AM,26554,10542,16012
2/4/2015 12:00:00 AM,3/20/2015 12:00:00 AM,26612,10592,16020
2/4/2015 12:00:00 AM,3/21/2015 12:00:00 AM,28229,11060,17169
2/4/2015 12:00:00 AM,3/22/2015 12:00:00 AM,27495,11294,16201
2/4/2015 12:00:00 AM,3/23/2015 12:00:00 AM,30093,11785,18308
2/4/2015 12:00:00 AM,3/24/2015 12:00:00 AM,28422,11785,16637
2/4/2015 12:00:00 AM,3/25/2015 12:00:00 AM,29305,12838,16467
2/4/2015 12:00:00 AM,3/26/2015 12:00:00 AM,28396,12388,16008
2/4/2015 12:00:00 AM,3/27/2015 12:00:00 AM,29417,11966,17451
2/4/2015 12:00:00 AM,3/28/2015 12:00:00 AM,32610,12775,19835
2/4/2015 12:00:00 AM,3/29/2015 12:00:00 AM,32594,12808,19786
2/4/2015 12:00:00 AM,3/30/2015 12:00:00 AM,32684,13703,18981
2/4/2015 12:00:00 AM,3/31/2015 12:00:00 AM,31135,12560,18575
2/4/2015 12:00:00 AM,4/1/2015 12:00:00 AM,30968,13237,17731
2/4/2015 12:00:00 AM,4/2/2015 12:00:00 AM,29994,12507,17487
2/4/2015 12:00:00 AM,4/3/2015 12:00:00 AM,30082,12356,17726
2/4/2015 12:00:00 AM,4/4/2015 12:00:00 AM,32047,13046,19001
2/4/2015 12:00:00 AM,4/5/2015 12:00:00 AM,31998,12955,19043
2/4/2015 12:00:00 AM,4/6/2015 12:00:00 AM,32938,13227,19711
2/4/2015 12:00:00 AM,4/7/2015 12:00:00 AM,33839,13227,20612
2/4/2015 12:00:00 AM,4/8/2015 12:00:00 AM,31862,13227,18635
2/4/2015 12:00:00 AM,4/9/2015 12:00:00 AM,33052,13827,19225
2/4/2015 12:00:00 AM,4/10/2015 12:00:00 AM,33256,14692,18564
2/4/2015 12:00:00 AM,4/11/2015 12:00:00 AM,38765,16222,22543
2/4/2015 12:00:00 AM,4/12/2015 12:00:00 AM,38745,16607,22138
2/4/2015 12:00:00 AM,4/13/2015 12:00:00 AM,39822,16316,23506
2/4/2015 12:00:00 AM,4/14/2015 12:00:00 AM,37230,15288,21942
2/4/2015 12:00:00 AM,4/15/2015 12:00:00 AM,37237,15363,21874
2/4/2015 12:00:00 AM,4/16/2015 12:00:00 AM,37308,15312,21996
2/4/2015 12:00:00 AM,4/17/2015 12:00:00 AM,37231,15649,21582
2/4/2015 12:00:00 AM,4/18/2015 12:00:00 AM,40481,17355,23126
2/4/2015 12:00:00 AM,4/19/2015 12:00:00 AM,40274,17187,23087
2/4/2015 12:00:00 AM,4/20/2015 12:00:00 AM,40921,17500,23421
2/4/2015 12:00:00 AM,4/21/2015 12:00:00 AM,36799,13756,23043
2/4/2015 12:00:00 AM,4/22/2015 12:00:00 AM,36546,13756,22790
2/4/2015 12:00:00 AM,4/23/2015 12:00:00 AM,36396,13606,22790
2/4/2015 12:00:00 AM,4/24/2015 12:00:00 AM,37431,14020,23411
2/4/2015 12:00:00 AM,4/25/2015 12:00:00 AM,38074,14930,23144
2/4/2015 12:00:00 AM,4/26/2015 12:00:00 AM,36239,15359,20880
2/4/2015 12:00:00 AM,4/27/2015 12:00:00 AM,36232,13938,22294
2/4/2015 12:00:00 AM,4/28/2015 12:00:00 AM,33749,13459,20290
2/4/2015 12:00:00 AM,4/29/2015 12:00:00 AM,31510,13369,18141
2/4/2015 12:00:00 AM,4/30/2015 12:00:00 AM,32347,13459,18888
2/4/2015 12:00:00 AM,5/1/2015 12:00:00 AM,31963,13470,18493
2/4/2015 12:00:00 AM,5/2/2015 12:00:00 AM,35406,16025,19381
2/4/2015 12:00:00 AM,5/3/2015 12:00:00 AM,34185,15213,18972
2/4/2015 12:00:00 AM,5/4/2015 12:00:00 AM,34315,15662,18653
2/4/2015 12:00:00 AM,5/5/2015 12:00:00 AM,29975,14001,15974
2/4/2015 12:00:00 AM,5/6/2015 12:00:00 AM,31124,14351,16773
2/3/2015 12:00:00 AM,2/4/2015 12:00:00 AM,3864,1627,2237
2/3/2015 12:00:00 AM,2/5/2015 12:00:00 AM,3843,1627,2216
2/3/2015 12:00:00 AM,2/6/2015 12:00:00 AM,3843,1627,2216
2/3/2015 12:00:00 AM,2/7/2015 12:00:00 AM,4445,1627,2818
2/3/2015 12:00:00 AM,2/8/2015 12:00:00 AM,4445,1627,2818
2/3/2015 12:00:00 AM,2/9/2015 12:00:00 AM,4327,1627,2700
2/3/2015 12:00:00 AM,2/10/2015 12:00:00 AM,4327,1627,2700
2/3/2015 12:00:00 AM,2/11/2015 12:00:00 AM,4327,1627,2700
2/3/2015 12:00:00 AM,2/12/2015 12:00:00 AM,4294,1627,2667
2/3/2015 12:00:00 AM,2/13/2015 12:00:00 AM,4294,1627,2667
2/3/2015 12:00:00 AM,2/14/2015 12:00:00 AM,5741,2947,2794
2/3/2015 12:00:00 AM,2/15/2015 12:00:00 AM,5957,2947,3010
2/3/2015 12:00:00 AM,2/16/2015 12:00:00 AM,6807,2947,3860
2/3/2015 12:00:00 AM,2/17/2015 12:00:00 AM,7085,3247,3838
2/3/2015 12:00:00 AM,2/18/2015 12:00:00 AM,7085,3247,3838
2/3/2015 12:00:00 AM,2/19/2015 12:00:00 AM,7085,3247,3838
2/3/2015 12:00:00 AM,2/20/2015 12:00:00 AM,7152,3247,3905
2/3/2015 12:00:00 AM,2/21/2015 12:00:00 AM,8032,3582,4450
2/3/2015 12:00:00 AM,2/22/2015 12:00:00 AM,7008,2446,4562
2/3/2015 12:00:00 AM,2/23/2015 12:00:00 AM,6556,2446,4110
2/3/2015 12:00:00 AM,2/24/2015 12:00:00 AM,6556,2446,4110
2/3/2015 12:00:00 AM,2/25/2015 12:00:00 AM,6556,2446,4110
2/3/2015 12:00:00 AM,2/26/2015 12:00:00 AM,6556,2446,4110
2/3/2015 12:00:00 AM,2/27/2015 12:00:00 AM,6625,2446,4179
2/3/2015 12:00:00 AM,2/28/2015 12:00:00 AM,10100,3644,6456
2/3/2015 12:00:00 AM,3/1/2015 12:00:00 AM,13434,4760,8674
2/3/2015 12:00:00 AM,3/2/2015 12:00:00 AM,14416,4959,9457
2/3/2015 12:00:00 AM,3/3/2015 12:00:00 AM,14439,4959,9480
2/3/2015 12:00:00 AM,3/4/2015 12:00:00 AM,14445,4959,9486
2/3/2015 12:00:00 AM,3/5/2015 12:00:00 AM,15085,5462,9623
2/3/2015 12:00:00 AM,3/6/2015 12:00:00 AM,16245,5462,10783
2/3/2015 12:00:00 AM,3/7/2015 12:00:00 AM,19761,6896,12865
2/3/2015 12:00:00 AM,3/8/2015 12:00:00 AM,20694,6896,13798
2/3/2015 12:00:00 AM,3/9/2015 12:00:00 AM,22291,8286,14005
2/3/2015 12:00:00 AM,3/10/2015 12:00:00 AM,22141,8136,14005
2/3/2015 12:00:00 AM,3/11/2015 12:00:00 AM,22461,8286,14175
2/3/2015 12:00:00 AM,3/12/2015 12:00:00 AM,23316,9013,14303
2/3/2015 12:00:00 AM,3/13/2015 12:00:00 AM,23414,8863,14551
2/3/2015 12:00:00 AM,3/14/2015 12:00:00 AM,26228,10250,15978
2/3/2015 12:00:00 AM,3/15/2015 12:00:00 AM,25122,10327,14795
2/3/2015 12:00:00 AM,3/16/2015 12:00:00 AM,25902,10566,15336
2/3/2015 12:00:00 AM,3/17/2015 12:00:00 AM,24842,10692,14150
2/3/2015 12:00:00 AM,3/18/2015 12:00:00 AM,27191,10692,16499
2/3/2015 12:00:00 AM,3/19/2015 12:00:00 AM,26554,10542,16012
2/3/2015 12:00:00 AM,3/20/2015 12:00:00 AM,26612,10592,16020
2/3/2015 12:00:00 AM,3/21/2015 12:00:00 AM,28229,11060,17169
2/3/2015 12:00:00 AM,3/22/2015 12:00:00 AM,27495,11294,16201
2/3/2015 12:00:00 AM,3/23/2015 12:00:00 AM,30093,11785,18308
2/3/2015 12:00:00 AM,3/24/2015 12:00:00 AM,28422,11785,16637
2/3/2015 12:00:00 AM,3/25/2015 12:00:00 AM,29305,12838,16467
2/3/2015 12:00:00 AM,3/26/2015 12:00:00 AM,28396,12388,16008
2/3/2015 12:00:00 AM,3/27/2015 12:00:00 AM,29417,11966,17451
2/3/2015 12:00:00 AM,3/28/2015 12:00:00 AM,32610,12775,19835
2/3/2015 12:00:00 AM,3/29/2015 12:00:00 AM,32594,12808,19786
2/3/2015 12:00:00 AM,3/30/2015 12:00:00 AM,32684,13703,18981
2/3/2015 12:00:00 AM,3/31/2015 12:00:00 AM,31135,12560,18575
2/3/2015 12:00:00 AM,4/1/2015 12:00:00 AM,30968,13237,17731
2/3/2015 12:00:00 AM,4/2/2015 12:00:00 AM,29994,12507,17487
2/3/2015 12:00:00 AM,4/3/2015 12:00:00 AM,30082,12356,17726
2/3/2015 12:00:00 AM,4/4/2015 12:00:00 AM,32047,13046,19001
2/3/2015 12:00:00 AM,4/5/2015 12:00:00 AM,31998,12955,19043
2/3/2015 12:00:00 AM,4/6/2015 12:00:00 AM,32938,13227,19711
2/3/2015 12:00:00 AM,4/7/2015 12:00:00 AM,33839,13227,20612
2/3/2015 12:00:00 AM,4/8/2015 12:00:00 AM,31862,13227,18635
2/3/2015 12:00:00 AM,4/9/2015 12:00:00 AM,33052,13827,19225
2/3/2015 12:00:00 AM,4/10/2015 12:00:00 AM,33256,14692,18564
2/3/2015 12:00:00 AM,4/11/2015 12:00:00 AM,38765,16222,22543
2/3/2015 12:00:00 AM,4/12/2015 12:00:00 AM,38745,16607,22138
2/3/2015 12:00:00 AM,4/13/2015 12:00:00 AM,39822,16316,23506
2/3/2015 12:00:00 AM,4/14/2015 12:00:00 AM,37230,15288,21942
2/3/2015 12:00:00 AM,4/15/2015 12:00:00 AM,37237,15363,21874
2/3/2015 12:00:00 AM,4/16/2015 12:00:00 AM,37308,15312,21996
2/3/2015 12:00:00 AM,4/17/2015 12:00:00 AM,37231,15649,21582
2/3/2015 12:00:00 AM,4/18/2015 12:00:00 AM,40481,17355,23126
2/3/2015 12:00:00 AM,4/19/2015 12:00:00 AM,40274,17187,23087
2/3/2015 12:00:00 AM,4/20/2015 12:00:00 AM,40921,17500,23421
2/3/2015 12:00:00 AM,4/21/2015 12:00:00 AM,36799,13756,23043
2/3/2015 12:00:00 AM,4/22/2015 12:00:00 AM,36546,13756,22790
2/3/2015 12:00:00 AM,4/23/2015 12:00:00 AM,36396,13606,22790
2/3/2015 12:00:00 AM,4/24/2015 12:00:00 AM,37431,14020,23411
2/3/2015 12:00:00 AM,4/25/2015 12:00:00 AM,38074,14930,23144
2/3/2015 12:00:00 AM,4/26/2015 12:00:00 AM,36239,15359,20880
2/3/2015 12:00:00 AM,4/27/2015 12:00:00 AM,36232,13938,22294
2/3/2015 12:00:00 AM,4/28/2015 12:00:00 AM,33749,13459,20290
2/3/2015 12:00:00 AM,4/29/2015 12:00:00 AM,31510,13369,18141
2/3/2015 12:00:00 AM,4/30/2015 12:00:00 AM,32347,13459,18888
2/3/2015 12:00:00 AM,5/1/2015 12:00:00 AM,31963,13470,18493
2/3/2015 12:00:00 AM,5/2/2015 12:00:00 AM,35406,16025,19381
2/3/2015 12:00:00 AM,5/3/2015 12:00:00 AM,34185,15213,18972
2/3/2015 12:00:00 AM,5/4/2015 12:00:00 AM,34315,15662,18653
2/3/2015 12:00:00 AM,5/5/2015 12:00:00 AM,29975,14001,15974
2/2/2015 12:00:00 AM,2/3/2015 12:00:00 AM,3821,1627,2194
2/2/2015 12:00:00 AM,2/4/2015 12:00:00 AM,3864,1627,2237
2/2/2015 12:00:00 AM,2/5/2015 12:00:00 AM,3843,1627,2216
2/2/2015 12:00:00 AM,2/6/2015 12:00:00 AM,3843,1627,2216
2/2/2015 12:00:00 AM,2/7/2015 12:00:00 AM,4445,1627,2818
2/2/2015 12:00:00 AM,2/8/2015 12:00:00 AM,4445,1627,2818
2/2/2015 12:00:00 AM,2/9/2015 12:00:00 AM,4327,1627,2700
2/2/2015 12:00:00 AM,2/10/2015 12:00:00 AM,4327,1627,2700
2/2/2015 12:00:00 AM,2/11/2015 12:00:00 AM,4327,1627,2700
2/2/2015 12:00:00 AM,2/12/2015 12:00:00 AM,4294,1627,2667
2/2/2015 12:00:00 AM,2/13/2015 12:00:00 AM,4294,1627,2667
2/2/2015 12:00:00 AM,2/14/2015 12:00:00 AM,5741,2947,2794
2/2/2015 12:00:00 AM,2/15/2015 12:00:00 AM,5957,2947,3010
2/2/2015 12:00:00 AM,2/16/2015 12:00:00 AM,6807,2947,3860
2/2/2015 12:00:00 AM,2/17/2015 12:00:00 AM,7085,3247,3838
2/2/2015 12:00:00 AM,2/18/2015 12:00:00 AM,7085,3247,3838
2/2/2015 12:00:00 AM,2/19/2015 12:00:00 AM,7085,3247,3838
2/2/2015 12:00:00 AM,2/20/2015 12:00:00 AM,7152,3247,3905
2/2/2015 12:00:00 AM,2/21/2015 12:00:00 AM,8032,3582,4450
2/2/2015 12:00:00 AM,2/22/2015 12:00:00 AM,6995,2446,4549
2/2/2015 12:00:00 AM,2/23/2015 12:00:00 AM,6556,2446,4110
2/2/2015 12:00:00 AM,2/24/2015 12:00:00 AM,6556,2446,4110
2/2/2015 12:00:00 AM,2/25/2015 12:00:00 AM,6556,2446,4110
2/2/2015 12:00:00 AM,2/26/2015 12:00:00 AM,6556,2446,4110
2/2/2015 12:00:00 AM,2/27/2015 12:00:00 AM,6625,2446,4179
2/2/2015 12:00:00 AM,2/28/2015 12:00:00 AM,10385,3644,6741
2/2/2015 12:00:00 AM,3/1/2015 12:00:00 AM,13839,4760,9079
2/2/2015 12:00:00 AM,3/2/2015 12:00:00 AM,14821,4959,9862
2/2/2015 12:00:00 AM,3/3/2015 12:00:00 AM,14844,4959,9885
2/2/2015 12:00:00 AM,3/4/2015 12:00:00 AM,14850,4959,9891
2/2/2015 12:00:00 AM,3/5/2015 12:00:00 AM,15490,5462,10028
2/2/2015 12:00:00 AM,3/6/2015 12:00:00 AM,16650,5462,11188
2/2/2015 12:00:00 AM,3/7/2015 12:00:00 AM,19376,6106,13270
2/2/2015 12:00:00 AM,3/8/2015 12:00:00 AM,20322,6106,14216
2/2/2015 12:00:00 AM,3/9/2015 12:00:00 AM,21906,7496,14410
2/2/2015 12:00:00 AM,3/10/2015 12:00:00 AM,21756,7346,14410
2/2/2015 12:00:00 AM,3/11/2015 12:00:00 AM,22076,7496,14580
2/2/2015 12:00:00 AM,3/12/2015 12:00:00 AM,22931,8223,14708
2/2/2015 12:00:00 AM,3/13/2015 12:00:00 AM,23029,8073,14956
2/2/2015 12:00:00 AM,3/14/2015 12:00:00 AM,25678,9460,16218
2/2/2015 12:00:00 AM,3/15/2015 12:00:00 AM,24572,9537,15035
2/2/2015 12:00:00 AM,3/16/2015 12:00:00 AM,25352,9776,15576
2/2/2015 12:00:00 AM,3/17/2015 12:00:00 AM,24292,9902,14390
2/2/2015 12:00:00 AM,3/18/2015 12:00:00 AM,26641,9902,16739
2/2/2015 12:00:00 AM,3/19/2015 12:00:00 AM,26004,9752,16252
2/2/2015 12:00:00 AM,3/20/2015 12:00:00 AM,26062,9802,16260
2/2/2015 12:00:00 AM,3/21/2015 12:00:00 AM,27679,10270,17409
2/2/2015 12:00:00 AM,3/22/2015 12:00:00 AM,26945,10504,16441
2/2/2015 12:00:00 AM,3/23/2015 12:00:00 AM,29543,10995,18548
2/2/2015 12:00:00 AM,3/24/2015 12:00:00 AM,27872,10995,16877
2/2/2015 12:00:00 AM,3/25/2015 12:00:00 AM,28755,12048,16707
2/2/2015 12:00:00 AM,3/26/2015 12:00:00 AM,27846,11598,16248
2/2/2015 12:00:00 AM,3/27/2015 12:00:00 AM,28867,11176,17691
2/2/2015 12:00:00 AM,3/28/2015 12:00:00 AM,32060,11985,20075
2/2/2015 12:00:00 AM,3/29/2015 12:00:00 AM,32044,12018,20026
2/2/2015 12:00:00 AM,3/30/2015 12:00:00 AM,32134,12913,19221
2/2/2015 12:00:00 AM,3/31/2015 12:00:00 AM,30585,11770,18815
2/2/2015 12:00:00 AM,4/1/2015 12:00:00 AM,30418,12447,17971
2/2/2015 12:00:00 AM,4/2/2015 12:00:00 AM,29444,11717,17727
2/2/2015 12:00:00 AM,4/3/2015 12:00:00 AM,29532,11566,17966
2/2/2015 12:00:00 AM,4/4/2015 12:00:00 AM,31497,12256,19241
2/2/2015 12:00:00 AM,4/5/2015 12:00:00 AM,31448,12165,19283
2/2/2015 12:00:00 AM,4/6/2015 12:00:00 AM,32388,12437,19951
2/2/2015 12:00:00 AM,4/7/2015 12:00:00 AM,33289,12437,20852
2/2/2015 12:00:00 AM,4/8/2015 12:00:00 AM,31312,12437,18875
2/2/2015 12:00:00 AM,4/9/2015 12:00:00 AM,32502,13037,19465
2/2/2015 12:00:00 AM,4/10/2015 12:00:00 AM,32706,13902,18804
2/2/2015 12:00:00 AM,4/11/2015 12:00:00 AM,38095,15432,22663
2/2/2015 12:00:00 AM,4/12/2015 12:00:00 AM,38075,15817,22258
2/2/2015 12:00:00 AM,4/13/2015 12:00:00 AM,38987,15526,23461
2/2/2015 12:00:00 AM,4/14/2015 12:00:00 AM,36395,14498,21897
2/2/2015 12:00:00 AM,4/15/2015 12:00:00 AM,36402,14573,21829
2/2/2015 12:00:00 AM,4/16/2015 12:00:00 AM,36473,14522,21951
2/2/2015 12:00:00 AM,4/17/2015 12:00:00 AM,36396,14859,21537
2/2/2015 12:00:00 AM,4/18/2015 12:00:00 AM,39646,16565,23081
2/2/2015 12:00:00 AM,4/19/2015 12:00:00 AM,39439,16397,23042
2/2/2015 12:00:00 AM,4/20/2015 12:00:00 AM,40086,16710,23376
2/2/2015 12:00:00 AM,4/21/2015 12:00:00 AM,35964,12966,22998
2/2/2015 12:00:00 AM,4/22/2015 12:00:00 AM,35711,12966,22745
2/2/2015 12:00:00 AM,4/23/2015 12:00:00 AM,35561,12816,22745
2/2/2015 12:00:00 AM,4/24/2015 12:00:00 AM,36596,13230,23366
2/2/2015 12:00:00 AM,4/25/2015 12:00:00 AM,37239,14140,23099
2/2/2015 12:00:00 AM,4/26/2015 12:00:00 AM,35404,14569,20835
2/2/2015 12:00:00 AM,4/27/2015 12:00:00 AM,35442,13148,22294
2/2/2015 12:00:00 AM,4/28/2015 12:00:00 AM,32959,12669,20290
2/2/2015 12:00:00 AM,4/29/2015 12:00:00 AM,30720,12579,18141
2/2/2015 12:00:00 AM,4/30/2015 12:00:00 AM,31557,12669,18888
2/2/2015 12:00:00 AM,5/1/2015 12:00:00 AM,31173,12680,18493
2/2/2015 12:00:00 AM,5/2/2015 12:00:00 AM,34496,15235,19261
2/2/2015 12:00:00 AM,5/3/2015 12:00:00 AM,33275,14423,18852
2/2/2015 12:00:00 AM,5/4/2015 12:00:00 AM,33405,14872,18533
2/1/2015 12:00:00 AM,2/2/2015 12:00:00 AM,3862,1627,2235
2/1/2015 12:00:00 AM,2/3/2015 12:00:00 AM,3821,1627,2194
2/1/2015 12:00:00 AM,2/4/2015 12:00:00 AM,3864,1627,2237
2/1/2015 12:00:00 AM,2/5/2015 12:00:00 AM,3843,1627,2216
2/1/2015 12:00:00 AM,2/6/2015 12:00:00 AM,3843,1627,2216
2/1/2015 12:00:00 AM,2/7/2015 12:00:00 AM,4445,1627,2818
2/1/2015 12:00:00 AM,2/8/2015 12:00:00 AM,4445,1627,2818
2/1/2015 12:00:00 AM,2/9/2015 12:00:00 AM,4327,1627,2700
2/1/2015 12:00:00 AM,2/10/2015 12:00:00 AM,4327,1627,2700
2/1/2015 12:00:00 AM,2/11/2015 12:00:00 AM,4327,1627,2700
2/1/2015 12:00:00 AM,2/12/2015 12:00:00 AM,4294,1627,2667
2/1/2015 12:00:00 AM,2/13/2015 12:00:00 AM,4294,1627,2667
2/1/2015 12:00:00 AM,2/14/2015 12:00:00 AM,5741,2947,2794
2/1/2015 12:00:00 AM,2/15/2015 12:00:00 AM,5957,2947,3010
2/1/2015 12:00:00 AM,2/16/2015 12:00:00 AM,6807,2947,3860
2/1/2015 12:00:00 AM,2/17/2015 12:00:00 AM,7085,3247,3838
2/1/2015 12:00:00 AM,2/18/2015 12:00:00 AM,7085,3247,3838
2/1/2015 12:00:00 AM,2/19/2015 12:00:00 AM,7085,3247,3838
2/1/2015 12:00:00 AM,2/20/2015 12:00:00 AM,7152,3247,3905
2/1/2015 12:00:00 AM,2/21/2015 12:00:00 AM,8032,3582,4450
2/1/2015 12:00:00 AM,2/22/2015 12:00:00 AM,6995,2446,4549
2/1/2015 12:00:00 AM,2/23/2015 12:00:00 AM,6556,2446,4110
2/1/2015 12:00:00 AM,2/24/2015 12:00:00 AM,6556,2446,4110
2/1/2015 12:00:00 AM,2/25/2015 12:00:00 AM,6556,2446,4110
2/1/2015 12:00:00 AM,2/26/2015 12:00:00 AM,6556,2446,4110
2/1/2015 12:00:00 AM,2/27/2015 12:00:00 AM,6625,2446,4179
2/1/2015 12:00:00 AM,2/28/2015 12:00:00 AM,10385,3644,6741
2/1/2015 12:00:00 AM,3/1/2015 12:00:00 AM,13839,4760,9079
2/1/2015 12:00:00 AM,3/2/2015 12:00:00 AM,14821,4959,9862
2/1/2015 12:00:00 AM,3/3/2015 12:00:00 AM,14844,4959,9885
2/1/2015 12:00:00 AM,3/4/2015 12:00:00 AM,14850,4959,9891
2/1/2015 12:00:00 AM,3/5/2015 12:00:00 AM,15490,5462,10028
2/1/2015 12:00:00 AM,3/6/2015 12:00:00 AM,16650,5462,11188
2/1/2015 12:00:00 AM,3/7/2015 12:00:00 AM,19376,6106,13270
2/1/2015 12:00:00 AM,3/8/2015 12:00:00 AM,20322,6106,14216
2/1/2015 12:00:00 AM,3/9/2015 12:00:00 AM,21906,7496,14410
2/1/2015 12:00:00 AM,3/10/2015 12:00:00 AM,21756,7346,14410
2/1/2015 12:00:00 AM,3/11/2015 12:00:00 AM,22076,7496,14580
2/1/2015 12:00:00 AM,3/12/2015 12:00:00 AM,22931,8223,14708
2/1/2015 12:00:00 AM,3/13/2015 12:00:00 AM,23029,8073,14956
2/1/2015 12:00:00 AM,3/14/2015 12:00:00 AM,25678,9460,16218
2/1/2015 12:00:00 AM,3/15/2015 12:00:00 AM,24572,9537,15035
2/1/2015 12:00:00 AM,3/16/2015 12:00:00 AM,25352,9776,15576
2/1/2015 12:00:00 AM,3/17/2015 12:00:00 AM,24292,9902,14390
2/1/2015 12:00:00 AM,3/18/2015 12:00:00 AM,26641,9902,16739
2/1/2015 12:00:00 AM,3/19/2015 12:00:00 AM,26004,9752,16252
2/1/2015 12:00:00 AM,3/20/2015 12:00:00 AM,26062,9802,16260
2/1/2015 12:00:00 AM,3/21/2015 12:00:00 AM,27679,10270,17409
2/1/2015 12:00:00 AM,3/22/2015 12:00:00 AM,26945,10504,16441
2/1/2015 12:00:00 AM,3/23/2015 12:00:00 AM,29543,10995,18548
2/1/2015 12:00:00 AM,3/24/2015 12:00:00 AM,27872,10995,16877
2/1/2015 12:00:00 AM,3/25/2015 12:00:00 AM,28755,12048,16707
2/1/2015 12:00:00 AM,3/26/2015 12:00:00 AM,27846,11598,16248
2/1/2015 12:00:00 AM,3/27/2015 12:00:00 AM,28867,11176,17691
2/1/2015 12:00:00 AM,3/28/2015 12:00:00 AM,32060,11985,20075
2/1/2015 12:00:00 AM,3/29/2015 12:00:00 AM,32044,12018,20026
2/1/2015 12:00:00 AM,3/30/2015 12:00:00 AM,32134,12913,19221
2/1/2015 12:00:00 AM,3/31/2015 12:00:00 AM,30585,11770,18815
2/1/2015 12:00:00 AM,4/1/2015 12:00:00 AM,30418,12447,17971
2/1/2015 12:00:00 AM,4/2/2015 12:00:00 AM,29444,11717,17727
2/1/2015 12:00:00 AM,4/3/2015 12:00:00 AM,29532,11566,17966
2/1/2015 12:00:00 AM,4/4/2015 12:00:00 AM,31497,12256,19241
2/1/2015 12:00:00 AM,4/5/2015 12:00:00 AM,31448,12165,19283
2/1/2015 12:00:00 AM,4/6/2015 12:00:00 AM,32388,12437,19951
2/1/2015 12:00:00 AM,4/7/2015 12:00:00 AM,33289,12437,20852
2/1/2015 12:00:00 AM,4/8/2015 12:00:00 AM,31312,12437,18875
2/1/2015 12:00:00 AM,4/9/2015 12:00:00 AM,32502,13037,19465
2/1/2015 12:00:00 AM,4/10/2015 12:00:00 AM,32706,13902,18804
2/1/2015 12:00:00 AM,4/11/2015 12:00:00 AM,38095,15432,22663
2/1/2015 12:00:00 AM,4/12/2015 12:00:00 AM,38075,15817,22258
2/1/2015 12:00:00 AM,4/13/2015 12:00:00 AM,38987,15526,23461
2/1/2015 12:00:00 AM,4/14/2015 12:00:00 AM,36395,14498,21897
2/1/2015 12:00:00 AM,4/15/2015 12:00:00 AM,36402,14573,21829
2/1/2015 12:00:00 AM,4/16/2015 12:00:00 AM,36473,14522,21951
2/1/2015 12:00:00 AM,4/17/2015 12:00:00 AM,36396,14859,21537
2/1/2015 12:00:00 AM,4/18/2015 12:00:00 AM,39646,16565,23081
2/1/2015 12:00:00 AM,4/19/2015 12:00:00 AM,39439,16397,23042
2/1/2015 12:00:00 AM,4/20/2015 12:00:00 AM,40086,16710,23376
2/1/2015 12:00:00 AM,4/21/2015 12:00:00 AM,35964,12966,22998
2/1/2015 12:00:00 AM,4/22/2015 12:00:00 AM,35711,12966,22745
2/1/2015 12:00:00 AM,4/23/2015 12:00:00 AM,35561,12816,22745
2/1/2015 12:00:00 AM,4/24/2015 12:00:00 AM,36596,13230,23366
2/1/2015 12:00:00 AM,4/25/2015 12:00:00 AM,37239,14140,23099
2/1/2015 12:00:00 AM,4/26/2015 12:00:00 AM,35404,14569,20835
2/1/2015 12:00:00 AM,4/27/2015 12:00:00 AM,35442,13148,22294
2/1/2015 12:00:00 AM,4/28/2015 12:00:00 AM,32959,12669,20290
2/1/2015 12:00:00 AM,4/29/2015 12:00:00 AM,30720,12579,18141
2/1/2015 12:00:00 AM,4/30/2015 12:00:00 AM,31557,12669,18888
2/1/2015 12:00:00 AM,5/1/2015 12:00:00 AM,31173,12680,18493
2/1/2015 12:00:00 AM,5/2/2015 12:00:00 AM,34496,15235,19261
2/1/2015 12:00:00 AM,5/3/2015 12:00:00 AM,33275,14423,18852
1/31/2015 12:00:00 AM,2/1/2015 12:00:00 AM,3862,1627,2235
1/31/2015 12:00:00 AM,2/2/2015 12:00:00 AM,3862,1627,2235
1/31/2015 12:00:00 AM,2/3/2015 12:00:00 AM,3821,1627,2194
1/31/2015 12:00:00 AM,2/4/2015 12:00:00 AM,3864,1627,2237
1/31/2015 12:00:00 AM,2/5/2015 12:00:00 AM,3843,1627,2216
1/31/2015 12:00:00 AM,2/6/2015 12:00:00 AM,3843,1627,2216
1/31/2015 12:00:00 AM,2/7/2015 12:00:00 AM,4445,1627,2818
1/31/2015 12:00:00 AM,2/8/2015 12:00:00 AM,4445,1627,2818
1/31/2015 12:00:00 AM,2/9/2015 12:00:00 AM,4327,1627,2700
1/31/2015 12:00:00 AM,2/10/2015 12:00:00 AM,4327,1627,2700
1/31/2015 12:00:00 AM,2/11/2015 12:00:00 AM,4327,1627,2700
1/31/2015 12:00:00 AM,2/12/2015 12:00:00 AM,4294,1627,2667
1/31/2015 12:00:00 AM,2/13/2015 12:00:00 AM,4294,1627,2667
1/31/2015 12:00:00 AM,2/14/2015 12:00:00 AM,5741,2947,2794
1/31/2015 12:00:00 AM,2/15/2015 12:00:00 AM,5957,2947,3010
1/31/2015 12:00:00 AM,2/16/2015 12:00:00 AM,6807,2947,3860
1/31/2015 12:00:00 AM,2/17/2015 12:00:00 AM,7085,3247,3838
1/31/2015 12:00:00 AM,2/18/2015 12:00:00 AM,7085,3247,3838
1/31/2015 12:00:00 AM,2/19/2015 12:00:00 AM,7085,3247,3838
1/31/2015 12:00:00 AM,2/20/2015 12:00:00 AM,7152,3247,3905
1/31/2015 12:00:00 AM,2/21/2015 12:00:00 AM,8032,3582,4450
1/31/2015 12:00:00 AM,2/22/2015 12:00:00 AM,6995,2446,4549
1/31/2015 12:00:00 AM,2/23/2015 12:00:00 AM,6556,2446,4110
1/31/2015 12:00:00 AM,2/24/2015 12:00:00 AM,6556,2446,4110
1/31/2015 12:00:00 AM,2/25/2015 12:00:00 AM,6556,2446,4110
1/31/2015 12:00:00 AM,2/26/2015 12:00:00 AM,6556,2446,4110
1/31/2015 12:00:00 AM,2/27/2015 12:00:00 AM,6625,2446,4179
1/31/2015 12:00:00 AM,2/28/2015 12:00:00 AM,10385,3644,6741
1/31/2015 12:00:00 AM,3/1/2015 12:00:00 AM,13839,4760,9079
1/31/2015 12:00:00 AM,3/2/2015 12:00:00 AM,14821,4959,9862
1/31/2015 12:00:00 AM,3/3/2015 12:00:00 AM,14844,4959,9885
1/31/2015 12:00:00 AM,3/4/2015 12:00:00 AM,14850,4959,9891
1/31/2015 12:00:00 AM,3/5/2015 12:00:00 AM,15490,5462,10028
1/31/2015 12:00:00 AM,3/6/2015 12:00:00 AM,16650,5462,11188
1/31/2015 12:00:00 AM,3/7/2015 12:00:00 AM,19376,6106,13270
1/31/2015 12:00:00 AM,3/8/2015 12:00:00 AM,20322,6106,14216
1/31/2015 12:00:00 AM,3/9/2015 12:00:00 AM,21906,7496,14410
1/31/2015 12:00:00 AM,3/10/2015 12:00:00 AM,21756,7346,14410
1/31/2015 12:00:00 AM,3/11/2015 12:00:00 AM,22076,7496,14580
1/31/2015 12:00:00 AM,3/12/2015 12:00:00 AM,22931,8223,14708
1/31/2015 12:00:00 AM,3/13/2015 12:00:00 AM,23029,8073,14956
1/31/2015 12:00:00 AM,3/14/2015 12:00:00 AM,25678,9460,16218
1/31/2015 12:00:00 AM,3/15/2015 12:00:00 AM,24572,9537,15035
1/31/2015 12:00:00 AM,3/16/2015 12:00:00 AM,25352,9776,15576
1/31/2015 12:00:00 AM,3/17/2015 12:00:00 AM,24292,9902,14390
1/31/2015 12:00:00 AM,3/18/2015 12:00:00 AM,26641,9902,16739
1/31/2015 12:00:00 AM,3/19/2015 12:00:00 AM,26004,9752,16252
1/31/2015 12:00:00 AM,3/20/2015 12:00:00 AM,26062,9802,16260
1/31/2015 12:00:00 AM,3/21/2015 12:00:00 AM,27679,10270,17409
1/31/2015 12:00:00 AM,3/22/2015 12:00:00 AM,26945,10504,16441
1/31/2015 12:00:00 AM,3/23/2015 12:00:00 AM,29543,10995,18548
1/31/2015 12:00:00 AM,3/24/2015 12:00:00 AM,27872,10995,16877
1/31/2015 12:00:00 AM,3/25/2015 12:00:00 AM,28755,12048,16707
1/31/2015 12:00:00 AM,3/26/2015 12:00:00 AM,27846,11598,16248
1/31/2015 12:00:00 AM,3/27/2015 12:00:00 AM,28867,11176,17691
1/31/2015 12:00:00 AM,3/28/2015 12:00:00 AM,32060,11985,20075
1/31/2015 12:00:00 AM,3/29/2015 12:00:00 AM,32044,12018,20026
1/31/2015 12:00:00 AM,3/30/2015 12:00:00 AM,32134,12913,19221
1/31/2015 12:00:00 AM,3/31/2015 12:00:00 AM,30585,11770,18815
1/31/2015 12:00:00 AM,4/1/2015 12:00:00 AM,30418,12447,17971
1/31/2015 12:00:00 AM,4/2/2015 12:00:00 AM,29444,11717,17727
1/31/2015 12:00:00 AM,4/3/2015 12:00:00 AM,29532,11566,17966
1/31/2015 12:00:00 AM,4/4/2015 12:00:00 AM,31497,12256,19241
1/31/2015 12:00:00 AM,4/5/2015 12:00:00 AM,31448,12165,19283
1/31/2015 12:00:00 AM,4/6/2015 12:00:00 AM,32388,12437,19951
1/31/2015 12:00:00 AM,4/7/2015 12:00:00 AM,33289,12437,20852
1/31/2015 12:00:00 AM,4/8/2015 12:00:00 AM,31312,12437,18875
1/31/2015 12:00:00 AM,4/9/2015 12:00:00 AM,32502,13037,19465
1/31/2015 12:00:00 AM,4/10/2015 12:00:00 AM,32706,13902,18804
1/31/2015 12:00:00 AM,4/11/2015 12:00:00 AM,37325,14662,22663
1/31/2015 12:00:00 AM,4/12/2015 12:00:00 AM,37305,15047,22258
1/31/2015 12:00:00 AM,4/13/2015 12:00:00 AM,38217,14756,23461
1/31/2015 12:00:00 AM,4/14/2015 12:00:00 AM,35625,13728,21897
1/31/2015 12:00:00 AM,4/15/2015 12:00:00 AM,35632,13803,21829
1/31/2015 12:00:00 AM,4/16/2015 12:00:00 AM,35703,13752,21951
1/31/2015 12:00:00 AM,4/17/2015 12:00:00 AM,35626,14089,21537
1/31/2015 12:00:00 AM,4/18/2015 12:00:00 AM,38876,15795,23081
1/31/2015 12:00:00 AM,4/19/2015 12:00:00 AM,38669,15627,23042
1/31/2015 12:00:00 AM,4/20/2015 12:00:00 AM,39316,15940,23376
1/31/2015 12:00:00 AM,4/21/2015 12:00:00 AM,35194,12196,22998
1/31/2015 12:00:00 AM,4/22/2015 12:00:00 AM,34941,12196,22745
1/31/2015 12:00:00 AM,4/23/2015 12:00:00 AM,34791,12046,22745
1/31/2015 12:00:00 AM,4/24/2015 12:00:00 AM,35826,12460,23366
1/31/2015 12:00:00 AM,4/25/2015 12:00:00 AM,36469,13370,23099
1/31/2015 12:00:00 AM,4/26/2015 12:00:00 AM,34634,13799,20835
1/31/2015 12:00:00 AM,4/27/2015 12:00:00 AM,34672,12378,22294
1/31/2015 12:00:00 AM,4/28/2015 12:00:00 AM,32189,11899,20290
1/31/2015 12:00:00 AM,4/29/2015 12:00:00 AM,29950,11809,18141
1/31/2015 12:00:00 AM,4/30/2015 12:00:00 AM,30787,11899,18888
1/31/2015 12:00:00 AM,5/1/2015 12:00:00 AM,30403,11910,18493
1/31/2015 12:00:00 AM,5/2/2015 12:00:00 AM,33726,14465,19261
1/30/2015 12:00:00 AM,1/31/2015 12:00:00 AM,2495,761,1734
1/30/2015 12:00:00 AM,2/1/2015 12:00:00 AM,3862,1627,2235
1/30/2015 12:00:00 AM,2/2/2015 12:00:00 AM,3966,1627,2339
1/30/2015 12:00:00 AM,2/3/2015 12:00:00 AM,3925,1627,2298
1/30/2015 12:00:00 AM,2/4/2015 12:00:00 AM,3968,1627,2341
1/30/2015 12:00:00 AM,2/5/2015 12:00:00 AM,3947,1627,2320
1/30/2015 12:00:00 AM,2/6/2015 12:00:00 AM,3947,1627,2320
1/30/2015 12:00:00 AM,2/7/2015 12:00:00 AM,4549,1627,2922
1/30/2015 12:00:00 AM,2/8/2015 12:00:00 AM,4549,1627,2922
1/30/2015 12:00:00 AM,2/9/2015 12:00:00 AM,4431,1627,2804
1/30/2015 12:00:00 AM,2/10/2015 12:00:00 AM,4431,1627,2804
1/30/2015 12:00:00 AM,2/11/2015 12:00:00 AM,4431,1627,2804
1/30/2015 12:00:00 AM,2/12/2015 12:00:00 AM,4398,1627,2771
1/30/2015 12:00:00 AM,2/13/2015 12:00:00 AM,4398,1627,2771
1/30/2015 12:00:00 AM,2/14/2015 12:00:00 AM,5845,2947,2898
1/30/2015 12:00:00 AM,2/15/2015 12:00:00 AM,6061,2947,3114
1/30/2015 12:00:00 AM,2/16/2015 12:00:00 AM,6923,2947,3976
1/30/2015 12:00:00 AM,2/17/2015 12:00:00 AM,7201,3247,3954
1/30/2015 12:00:00 AM,2/18/2015 12:00:00 AM,7201,3247,3954
1/30/2015 12:00:00 AM,2/19/2015 12:00:00 AM,7201,3247,3954
1/30/2015 12:00:00 AM,2/20/2015 12:00:00 AM,7268,3247,4021
1/30/2015 12:00:00 AM,2/21/2015 12:00:00 AM,8148,3582,4566
1/30/2015 12:00:00 AM,2/22/2015 12:00:00 AM,7111,2446,4665
1/30/2015 12:00:00 AM,2/23/2015 12:00:00 AM,6568,2446,4122
1/30/2015 12:00:00 AM,2/24/2015 12:00:00 AM,6568,2446,4122
1/30/2015 12:00:00 AM,2/25/2015 12:00:00 AM,6568,2446,4122
1/30/2015 12:00:00 AM,2/26/2015 12:00:00 AM,6568,2446,4122
1/30/2015 12:00:00 AM,2/27/2015 12:00:00 AM,6637,2446,4191
1/30/2015 12:00:00 AM,2/28/2015 12:00:00 AM,10385,3644,6741
1/30/2015 12:00:00 AM,3/1/2015 12:00:00 AM,13839,4760,9079
1/30/2015 12:00:00 AM,3/2/2015 12:00:00 AM,14821,4959,9862
1/30/2015 12:00:00 AM,3/3/2015 12:00:00 AM,14844,4959,9885
1/30/2015 12:00:00 AM,3/4/2015 12:00:00 AM,14850,4959,9891
1/30/2015 12:00:00 AM,3/5/2015 12:00:00 AM,15490,5462,10028
1/30/2015 12:00:00 AM,3/6/2015 12:00:00 AM,16650,5462,11188
1/30/2015 12:00:00 AM,3/7/2015 12:00:00 AM,20166,6896,13270
1/30/2015 12:00:00 AM,3/8/2015 12:00:00 AM,21112,6896,14216
1/30/2015 12:00:00 AM,3/9/2015 12:00:00 AM,22696,8286,14410
1/30/2015 12:00:00 AM,3/10/2015 12:00:00 AM,22546,8136,14410
1/30/2015 12:00:00 AM,3/11/2015 12:00:00 AM,22866,8286,14580
1/30/2015 12:00:00 AM,3/12/2015 12:00:00 AM,23721,9013,14708
1/30/2015 12:00:00 AM,3/13/2015 12:00:00 AM,23819,8863,14956
1/30/2015 12:00:00 AM,3/14/2015 12:00:00 AM,26468,10250,16218
1/30/2015 12:00:00 AM,3/15/2015 12:00:00 AM,25362,10327,15035
1/30/2015 12:00:00 AM,3/16/2015 12:00:00 AM,26142,10566,15576
1/30/2015 12:00:00 AM,3/17/2015 12:00:00 AM,25082,10692,14390
1/30/2015 12:00:00 AM,3/18/2015 12:00:00 AM,27431,10692,16739
1/30/2015 12:00:00 AM,3/19/2015 12:00:00 AM,26794,10542,16252
1/30/2015 12:00:00 AM,3/20/2015 12:00:00 AM,26852,10592,16260
1/30/2015 12:00:00 AM,3/21/2015 12:00:00 AM,28468,11060,17408
1/30/2015 12:00:00 AM,3/22/2015 12:00:00 AM,27461,10986,16475
1/30/2015 12:00:00 AM,3/23/2015 12:00:00 AM,30333,11785,18548
1/30/2015 12:00:00 AM,3/24/2015 12:00:00 AM,28662,11785,16877
1/30/2015 12:00:00 AM,3/25/2015 12:00:00 AM,29545,12838,16707
1/30/2015 12:00:00 AM,3/26/2015 12:00:00 AM,28686,12438,16248
1/30/2015 12:00:00 AM,3/27/2015 12:00:00 AM,29657,11966,17691
1/30/2015 12:00:00 AM,3/28/2015 12:00:00 AM,32850,12775,20075
1/30/2015 12:00:00 AM,3/29/2015 12:00:00 AM,32681,12655,20026
1/30/2015 12:00:00 AM,3/30/2015 12:00:00 AM,32771,13550,19221
1/30/2015 12:00:00 AM,3/31/2015 12:00:00 AM,31222,12407,18815
1/30/2015 12:00:00 AM,4/1/2015 12:00:00 AM,31055,13084,17971
1/30/2015 12:00:00 AM,4/2/2015 12:00:00 AM,30112,12194,17918
1/30/2015 12:00:00 AM,4/3/2015 12:00:00 AM,30200,12043,18157
1/30/2015 12:00:00 AM,4/4/2015 12:00:00 AM,32236,12733,19503
1/30/2015 12:00:00 AM,4/5/2015 12:00:00 AM,32187,12642,19545
1/30/2015 12:00:00 AM,4/6/2015 12:00:00 AM,33440,13227,20213
1/30/2015 12:00:00 AM,4/7/2015 12:00:00 AM,34341,13227,21114
1/30/2015 12:00:00 AM,4/8/2015 12:00:00 AM,32364,13227,19137
1/30/2015 12:00:00 AM,4/9/2015 12:00:00 AM,33554,13827,19727
1/30/2015 12:00:00 AM,4/10/2015 12:00:00 AM,33758,14692,19066
1/30/2015 12:00:00 AM,4/11/2015 12:00:00 AM,39147,16222,22925
1/30/2015 12:00:00 AM,4/12/2015 12:00:00 AM,38936,16607,22329
1/30/2015 12:00:00 AM,4/13/2015 12:00:00 AM,39848,16316,23532
1/30/2015 12:00:00 AM,4/14/2015 12:00:00 AM,37256,15288,21968
1/30/2015 12:00:00 AM,4/15/2015 12:00:00 AM,37263,15363,21900
1/30/2015 12:00:00 AM,4/16/2015 12:00:00 AM,37334,15312,22022
1/30/2015 12:00:00 AM,4/17/2015 12:00:00 AM,37257,15649,21608
1/30/2015 12:00:00 AM,4/18/2015 12:00:00 AM,40507,17355,23152
1/30/2015 12:00:00 AM,4/19/2015 12:00:00 AM,40300,17187,23113
1/30/2015 12:00:00 AM,4/20/2015 12:00:00 AM,40947,17500,23447
1/30/2015 12:00:00 AM,4/21/2015 12:00:00 AM,36825,13756,23069
1/30/2015 12:00:00 AM,4/22/2015 12:00:00 AM,36572,13756,22816
1/30/2015 12:00:00 AM,4/23/2015 12:00:00 AM,36422,13606,22816
1/30/2015 12:00:00 AM,4/24/2015 12:00:00 AM,37457,14020,23437
1/30/2015 12:00:00 AM,4/25/2015 12:00:00 AM,38029,14930,23099
1/30/2015 12:00:00 AM,4/26/2015 12:00:00 AM,36194,15359,20835
1/30/2015 12:00:00 AM,4/27/2015 12:00:00 AM,36232,13938,22294
1/30/2015 12:00:00 AM,4/28/2015 12:00:00 AM,33749,13459,20290
1/30/2015 12:00:00 AM,4/29/2015 12:00:00 AM,31510,13369,18141
1/30/2015 12:00:00 AM,4/30/2015 12:00:00 AM,32381,13459,18922
1/30/2015 12:00:00 AM,5/1/2015 12:00:00 AM,31928,13470,18458
1/29/2015 12:00:00 AM,1/30/2015 12:00:00 AM,1938,491,1447
1/29/2015 12:00:00 AM,1/31/2015 12:00:00 AM,2495,761,1734
1/29/2015 12:00:00 AM,2/1/2015 12:00:00 AM,3862,1627,2235
1/29/2015 12:00:00 AM,2/2/2015 12:00:00 AM,3966,1627,2339
1/29/2015 12:00:00 AM,2/3/2015 12:00:00 AM,3925,1627,2298
1/29/2015 12:00:00 AM,2/4/2015 12:00:00 AM,3968,1627,2341
1/29/2015 12:00:00 AM,2/5/2015 12:00:00 AM,3947,1627,2320
1/29/2015 12:00:00 AM,2/6/2015 12:00:00 AM,3947,1627,2320
1/29/2015 12:00:00 AM,2/7/2015 12:00:00 AM,4549,1627,2922
1/29/2015 12:00:00 AM,2/8/2015 12:00:00 AM,4549,1627,2922
1/29/2015 12:00:00 AM,2/9/2015 12:00:00 AM,4431,1627,2804
1/29/2015 12:00:00 AM,2/10/2015 12:00:00 AM,4431,1627,2804
1/29/2015 12:00:00 AM,2/11/2015 12:00:00 AM,4431,1627,2804
1/29/2015 12:00:00 AM,2/12/2015 12:00:00 AM,4398,1627,2771
1/29/2015 12:00:00 AM,2/13/2015 12:00:00 AM,4398,1627,2771
1/29/2015 12:00:00 AM,2/14/2015 12:00:00 AM,5845,2947,2898
1/29/2015 12:00:00 AM,2/15/2015 12:00:00 AM,6061,2947,3114
1/29/2015 12:00:00 AM,2/16/2015 12:00:00 AM,6923,2947,3976
1/29/2015 12:00:00 AM,2/17/2015 12:00:00 AM,7201,3247,3954
1/29/2015 12:00:00 AM,2/18/2015 12:00:00 AM,7201,3247,3954
1/29/2015 12:00:00 AM,2/19/2015 12:00:00 AM,7201,3247,3954
1/29/2015 12:00:00 AM,2/20/2015 12:00:00 AM,7268,3247,4021
1/29/2015 12:00:00 AM,2/21/2015 12:00:00 AM,8148,3582,4566
1/29/2015 12:00:00 AM,2/22/2015 12:00:00 AM,7111,2446,4665
1/29/2015 12:00:00 AM,2/23/2015 12:00:00 AM,6568,2446,4122
1/29/2015 12:00:00 AM,2/24/2015 12:00:00 AM,6568,2446,4122
1/29/2015 12:00:00 AM,2/25/2015 12:00:00 AM,6568,2446,4122
1/29/2015 12:00:00 AM,2/26/2015 12:00:00 AM,6568,2446,4122
1/29/2015 12:00:00 AM,2/27/2015 12:00:00 AM,6637,2446,4191
1/29/2015 12:00:00 AM,2/28/2015 12:00:00 AM,10385,3644,6741
1/29/2015 12:00:00 AM,3/1/2015 12:00:00 AM,13839,4760,9079
1/29/2015 12:00:00 AM,3/2/2015 12:00:00 AM,14821,4959,9862
1/29/2015 12:00:00 AM,3/3/2015 12:00:00 AM,14844,4959,9885
1/29/2015 12:00:00 AM,3/4/2015 12:00:00 AM,14850,4959,9891
1/29/2015 12:00:00 AM,3/5/2015 12:00:00 AM,15490,5462,10028
1/29/2015 12:00:00 AM,3/6/2015 12:00:00 AM,16650,5462,11188
1/29/2015 12:00:00 AM,3/7/2015 12:00:00 AM,20166,6896,13270
1/29/2015 12:00:00 AM,3/8/2015 12:00:00 AM,21112,6896,14216
1/29/2015 12:00:00 AM,3/9/2015 12:00:00 AM,22696,8286,14410
1/29/2015 12:00:00 AM,3/10/2015 12:00:00 AM,22546,8136,14410
1/29/2015 12:00:00 AM,3/11/2015 12:00:00 AM,22866,8286,14580
1/29/2015 12:00:00 AM,3/12/2015 12:00:00 AM,23721,9013,14708
1/29/2015 12:00:00 AM,3/13/2015 12:00:00 AM,23819,8863,14956
1/29/2015 12:00:00 AM,3/14/2015 12:00:00 AM,26468,10250,16218
1/29/2015 12:00:00 AM,3/15/2015 12:00:00 AM,25362,10327,15035
1/29/2015 12:00:00 AM,3/16/2015 12:00:00 AM,26142,10566,15576
1/29/2015 12:00:00 AM,3/17/2015 12:00:00 AM,25082,10692,14390
1/29/2015 12:00:00 AM,3/18/2015 12:00:00 AM,27431,10692,16739
1/29/2015 12:00:00 AM,3/19/2015 12:00:00 AM,26794,10542,16252
1/29/2015 12:00:00 AM,3/20/2015 12:00:00 AM,26852,10592,16260
1/29/2015 12:00:00 AM,3/21/2015 12:00:00 AM,28468,11060,17408
1/29/2015 12:00:00 AM,3/22/2015 12:00:00 AM,27461,10986,16475
1/29/2015 12:00:00 AM,3/23/2015 12:00:00 AM,30333,11785,18548
1/29/2015 12:00:00 AM,3/24/2015 12:00:00 AM,28662,11785,16877
1/29/2015 12:00:00 AM,3/25/2015 12:00:00 AM,29545,12838,16707
1/29/2015 12:00:00 AM,3/26/2015 12:00:00 AM,28636,12388,16248
1/29/2015 12:00:00 AM,3/27/2015 12:00:00 AM,29657,11966,17691
1/29/2015 12:00:00 AM,3/28/2015 12:00:00 AM,32850,12775,20075
1/29/2015 12:00:00 AM,3/29/2015 12:00:00 AM,32681,12655,20026
1/29/2015 12:00:00 AM,3/30/2015 12:00:00 AM,32771,13550,19221
1/29/2015 12:00:00 AM,3/31/2015 12:00:00 AM,31222,12407,18815
1/29/2015 12:00:00 AM,4/1/2015 12:00:00 AM,31055,13084,17971
1/29/2015 12:00:00 AM,4/2/2015 12:00:00 AM,30112,12194,17918
1/29/2015 12:00:00 AM,4/3/2015 12:00:00 AM,30200,12043,18157
1/29/2015 12:00:00 AM,4/4/2015 12:00:00 AM,32236,12733,19503
1/29/2015 12:00:00 AM,4/5/2015 12:00:00 AM,32187,12642,19545
1/29/2015 12:00:00 AM,4/6/2015 12:00:00 AM,33440,13227,20213
1/29/2015 12:00:00 AM,4/7/2015 12:00:00 AM,34341,13227,21114
1/29/2015 12:00:00 AM,4/8/2015 12:00:00 AM,32267,13227,19040
1/29/2015 12:00:00 AM,4/9/2015 12:00:00 AM,33457,13827,19630
1/29/2015 12:00:00 AM,4/10/2015 12:00:00 AM,33661,14692,18969
1/29/2015 12:00:00 AM,4/11/2015 12:00:00 AM,39050,16222,22828
1/29/2015 12:00:00 AM,4/12/2015 12:00:00 AM,38839,16607,22232
1/29/2015 12:00:00 AM,4/13/2015 12:00:00 AM,39751,16316,23435
1/29/2015 12:00:00 AM,4/14/2015 12:00:00 AM,37159,15288,21871
1/29/2015 12:00:00 AM,4/15/2015 12:00:00 AM,37166,15363,21803
1/29/2015 12:00:00 AM,4/16/2015 12:00:00 AM,37237,15312,21925
1/29/2015 12:00:00 AM,4/17/2015 12:00:00 AM,37160,15649,21511
1/29/2015 12:00:00 AM,4/18/2015 12:00:00 AM,40410,17355,23055
1/29/2015 12:00:00 AM,4/19/2015 12:00:00 AM,40203,17187,23016
1/29/2015 12:00:00 AM,4/20/2015 12:00:00 AM,40850,17500,23350
1/29/2015 12:00:00 AM,4/21/2015 12:00:00 AM,36728,13756,22972
1/29/2015 12:00:00 AM,4/22/2015 12:00:00 AM,36475,13756,22719
1/29/2015 12:00:00 AM,4/23/2015 12:00:00 AM,36325,13606,22719
1/29/2015 12:00:00 AM,4/24/2015 12:00:00 AM,38003,14020,23983
1/29/2015 12:00:00 AM,4/25/2015 12:00:00 AM,38575,14930,23645
1/29/2015 12:00:00 AM,4/26/2015 12:00:00 AM,36740,15359,21381
1/29/2015 12:00:00 AM,4/27/2015 12:00:00 AM,36778,13938,22840
1/29/2015 12:00:00 AM,4/28/2015 12:00:00 AM,34295,13459,20836
1/29/2015 12:00:00 AM,4/29/2015 12:00:00 AM,32153,13369,18784
1/29/2015 12:00:00 AM,4/30/2015 12:00:00 AM,33024,13459,19565
1/28/2015 12:00:00 AM,1/29/2015 12:00:00 AM,1938,491,1447
1/28/2015 12:00:00 AM,1/30/2015 12:00:00 AM,1938,491,1447
1/28/2015 12:00:00 AM,1/31/2015 12:00:00 AM,2699,761,1938
1/28/2015 12:00:00 AM,2/1/2015 12:00:00 AM,4066,1627,2439
1/28/2015 12:00:00 AM,2/2/2015 12:00:00 AM,4052,1627,2425
1/28/2015 12:00:00 AM,2/3/2015 12:00:00 AM,4011,1627,2384
1/28/2015 12:00:00 AM,2/4/2015 12:00:00 AM,4054,1627,2427
1/28/2015 12:00:00 AM,2/5/2015 12:00:00 AM,4033,1627,2406
1/28/2015 12:00:00 AM,2/6/2015 12:00:00 AM,4033,1627,2406
1/28/2015 12:00:00 AM,2/7/2015 12:00:00 AM,4517,1627,2890
1/28/2015 12:00:00 AM,2/8/2015 12:00:00 AM,4517,1627,2890
1/28/2015 12:00:00 AM,2/9/2015 12:00:00 AM,4517,1627,2890
1/28/2015 12:00:00 AM,2/10/2015 12:00:00 AM,4517,1627,2890
1/28/2015 12:00:00 AM,2/11/2015 12:00:00 AM,4517,1627,2890
1/28/2015 12:00:00 AM,2/12/2015 12:00:00 AM,4484,1627,2857
1/28/2015 12:00:00 AM,2/13/2015 12:00:00 AM,4484,1627,2857
1/28/2015 12:00:00 AM,2/14/2015 12:00:00 AM,5931,2947,2984
1/28/2015 12:00:00 AM,2/15/2015 12:00:00 AM,6147,2947,3200
1/28/2015 12:00:00 AM,2/16/2015 12:00:00 AM,7009,2947,4062
1/28/2015 12:00:00 AM,2/17/2015 12:00:00 AM,7287,3247,4040
1/28/2015 12:00:00 AM,2/18/2015 12:00:00 AM,7287,3247,4040
1/28/2015 12:00:00 AM,2/19/2015 12:00:00 AM,7287,3247,4040
1/28/2015 12:00:00 AM,2/20/2015 12:00:00 AM,7354,3247,4107
1/28/2015 12:00:00 AM,2/21/2015 12:00:00 AM,8234,3582,4652
1/28/2015 12:00:00 AM,2/22/2015 12:00:00 AM,7197,2446,4751
1/28/2015 12:00:00 AM,2/23/2015 12:00:00 AM,6568,2446,4122
1/28/2015 12:00:00 AM,2/24/2015 12:00:00 AM,6568,2446,4122
1/28/2015 12:00:00 AM,2/25/2015 12:00:00 AM,6568,2446,4122
1/28/2015 12:00:00 AM,2/26/2015 12:00:00 AM,6568,2446,4122
1/28/2015 12:00:00 AM,2/27/2015 12:00:00 AM,6637,2446,4191
1/28/2015 12:00:00 AM,2/28/2015 12:00:00 AM,10134,3644,6490
1/28/2015 12:00:00 AM,3/1/2015 12:00:00 AM,13588,4760,8828
1/28/2015 12:00:00 AM,3/2/2015 12:00:00 AM,14573,4959,9614
1/28/2015 12:00:00 AM,3/3/2015 12:00:00 AM,14596,4959,9637
1/28/2015 12:00:00 AM,3/4/2015 12:00:00 AM,14602,4959,9643
1/28/2015 12:00:00 AM,3/5/2015 12:00:00 AM,15242,5462,9780
1/28/2015 12:00:00 AM,3/6/2015 12:00:00 AM,16402,5462,10940
1/28/2015 12:00:00 AM,3/7/2015 12:00:00 AM,19969,6896,13073
1/28/2015 12:00:00 AM,3/8/2015 12:00:00 AM,20945,6896,14049
1/28/2015 12:00:00 AM,3/9/2015 12:00:00 AM,22529,8286,14243
1/28/2015 12:00:00 AM,3/10/2015 12:00:00 AM,22379,8136,14243
1/28/2015 12:00:00 AM,3/11/2015 12:00:00 AM,22699,8286,14413
1/28/2015 12:00:00 AM,3/12/2015 12:00:00 AM,23411,9013,14398
1/28/2015 12:00:00 AM,3/13/2015 12:00:00 AM,23431,8863,14568
1/28/2015 12:00:00 AM,3/14/2015 12:00:00 AM,26080,10250,15830
1/28/2015 12:00:00 AM,3/15/2015 12:00:00 AM,24974,10327,14647
1/28/2015 12:00:00 AM,3/16/2015 12:00:00 AM,25894,10566,15328
1/28/2015 12:00:00 AM,3/17/2015 12:00:00 AM,24834,10692,14142
1/28/2015 12:00:00 AM,3/18/2015 12:00:00 AM,27183,10692,16491
1/28/2015 12:00:00 AM,3/19/2015 12:00:00 AM,26546,10542,16004
1/28/2015 12:00:00 AM,3/20/2015 12:00:00 AM,26933,10592,16341
1/28/2015 12:00:00 AM,3/21/2015 12:00:00 AM,28046,11060,16986
1/28/2015 12:00:00 AM,3/22/2015 12:00:00 AM,26658,10986,15672
1/28/2015 12:00:00 AM,3/23/2015 12:00:00 AM,30360,11785,18575
1/28/2015 12:00:00 AM,3/24/2015 12:00:00 AM,28798,11785,17013
1/28/2015 12:00:00 AM,3/25/2015 12:00:00 AM,29681,12838,16843
1/28/2015 12:00:00 AM,3/26/2015 12:00:00 AM,28881,12388,16493
1/28/2015 12:00:00 AM,3/27/2015 12:00:00 AM,29793,11966,17827
1/28/2015 12:00:00 AM,3/28/2015 12:00:00 AM,32530,12775,19755
1/28/2015 12:00:00 AM,3/29/2015 12:00:00 AM,32896,12655,20241
1/28/2015 12:00:00 AM,3/30/2015 12:00:00 AM,32606,13550,19056
1/28/2015 12:00:00 AM,3/31/2015 12:00:00 AM,31057,12407,18650
1/28/2015 12:00:00 AM,4/1/2015 12:00:00 AM,30890,13084,17806
1/28/2015 12:00:00 AM,4/2/2015 12:00:00 AM,29947,12194,17753
1/28/2015 12:00:00 AM,4/3/2015 12:00:00 AM,30415,12043,18372
1/28/2015 12:00:00 AM,4/4/2015 12:00:00 AM,32451,12733,19718
1/28/2015 12:00:00 AM,4/5/2015 12:00:00 AM,32402,12642,19760
1/28/2015 12:00:00 AM,4/6/2015 12:00:00 AM,33655,13227,20428
1/28/2015 12:00:00 AM,4/7/2015 12:00:00 AM,34556,13227,21329
1/28/2015 12:00:00 AM,4/8/2015 12:00:00 AM,32482,13227,19255
1/28/2015 12:00:00 AM,4/9/2015 12:00:00 AM,33672,13827,19845
1/28/2015 12:00:00 AM,4/10/2015 12:00:00 AM,33876,14692,19184
1/28/2015 12:00:00 AM,4/11/2015 12:00:00 AM,39265,16222,23043
1/28/2015 12:00:00 AM,4/12/2015 12:00:00 AM,39054,16607,22447
1/28/2015 12:00:00 AM,4/13/2015 12:00:00 AM,39966,16316,23650
1/28/2015 12:00:00 AM,4/14/2015 12:00:00 AM,37374,15288,22086
1/28/2015 12:00:00 AM,4/15/2015 12:00:00 AM,37381,15363,22018
1/28/2015 12:00:00 AM,4/16/2015 12:00:00 AM,37452,15312,22140
1/28/2015 12:00:00 AM,4/17/2015 12:00:00 AM,37375,15649,21726
1/28/2015 12:00:00 AM,4/18/2015 12:00:00 AM,40625,17355,23270
1/28/2015 12:00:00 AM,4/19/2015 12:00:00 AM,40418,17187,23231
1/28/2015 12:00:00 AM,4/20/2015 12:00:00 AM,41235,17500,23735
1/28/2015 12:00:00 AM,4/21/2015 12:00:00 AM,37028,13756,23272
1/28/2015 12:00:00 AM,4/22/2015 12:00:00 AM,36860,13756,23104
1/28/2015 12:00:00 AM,4/23/2015 12:00:00 AM,36625,13606,23019
1/28/2015 12:00:00 AM,4/24/2015 12:00:00 AM,38303,14020,24283
1/28/2015 12:00:00 AM,4/25/2015 12:00:00 AM,38875,14930,23945
1/28/2015 12:00:00 AM,4/26/2015 12:00:00 AM,37040,15359,21681
1/28/2015 12:00:00 AM,4/27/2015 12:00:00 AM,37243,13938,23305
1/28/2015 12:00:00 AM,4/28/2015 12:00:00 AM,34760,13459,21301
1/28/2015 12:00:00 AM,4/29/2015 12:00:00 AM,32533,13369,19164
1/27/2015 12:00:00 AM,1/28/2015 12:00:00 AM,1938,491,1447
1/27/2015 12:00:00 AM,1/29/2015 12:00:00 AM,1938,491,1447
1/27/2015 12:00:00 AM,1/30/2015 12:00:00 AM,1881,491,1390
1/27/2015 12:00:00 AM,1/31/2015 12:00:00 AM,2699,761,1938
1/27/2015 12:00:00 AM,2/1/2015 12:00:00 AM,4009,1627,2382
1/27/2015 12:00:00 AM,2/2/2015 12:00:00 AM,3995,1627,2368
1/27/2015 12:00:00 AM,2/3/2015 12:00:00 AM,3954,1627,2327
1/27/2015 12:00:00 AM,2/4/2015 12:00:00 AM,3997,1627,2370
1/27/2015 12:00:00 AM,2/5/2015 12:00:00 AM,3976,1627,2349
1/27/2015 12:00:00 AM,2/6/2015 12:00:00 AM,3976,1627,2349
1/27/2015 12:00:00 AM,2/7/2015 12:00:00 AM,4460,1627,2833
1/27/2015 12:00:00 AM,2/8/2015 12:00:00 AM,4460,1627,2833
1/27/2015 12:00:00 AM,2/9/2015 12:00:00 AM,4460,1627,2833
1/27/2015 12:00:00 AM,2/10/2015 12:00:00 AM,4460,1627,2833
1/27/2015 12:00:00 AM,2/11/2015 12:00:00 AM,4460,1627,2833
1/27/2015 12:00:00 AM,2/12/2015 12:00:00 AM,4427,1627,2800
1/27/2015 12:00:00 AM,2/13/2015 12:00:00 AM,4427,1627,2800
1/27/2015 12:00:00 AM,2/14/2015 12:00:00 AM,5874,2947,2927
1/27/2015 12:00:00 AM,2/15/2015 12:00:00 AM,6090,2947,3143
1/27/2015 12:00:00 AM,2/16/2015 12:00:00 AM,6952,2947,4005
1/27/2015 12:00:00 AM,2/17/2015 12:00:00 AM,7230,3247,3983
1/27/2015 12:00:00 AM,2/18/2015 12:00:00 AM,7230,3247,3983
1/27/2015 12:00:00 AM,2/19/2015 12:00:00 AM,7230,3247,3983
1/27/2015 12:00:00 AM,2/20/2015 12:00:00 AM,7297,3247,4050
1/27/2015 12:00:00 AM,2/21/2015 12:00:00 AM,7632,3582,4050
1/27/2015 12:00:00 AM,2/22/2015 12:00:00 AM,6595,2446,4149
1/27/2015 12:00:00 AM,2/23/2015 12:00:00 AM,5966,2446,3520
1/27/2015 12:00:00 AM,2/24/2015 12:00:00 AM,5966,2446,3520
1/27/2015 12:00:00 AM,2/25/2015 12:00:00 AM,5966,2446,3520
1/27/2015 12:00:00 AM,2/26/2015 12:00:00 AM,5966,2446,3520
1/27/2015 12:00:00 AM,2/27/2015 12:00:00 AM,6092,2446,3646
1/27/2015 12:00:00 AM,2/28/2015 12:00:00 AM,10227,3794,6433
1/27/2015 12:00:00 AM,3/1/2015 12:00:00 AM,13738,4910,8828
1/27/2015 12:00:00 AM,3/2/2015 12:00:00 AM,14723,5109,9614
1/27/2015 12:00:00 AM,3/3/2015 12:00:00 AM,14746,5109,9637
1/27/2015 12:00:00 AM,3/4/2015 12:00:00 AM,14752,5109,9643
1/27/2015 12:00:00 AM,3/5/2015 12:00:00 AM,15242,5462,9780
1/27/2015 12:00:00 AM,3/6/2015 12:00:00 AM,16402,5462,10940
1/27/2015 12:00:00 AM,3/7/2015 12:00:00 AM,20119,7046,13073
1/27/2015 12:00:00 AM,3/8/2015 12:00:00 AM,20945,6896,14049
1/27/2015 12:00:00 AM,3/9/2015 12:00:00 AM,22868,8286,14582
1/27/2015 12:00:00 AM,3/10/2015 12:00:00 AM,22868,8286,14582
1/27/2015 12:00:00 AM,3/11/2015 12:00:00 AM,23038,8286,14752
1/27/2015 12:00:00 AM,3/12/2015 12:00:00 AM,23750,9013,14737
1/27/2015 12:00:00 AM,3/13/2015 12:00:00 AM,23770,8863,14907
1/27/2015 12:00:00 AM,3/14/2015 12:00:00 AM,26450,10250,16200
1/27/2015 12:00:00 AM,3/15/2015 12:00:00 AM,25194,10177,15017
1/27/2015 12:00:00 AM,3/16/2015 12:00:00 AM,26083,10566,15517
1/27/2015 12:00:00 AM,3/17/2015 12:00:00 AM,24873,10542,14331
1/27/2015 12:00:00 AM,3/18/2015 12:00:00 AM,27222,10542,16680
1/27/2015 12:00:00 AM,3/19/2015 12:00:00 AM,26735,10542,16193
1/27/2015 12:00:00 AM,3/20/2015 12:00:00 AM,27122,10592,16530
1/27/2015 12:00:00 AM,3/21/2015 12:00:00 AM,28385,11210,17175
1/27/2015 12:00:00 AM,3/22/2015 12:00:00 AM,26997,11136,15861
1/27/2015 12:00:00 AM,3/23/2015 12:00:00 AM,30517,11935,18582
1/27/2015 12:00:00 AM,3/24/2015 12:00:00 AM,28955,11935,17020
1/27/2015 12:00:00 AM,3/25/2015 12:00:00 AM,29838,12988,16850
1/27/2015 12:00:00 AM,3/26/2015 12:00:00 AM,29038,12538,16500
1/27/2015 12:00:00 AM,3/27/2015 12:00:00 AM,29892,12116,17776
1/27/2015 12:00:00 AM,3/28/2015 12:00:00 AM,32687,12925,19762
1/27/2015 12:00:00 AM,3/29/2015 12:00:00 AM,32845,12655,20190
1/27/2015 12:00:00 AM,3/30/2015 12:00:00 AM,32555,13550,19005
1/27/2015 12:00:00 AM,3/31/2015 12:00:00 AM,31006,12407,18599
1/27/2015 12:00:00 AM,4/1/2015 12:00:00 AM,30839,13084,17755
1/27/2015 12:00:00 AM,4/2/2015 12:00:00 AM,29896,12194,17702
1/27/2015 12:00:00 AM,4/3/2015 12:00:00 AM,30364,12043,18321
1/27/2015 12:00:00 AM,4/4/2015 12:00:00 AM,32290,12733,19557
1/27/2015 12:00:00 AM,4/5/2015 12:00:00 AM,32241,12642,19599
1/27/2015 12:00:00 AM,4/6/2015 12:00:00 AM,33604,13227,20377
1/27/2015 12:00:00 AM,4/7/2015 12:00:00 AM,34505,13227,21278
1/27/2015 12:00:00 AM,4/8/2015 12:00:00 AM,32431,13227,19204
1/27/2015 12:00:00 AM,4/9/2015 12:00:00 AM,33621,13827,19794
1/27/2015 12:00:00 AM,4/10/2015 12:00:00 AM,33876,14692,19184
1/27/2015 12:00:00 AM,4/11/2015 12:00:00 AM,38887,15895,22992
1/27/2015 12:00:00 AM,4/12/2015 12:00:00 AM,38727,16280,22447
1/27/2015 12:00:00 AM,4/13/2015 12:00:00 AM,39639,15989,23650
1/27/2015 12:00:00 AM,4/14/2015 12:00:00 AM,37047,14961,22086
1/27/2015 12:00:00 AM,4/15/2015 12:00:00 AM,37054,15036,22018
1/27/2015 12:00:00 AM,4/16/2015 12:00:00 AM,37125,14985,22140
1/27/2015 12:00:00 AM,4/17/2015 12:00:00 AM,37048,15322,21726
1/27/2015 12:00:00 AM,4/18/2015 12:00:00 AM,40298,17028,23270
1/27/2015 12:00:00 AM,4/19/2015 12:00:00 AM,40407,17187,23220
1/27/2015 12:00:00 AM,4/20/2015 12:00:00 AM,41224,17500,23724
1/27/2015 12:00:00 AM,4/21/2015 12:00:00 AM,37017,13756,23261
1/27/2015 12:00:00 AM,4/22/2015 12:00:00 AM,36849,13756,23093
1/27/2015 12:00:00 AM,4/23/2015 12:00:00 AM,36614,13606,23008
1/27/2015 12:00:00 AM,4/24/2015 12:00:00 AM,38292,14020,24272
1/27/2015 12:00:00 AM,4/25/2015 12:00:00 AM,38864,14930,23934
1/27/2015 12:00:00 AM,4/26/2015 12:00:00 AM,37029,15359,21670
1/27/2015 12:00:00 AM,4/27/2015 12:00:00 AM,37232,13938,23294
1/27/2015 12:00:00 AM,4/28/2015 12:00:00 AM,34749,13459,21290
1/26/2015 12:00:00 AM,1/27/2015 12:00:00 AM,1970,491,1479
1/26/2015 12:00:00 AM,1/28/2015 12:00:00 AM,1970,491,1479
1/26/2015 12:00:00 AM,1/29/2015 12:00:00 AM,1938,491,1447
1/26/2015 12:00:00 AM,1/30/2015 12:00:00 AM,1881,491,1390
1/26/2015 12:00:00 AM,1/31/2015 12:00:00 AM,2699,761,1938
1/26/2015 12:00:00 AM,2/1/2015 12:00:00 AM,4009,1627,2382
1/26/2015 12:00:00 AM,2/2/2015 12:00:00 AM,3995,1627,2368
1/26/2015 12:00:00 AM,2/3/2015 12:00:00 AM,3954,1627,2327
1/26/2015 12:00:00 AM,2/4/2015 12:00:00 AM,3997,1627,2370
1/26/2015 12:00:00 AM,2/5/2015 12:00:00 AM,3976,1627,2349
1/26/2015 12:00:00 AM,2/6/2015 12:00:00 AM,3976,1627,2349
1/26/2015 12:00:00 AM,2/7/2015 12:00:00 AM,4460,1627,2833
1/26/2015 12:00:00 AM,2/8/2015 12:00:00 AM,4460,1627,2833
1/26/2015 12:00:00 AM,2/9/2015 12:00:00 AM,4460,1627,2833
1/26/2015 12:00:00 AM,2/10/2015 12:00:00 AM,4460,1627,2833
1/26/2015 12:00:00 AM,2/11/2015 12:00:00 AM,4460,1627,2833
1/26/2015 12:00:00 AM,2/12/2015 12:00:00 AM,4427,1627,2800
1/26/2015 12:00:00 AM,2/13/2015 12:00:00 AM,4427,1627,2800
1/26/2015 12:00:00 AM,2/14/2015 12:00:00 AM,5874,2947,2927
1/26/2015 12:00:00 AM,2/15/2015 12:00:00 AM,6090,2947,3143
1/26/2015 12:00:00 AM,2/16/2015 12:00:00 AM,6952,2947,4005
1/26/2015 12:00:00 AM,2/17/2015 12:00:00 AM,7230,3247,3983
1/26/2015 12:00:00 AM,2/18/2015 12:00:00 AM,7230,3247,3983
1/26/2015 12:00:00 AM,2/19/2015 12:00:00 AM,7230,3247,3983
1/26/2015 12:00:00 AM,2/20/2015 12:00:00 AM,7297,3247,4050
1/26/2015 12:00:00 AM,2/21/2015 12:00:00 AM,7632,3582,4050
1/26/2015 12:00:00 AM,2/22/2015 12:00:00 AM,6595,2446,4149
1/26/2015 12:00:00 AM,2/23/2015 12:00:00 AM,5966,2446,3520
1/26/2015 12:00:00 AM,2/24/2015 12:00:00 AM,5840,2446,3394
1/26/2015 12:00:00 AM,2/25/2015 12:00:00 AM,5840,2446,3394
1/26/2015 12:00:00 AM,2/26/2015 12:00:00 AM,5840,2446,3394
1/26/2015 12:00:00 AM,2/27/2015 12:00:00 AM,5966,2446,3520
1/26/2015 12:00:00 AM,2/28/2015 12:00:00 AM,10101,3794,6307
1/26/2015 12:00:00 AM,3/1/2015 12:00:00 AM,13612,4910,8702
1/26/2015 12:00:00 AM,3/2/2015 12:00:00 AM,14447,4959,9488
1/26/2015 12:00:00 AM,3/3/2015 12:00:00 AM,14470,4959,9511
1/26/2015 12:00:00 AM,3/4/2015 12:00:00 AM,14476,4959,9517
1/26/2015 12:00:00 AM,3/5/2015 12:00:00 AM,14564,4910,9654
1/26/2015 12:00:00 AM,3/6/2015 12:00:00 AM,16126,5312,10814
1/26/2015 12:00:00 AM,3/7/2015 12:00:00 AM,19843,6896,12947
1/26/2015 12:00:00 AM,3/8/2015 12:00:00 AM,20669,6746,13923
1/26/2015 12:00:00 AM,3/9/2015 12:00:00 AM,22592,8136,14456
1/26/2015 12:00:00 AM,3/10/2015 12:00:00 AM,22592,8136,14456
1/26/2015 12:00:00 AM,3/11/2015 12:00:00 AM,22762,8136,14626
1/26/2015 12:00:00 AM,3/12/2015 12:00:00 AM,23474,8863,14611
1/26/2015 12:00:00 AM,3/13/2015 12:00:00 AM,23644,8863,14781
1/26/2015 12:00:00 AM,3/14/2015 12:00:00 AM,26324,10250,16074
1/26/2015 12:00:00 AM,3/15/2015 12:00:00 AM,25068,10177,14891
1/26/2015 12:00:00 AM,3/16/2015 12:00:00 AM,25957,10566,15391
1/26/2015 12:00:00 AM,3/17/2015 12:00:00 AM,24747,10542,14205
1/26/2015 12:00:00 AM,3/18/2015 12:00:00 AM,27096,10542,16554
1/26/2015 12:00:00 AM,3/19/2015 12:00:00 AM,26609,10542,16067
1/26/2015 12:00:00 AM,3/20/2015 12:00:00 AM,26846,10442,16404
1/26/2015 12:00:00 AM,3/21/2015 12:00:00 AM,27959,10910,17049
1/26/2015 12:00:00 AM,3/22/2015 12:00:00 AM,26571,10836,15735
1/26/2015 12:00:00 AM,3/23/2015 12:00:00 AM,30067,11485,18582
1/26/2015 12:00:00 AM,3/24/2015 12:00:00 AM,28505,11485,17020
1/26/2015 12:00:00 AM,3/25/2015 12:00:00 AM,29388,12538,16850
1/26/2015 12:00:00 AM,3/26/2015 12:00:00 AM,28888,12388,16500
1/26/2015 12:00:00 AM,3/27/2015 12:00:00 AM,29742,11966,17776
1/26/2015 12:00:00 AM,3/28/2015 12:00:00 AM,32687,12925,19762
1/26/2015 12:00:00 AM,3/29/2015 12:00:00 AM,32995,12805,20190
1/26/2015 12:00:00 AM,3/30/2015 12:00:00 AM,32705,13700,19005
1/26/2015 12:00:00 AM,3/31/2015 12:00:00 AM,31156,12557,18599
1/26/2015 12:00:00 AM,4/1/2015 12:00:00 AM,30989,13234,17755
1/26/2015 12:00:00 AM,4/2/2015 12:00:00 AM,30046,12344,17702
1/26/2015 12:00:00 AM,4/3/2015 12:00:00 AM,30514,12193,18321
1/26/2015 12:00:00 AM,4/4/2015 12:00:00 AM,32440,12883,19557
1/26/2015 12:00:00 AM,4/5/2015 12:00:00 AM,32241,12642,19599
1/26/2015 12:00:00 AM,4/6/2015 12:00:00 AM,33604,13227,20377
1/26/2015 12:00:00 AM,4/7/2015 12:00:00 AM,34505,13227,21278
1/26/2015 12:00:00 AM,4/8/2015 12:00:00 AM,32431,13227,19204
1/26/2015 12:00:00 AM,4/9/2015 12:00:00 AM,33621,13827,19794
1/26/2015 12:00:00 AM,4/10/2015 12:00:00 AM,33876,14692,19184
1/26/2015 12:00:00 AM,4/11/2015 12:00:00 AM,39037,16045,22992
1/26/2015 12:00:00 AM,4/12/2015 12:00:00 AM,38877,16430,22447
1/26/2015 12:00:00 AM,4/13/2015 12:00:00 AM,39689,16039,23650
1/26/2015 12:00:00 AM,4/14/2015 12:00:00 AM,37147,15061,22086
1/26/2015 12:00:00 AM,4/15/2015 12:00:00 AM,37154,15136,22018
1/26/2015 12:00:00 AM,4/16/2015 12:00:00 AM,37275,15135,22140
1/26/2015 12:00:00 AM,4/17/2015 12:00:00 AM,37198,15472,21726
1/26/2015 12:00:00 AM,4/18/2015 12:00:00 AM,40598,17328,23270
1/26/2015 12:00:00 AM,4/19/2015 12:00:00 AM,40557,17337,23220
1/26/2015 12:00:00 AM,4/20/2015 12:00:00 AM,41374,17650,23724
1/26/2015 12:00:00 AM,4/21/2015 12:00:00 AM,37167,13906,23261
1/26/2015 12:00:00 AM,4/22/2015 12:00:00 AM,36999,13906,23093
1/26/2015 12:00:00 AM,4/23/2015 12:00:00 AM,36764,13756,23008
1/26/2015 12:00:00 AM,4/24/2015 12:00:00 AM,38442,14170,24272
1/26/2015 12:00:00 AM,4/25/2015 12:00:00 AM,39164,15230,23934
1/26/2015 12:00:00 AM,4/26/2015 12:00:00 AM,37179,15509,21670
1/26/2015 12:00:00 AM,4/27/2015 12:00:00 AM,37382,14088,23294
1/25/2015 12:00:00 AM,1/26/2015 12:00:00 AM,2115,636,1479
1/25/2015 12:00:00 AM,1/27/2015 12:00:00 AM,1970,491,1479
1/25/2015 12:00:00 AM,1/28/2015 12:00:00 AM,1970,491,1479
1/25/2015 12:00:00 AM,1/29/2015 12:00:00 AM,1938,491,1447
1/25/2015 12:00:00 AM,1/30/2015 12:00:00 AM,1881,491,1390
1/25/2015 12:00:00 AM,1/31/2015 12:00:00 AM,2699,761,1938
1/25/2015 12:00:00 AM,2/1/2015 12:00:00 AM,4009,1627,2382
1/25/2015 12:00:00 AM,2/2/2015 12:00:00 AM,3995,1627,2368
1/25/2015 12:00:00 AM,2/3/2015 12:00:00 AM,3954,1627,2327
1/25/2015 12:00:00 AM,2/4/2015 12:00:00 AM,3997,1627,2370
1/25/2015 12:00:00 AM,2/5/2015 12:00:00 AM,3976,1627,2349
1/25/2015 12:00:00 AM,2/6/2015 12:00:00 AM,3976,1627,2349
1/25/2015 12:00:00 AM,2/7/2015 12:00:00 AM,4460,1627,2833
1/25/2015 12:00:00 AM,2/8/2015 12:00:00 AM,4460,1627,2833
1/25/2015 12:00:00 AM,2/9/2015 12:00:00 AM,4460,1627,2833
1/25/2015 12:00:00 AM,2/10/2015 12:00:00 AM,4460,1627,2833
1/25/2015 12:00:00 AM,2/11/2015 12:00:00 AM,4460,1627,2833
1/25/2015 12:00:00 AM,2/12/2015 12:00:00 AM,4427,1627,2800
1/25/2015 12:00:00 AM,2/13/2015 12:00:00 AM,4427,1627,2800
1/25/2015 12:00:00 AM,2/14/2015 12:00:00 AM,5874,2947,2927
1/25/2015 12:00:00 AM,2/15/2015 12:00:00 AM,6090,2947,3143
1/25/2015 12:00:00 AM,2/16/2015 12:00:00 AM,6952,2947,4005
1/25/2015 12:00:00 AM,2/17/2015 12:00:00 AM,7230,3247,3983
1/25/2015 12:00:00 AM,2/18/2015 12:00:00 AM,7230,3247,3983
1/25/2015 12:00:00 AM,2/19/2015 12:00:00 AM,7230,3247,3983
1/25/2015 12:00:00 AM,2/20/2015 12:00:00 AM,7297,3247,4050
1/25/2015 12:00:00 AM,2/21/2015 12:00:00 AM,7632,3582,4050
1/25/2015 12:00:00 AM,2/22/2015 12:00:00 AM,6595,2446,4149
1/25/2015 12:00:00 AM,2/23/2015 12:00:00 AM,5966,2446,3520
1/25/2015 12:00:00 AM,2/24/2015 12:00:00 AM,5840,2446,3394
1/25/2015 12:00:00 AM,2/25/2015 12:00:00 AM,5840,2446,3394
1/25/2015 12:00:00 AM,2/26/2015 12:00:00 AM,5840,2446,3394
1/25/2015 12:00:00 AM,2/27/2015 12:00:00 AM,5966,2446,3520
1/25/2015 12:00:00 AM,2/28/2015 12:00:00 AM,10101,3794,6307
1/25/2015 12:00:00 AM,3/1/2015 12:00:00 AM,13612,4910,8702
1/25/2015 12:00:00 AM,3/2/2015 12:00:00 AM,14447,4959,9488
1/25/2015 12:00:00 AM,3/3/2015 12:00:00 AM,14470,4959,9511
1/25/2015 12:00:00 AM,3/4/2015 12:00:00 AM,14476,4959,9517
1/25/2015 12:00:00 AM,3/5/2015 12:00:00 AM,14564,4910,9654
1/25/2015 12:00:00 AM,3/6/2015 12:00:00 AM,16126,5312,10814
1/25/2015 12:00:00 AM,3/7/2015 12:00:00 AM,19843,6896,12947
1/25/2015 12:00:00 AM,3/8/2015 12:00:00 AM,20669,6746,13923
1/25/2015 12:00:00 AM,3/9/2015 12:00:00 AM,22592,8136,14456
1/25/2015 12:00:00 AM,3/10/2015 12:00:00 AM,22592,8136,14456
1/25/2015 12:00:00 AM,3/11/2015 12:00:00 AM,22762,8136,14626
1/25/2015 12:00:00 AM,3/12/2015 12:00:00 AM,23474,8863,14611
1/25/2015 12:00:00 AM,3/13/2015 12:00:00 AM,23644,8863,14781
1/25/2015 12:00:00 AM,3/14/2015 12:00:00 AM,26324,10250,16074
1/25/2015 12:00:00 AM,3/15/2015 12:00:00 AM,25068,10177,14891
1/25/2015 12:00:00 AM,3/16/2015 12:00:00 AM,25957,10566,15391
1/25/2015 12:00:00 AM,3/17/2015 12:00:00 AM,24747,10542,14205
1/25/2015 12:00:00 AM,3/18/2015 12:00:00 AM,27096,10542,16554
1/25/2015 12:00:00 AM,3/19/2015 12:00:00 AM,26609,10542,16067
1/25/2015 12:00:00 AM,3/20/2015 12:00:00 AM,26846,10442,16404
1/25/2015 12:00:00 AM,3/21/2015 12:00:00 AM,27959,10910,17049
1/25/2015 12:00:00 AM,3/22/2015 12:00:00 AM,26571,10836,15735
1/25/2015 12:00:00 AM,3/23/2015 12:00:00 AM,30067,11485,18582
1/25/2015 12:00:00 AM,3/24/2015 12:00:00 AM,28505,11485,17020
1/25/2015 12:00:00 AM,3/25/2015 12:00:00 AM,29388,12538,16850
1/25/2015 12:00:00 AM,3/26/2015 12:00:00 AM,28888,12388,16500
1/25/2015 12:00:00 AM,3/27/2015 12:00:00 AM,29742,11966,17776
1/25/2015 12:00:00 AM,3/28/2015 12:00:00 AM,32687,12925,19762
1/25/2015 12:00:00 AM,3/29/2015 12:00:00 AM,32995,12805,20190
1/25/2015 12:00:00 AM,3/30/2015 12:00:00 AM,32705,13700,19005
1/25/2015 12:00:00 AM,3/31/2015 12:00:00 AM,31156,12557,18599
1/25/2015 12:00:00 AM,4/1/2015 12:00:00 AM,30989,13234,17755
1/25/2015 12:00:00 AM,4/2/2015 12:00:00 AM,30046,12344,17702
1/25/2015 12:00:00 AM,4/3/2015 12:00:00 AM,30514,12193,18321
1/25/2015 12:00:00 AM,4/4/2015 12:00:00 AM,32440,12883,19557
1/25/2015 12:00:00 AM,4/5/2015 12:00:00 AM,32241,12642,19599
1/25/2015 12:00:00 AM,4/6/2015 12:00:00 AM,33604,13227,20377
1/25/2015 12:00:00 AM,4/7/2015 12:00:00 AM,34505,13227,21278
1/25/2015 12:00:00 AM,4/8/2015 12:00:00 AM,32431,13227,19204
1/25/2015 12:00:00 AM,4/9/2015 12:00:00 AM,33621,13827,19794
1/25/2015 12:00:00 AM,4/10/2015 12:00:00 AM,33876,14692,19184
1/25/2015 12:00:00 AM,4/11/2015 12:00:00 AM,39037,16045,22992
1/25/2015 12:00:00 AM,4/12/2015 12:00:00 AM,38877,16430,22447
1/25/2015 12:00:00 AM,4/13/2015 12:00:00 AM,39689,16039,23650
1/25/2015 12:00:00 AM,4/14/2015 12:00:00 AM,37147,15061,22086
1/25/2015 12:00:00 AM,4/15/2015 12:00:00 AM,37154,15136,22018
1/25/2015 12:00:00 AM,4/16/2015 12:00:00 AM,37275,15135,22140
1/25/2015 12:00:00 AM,4/17/2015 12:00:00 AM,37198,15472,21726
1/25/2015 12:00:00 AM,4/18/2015 12:00:00 AM,40598,17328,23270
1/25/2015 12:00:00 AM,4/19/2015 12:00:00 AM,40557,17337,23220
1/25/2015 12:00:00 AM,4/20/2015 12:00:00 AM,41374,17650,23724
1/25/2015 12:00:00 AM,4/21/2015 12:00:00 AM,37167,13906,23261
1/25/2015 12:00:00 AM,4/22/2015 12:00:00 AM,36999,13906,23093
1/25/2015 12:00:00 AM,4/23/2015 12:00:00 AM,36764,13756,23008
1/25/2015 12:00:00 AM,4/24/2015 12:00:00 AM,38442,14170,24272
1/25/2015 12:00:00 AM,4/25/2015 12:00:00 AM,39164,15230,23934
1/25/2015 12:00:00 AM,4/26/2015 12:00:00 AM,37179,15509,21670
1/24/2015 12:00:00 AM,1/25/2015 12:00:00 AM,1978,491,1487
1/24/2015 12:00:00 AM,1/26/2015 12:00:00 AM,2115,636,1479
1/24/2015 12:00:00 AM,1/27/2015 12:00:00 AM,1970,491,1479
1/24/2015 12:00:00 AM,1/28/2015 12:00:00 AM,1970,491,1479
1/24/2015 12:00:00 AM,1/29/2015 12:00:00 AM,1938,491,1447
1/24/2015 12:00:00 AM,1/30/2015 12:00:00 AM,1881,491,1390
1/24/2015 12:00:00 AM,1/31/2015 12:00:00 AM,2699,761,1938
1/24/2015 12:00:00 AM,2/1/2015 12:00:00 AM,4009,1627,2382
1/24/2015 12:00:00 AM,2/2/2015 12:00:00 AM,3995,1627,2368
1/24/2015 12:00:00 AM,2/3/2015 12:00:00 AM,3954,1627,2327
1/24/2015 12:00:00 AM,2/4/2015 12:00:00 AM,3997,1627,2370
1/24/2015 12:00:00 AM,2/5/2015 12:00:00 AM,3976,1627,2349
1/24/2015 12:00:00 AM,2/6/2015 12:00:00 AM,3976,1627,2349
1/24/2015 12:00:00 AM,2/7/2015 12:00:00 AM,4460,1627,2833
1/24/2015 12:00:00 AM,2/8/2015 12:00:00 AM,4460,1627,2833
1/24/2015 12:00:00 AM,2/9/2015 12:00:00 AM,4460,1627,2833
1/24/2015 12:00:00 AM,2/10/2015 12:00:00 AM,4460,1627,2833
1/24/2015 12:00:00 AM,2/11/2015 12:00:00 AM,4460,1627,2833
1/24/2015 12:00:00 AM,2/12/2015 12:00:00 AM,4427,1627,2800
1/24/2015 12:00:00 AM,2/13/2015 12:00:00 AM,4427,1627,2800
1/24/2015 12:00:00 AM,2/14/2015 12:00:00 AM,5874,2947,2927
1/24/2015 12:00:00 AM,2/15/2015 12:00:00 AM,6090,2947,3143
1/24/2015 12:00:00 AM,2/16/2015 12:00:00 AM,6952,2947,4005
1/24/2015 12:00:00 AM,2/17/2015 12:00:00 AM,7230,3247,3983
1/24/2015 12:00:00 AM,2/18/2015 12:00:00 AM,7230,3247,3983
1/24/2015 12:00:00 AM,2/19/2015 12:00:00 AM,7230,3247,3983
1/24/2015 12:00:00 AM,2/20/2015 12:00:00 AM,7297,3247,4050
1/24/2015 12:00:00 AM,2/21/2015 12:00:00 AM,7632,3582,4050
1/24/2015 12:00:00 AM,2/22/2015 12:00:00 AM,6595,2446,4149
1/24/2015 12:00:00 AM,2/23/2015 12:00:00 AM,5966,2446,3520
1/24/2015 12:00:00 AM,2/24/2015 12:00:00 AM,5840,2446,3394
1/24/2015 12:00:00 AM,2/25/2015 12:00:00 AM,5840,2446,3394
1/24/2015 12:00:00 AM,2/26/2015 12:00:00 AM,5840,2446,3394
1/24/2015 12:00:00 AM,2/27/2015 12:00:00 AM,5966,2446,3520
1/24/2015 12:00:00 AM,2/28/2015 12:00:00 AM,10101,3794,6307
1/24/2015 12:00:00 AM,3/1/2015 12:00:00 AM,13612,4910,8702
1/24/2015 12:00:00 AM,3/2/2015 12:00:00 AM,14447,4959,9488
1/24/2015 12:00:00 AM,3/3/2015 12:00:00 AM,14470,4959,9511
1/24/2015 12:00:00 AM,3/4/2015 12:00:00 AM,14476,4959,9517
1/24/2015 12:00:00 AM,3/5/2015 12:00:00 AM,14564,4910,9654
1/24/2015 12:00:00 AM,3/6/2015 12:00:00 AM,16126,5312,10814
1/24/2015 12:00:00 AM,3/7/2015 12:00:00 AM,19843,6896,12947
1/24/2015 12:00:00 AM,3/8/2015 12:00:00 AM,20669,6746,13923
1/24/2015 12:00:00 AM,3/9/2015 12:00:00 AM,22592,8136,14456
1/24/2015 12:00:00 AM,3/10/2015 12:00:00 AM,22592,8136,14456
1/24/2015 12:00:00 AM,3/11/2015 12:00:00 AM,22762,8136,14626
1/24/2015 12:00:00 AM,3/12/2015 12:00:00 AM,23474,8863,14611
1/24/2015 12:00:00 AM,3/13/2015 12:00:00 AM,23644,8863,14781
1/24/2015 12:00:00 AM,3/14/2015 12:00:00 AM,26324,10250,16074
1/24/2015 12:00:00 AM,3/15/2015 12:00:00 AM,25068,10177,14891
1/24/2015 12:00:00 AM,3/16/2015 12:00:00 AM,25957,10566,15391
1/24/2015 12:00:00 AM,3/17/2015 12:00:00 AM,24747,10542,14205
1/24/2015 12:00:00 AM,3/18/2015 12:00:00 AM,27096,10542,16554
1/24/2015 12:00:00 AM,3/19/2015 12:00:00 AM,26609,10542,16067
1/24/2015 12:00:00 AM,3/20/2015 12:00:00 AM,26846,10442,16404
1/24/2015 12:00:00 AM,3/21/2015 12:00:00 AM,27959,10910,17049
1/24/2015 12:00:00 AM,3/22/2015 12:00:00 AM,26571,10836,15735
1/24/2015 12:00:00 AM,3/23/2015 12:00:00 AM,30067,11485,18582
1/24/2015 12:00:00 AM,3/24/2015 12:00:00 AM,28505,11485,17020
1/24/2015 12:00:00 AM,3/25/2015 12:00:00 AM,29388,12538,16850
1/24/2015 12:00:00 AM,3/26/2015 12:00:00 AM,28888,12388,16500
1/24/2015 12:00:00 AM,3/27/2015 12:00:00 AM,29742,11966,17776
1/24/2015 12:00:00 AM,3/28/2015 12:00:00 AM,32687,12925,19762
1/24/2015 12:00:00 AM,3/29/2015 12:00:00 AM,32995,12805,20190
1/24/2015 12:00:00 AM,3/30/2015 12:00:00 AM,32705,13700,19005
1/24/2015 12:00:00 AM,3/31/2015 12:00:00 AM,31156,12557,18599
1/24/2015 12:00:00 AM,4/1/2015 12:00:00 AM,30989,13234,17755
1/24/2015 12:00:00 AM,4/2/2015 12:00:00 AM,30046,12344,17702
1/24/2015 12:00:00 AM,4/3/2015 12:00:00 AM,30514,12193,18321
1/24/2015 12:00:00 AM,4/4/2015 12:00:00 AM,32440,12883,19557
1/24/2015 12:00:00 AM,4/5/2015 12:00:00 AM,32241,12642,19599
1/24/2015 12:00:00 AM,4/6/2015 12:00:00 AM,33604,13227,20377
1/24/2015 12:00:00 AM,4/7/2015 12:00:00 AM,34505,13227,21278
1/24/2015 12:00:00 AM,4/8/2015 12:00:00 AM,32431,13227,19204
1/24/2015 12:00:00 AM,4/9/2015 12:00:00 AM,33621,13827,19794
1/24/2015 12:00:00 AM,4/10/2015 12:00:00 AM,33876,14692,19184
1/24/2015 12:00:00 AM,4/11/2015 12:00:00 AM,39037,16045,22992
1/24/2015 12:00:00 AM,4/12/2015 12:00:00 AM,38877,16430,22447
1/24/2015 12:00:00 AM,4/13/2015 12:00:00 AM,39689,16039,23650
1/24/2015 12:00:00 AM,4/14/2015 12:00:00 AM,37147,15061,22086
1/24/2015 12:00:00 AM,4/15/2015 12:00:00 AM,37154,15136,22018
1/24/2015 12:00:00 AM,4/16/2015 12:00:00 AM,37275,15135,22140
1/24/2015 12:00:00 AM,4/17/2015 12:00:00 AM,37198,15472,21726
1/24/2015 12:00:00 AM,4/18/2015 12:00:00 AM,40598,17328,23270
1/24/2015 12:00:00 AM,4/19/2015 12:00:00 AM,40557,17337,23220
1/24/2015 12:00:00 AM,4/20/2015 12:00:00 AM,41374,17650,23724
1/24/2015 12:00:00 AM,4/21/2015 12:00:00 AM,37167,13906,23261
1/24/2015 12:00:00 AM,4/22/2015 12:00:00 AM,36999,13906,23093
1/24/2015 12:00:00 AM,4/23/2015 12:00:00 AM,36764,13756,23008
1/24/2015 12:00:00 AM,4/24/2015 12:00:00 AM,38442,14170,24272
1/24/2015 12:00:00 AM,4/25/2015 12:00:00 AM,39164,15230,23934
1/23/2015 12:00:00 AM,1/24/2015 12:00:00 AM,2393,906,1487
1/23/2015 12:00:00 AM,1/25/2015 12:00:00 AM,2248,761,1487
1/23/2015 12:00:00 AM,1/26/2015 12:00:00 AM,2115,636,1479
1/23/2015 12:00:00 AM,1/27/2015 12:00:00 AM,1970,491,1479
1/23/2015 12:00:00 AM,1/28/2015 12:00:00 AM,1970,491,1479
1/23/2015 12:00:00 AM,1/29/2015 12:00:00 AM,1938,491,1447
1/23/2015 12:00:00 AM,1/30/2015 12:00:00 AM,1881,491,1390
1/23/2015 12:00:00 AM,1/31/2015 12:00:00 AM,3138,761,2377
1/23/2015 12:00:00 AM,2/1/2015 12:00:00 AM,4448,1627,2821
1/23/2015 12:00:00 AM,2/2/2015 12:00:00 AM,4434,1627,2807
1/23/2015 12:00:00 AM,2/3/2015 12:00:00 AM,4393,1627,2766
1/23/2015 12:00:00 AM,2/4/2015 12:00:00 AM,4436,1627,2809
1/23/2015 12:00:00 AM,2/5/2015 12:00:00 AM,4415,1627,2788
1/23/2015 12:00:00 AM,2/6/2015 12:00:00 AM,4415,1627,2788
1/23/2015 12:00:00 AM,2/7/2015 12:00:00 AM,4460,1627,2833
1/23/2015 12:00:00 AM,2/8/2015 12:00:00 AM,4460,1627,2833
1/23/2015 12:00:00 AM,2/9/2015 12:00:00 AM,4460,1627,2833
1/23/2015 12:00:00 AM,2/10/2015 12:00:00 AM,4460,1627,2833
1/23/2015 12:00:00 AM,2/11/2015 12:00:00 AM,4460,1627,2833
1/23/2015 12:00:00 AM,2/12/2015 12:00:00 AM,4427,1627,2800
1/23/2015 12:00:00 AM,2/13/2015 12:00:00 AM,4427,1627,2800
1/23/2015 12:00:00 AM,2/14/2015 12:00:00 AM,5874,2947,2927
1/23/2015 12:00:00 AM,2/15/2015 12:00:00 AM,6090,2947,3143
1/23/2015 12:00:00 AM,2/16/2015 12:00:00 AM,6513,2947,3566
1/23/2015 12:00:00 AM,2/17/2015 12:00:00 AM,6791,3247,3544
1/23/2015 12:00:00 AM,2/18/2015 12:00:00 AM,6791,3247,3544
1/23/2015 12:00:00 AM,2/19/2015 12:00:00 AM,6791,3247,3544
1/23/2015 12:00:00 AM,2/20/2015 12:00:00 AM,6858,3247,3611
1/23/2015 12:00:00 AM,2/21/2015 12:00:00 AM,7738,3582,4156
1/23/2015 12:00:00 AM,2/22/2015 12:00:00 AM,6701,2446,4255
1/23/2015 12:00:00 AM,2/23/2015 12:00:00 AM,6511,2446,4065
1/23/2015 12:00:00 AM,2/24/2015 12:00:00 AM,6385,2446,3939
1/23/2015 12:00:00 AM,2/25/2015 12:00:00 AM,6385,2446,3939
1/23/2015 12:00:00 AM,2/26/2015 12:00:00 AM,6385,2446,3939
1/23/2015 12:00:00 AM,2/27/2015 12:00:00 AM,6511,2446,4065
1/23/2015 12:00:00 AM,2/28/2015 12:00:00 AM,10101,3794,6307
1/23/2015 12:00:00 AM,3/1/2015 12:00:00 AM,13599,4910,8689
1/23/2015 12:00:00 AM,3/2/2015 12:00:00 AM,14434,4959,9475
1/23/2015 12:00:00 AM,3/3/2015 12:00:00 AM,14412,4959,9453
1/23/2015 12:00:00 AM,3/4/2015 12:00:00 AM,14418,4959,9459
1/23/2015 12:00:00 AM,3/5/2015 12:00:00 AM,14506,4910,9596
1/23/2015 12:00:00 AM,3/6/2015 12:00:00 AM,16068,5312,10756
1/23/2015 12:00:00 AM,3/7/2015 12:00:00 AM,19785,6896,12889
1/23/2015 12:00:00 AM,3/8/2015 12:00:00 AM,20611,6746,13865
1/23/2015 12:00:00 AM,3/9/2015 12:00:00 AM,22184,8136,14048
1/23/2015 12:00:00 AM,3/10/2015 12:00:00 AM,22184,8136,14048
1/23/2015 12:00:00 AM,3/11/2015 12:00:00 AM,22354,8136,14218
1/23/2015 12:00:00 AM,3/12/2015 12:00:00 AM,23066,8863,14203
1/23/2015 12:00:00 AM,3/13/2015 12:00:00 AM,23236,8863,14373
1/23/2015 12:00:00 AM,3/14/2015 12:00:00 AM,25916,10250,15666
1/23/2015 12:00:00 AM,3/15/2015 12:00:00 AM,24660,10177,14483
1/23/2015 12:00:00 AM,3/16/2015 12:00:00 AM,25730,10566,15164
1/23/2015 12:00:00 AM,3/17/2015 12:00:00 AM,24520,10542,13978
1/23/2015 12:00:00 AM,3/18/2015 12:00:00 AM,26869,10542,16327
1/23/2015 12:00:00 AM,3/19/2015 12:00:00 AM,26382,10542,15840
1/23/2015 12:00:00 AM,3/20/2015 12:00:00 AM,26619,10442,16177
1/23/2015 12:00:00 AM,3/21/2015 12:00:00 AM,27732,10910,16822
1/23/2015 12:00:00 AM,3/22/2015 12:00:00 AM,26344,10836,15508
1/23/2015 12:00:00 AM,3/23/2015 12:00:00 AM,30022,11485,18537
1/23/2015 12:00:00 AM,3/24/2015 12:00:00 AM,28460,11485,16975
1/23/2015 12:00:00 AM,3/25/2015 12:00:00 AM,29343,12538,16805
1/23/2015 12:00:00 AM,3/26/2015 12:00:00 AM,28843,12388,16455
1/23/2015 12:00:00 AM,3/27/2015 12:00:00 AM,29697,11966,17731
1/23/2015 12:00:00 AM,3/28/2015 12:00:00 AM,32687,12925,19762
1/23/2015 12:00:00 AM,3/29/2015 12:00:00 AM,32995,12805,20190
1/23/2015 12:00:00 AM,3/30/2015 12:00:00 AM,32705,13700,19005
1/23/2015 12:00:00 AM,3/31/2015 12:00:00 AM,31156,12557,18599
1/23/2015 12:00:00 AM,4/1/2015 12:00:00 AM,30989,13234,17755
1/23/2015 12:00:00 AM,4/2/2015 12:00:00 AM,30046,12344,17702
1/23/2015 12:00:00 AM,4/3/2015 12:00:00 AM,30514,12193,18321
1/23/2015 12:00:00 AM,4/4/2015 12:00:00 AM,32440,12883,19557
1/23/2015 12:00:00 AM,4/5/2015 12:00:00 AM,32241,12642,19599
1/23/2015 12:00:00 AM,4/6/2015 12:00:00 AM,33540,13227,20313
1/23/2015 12:00:00 AM,4/7/2015 12:00:00 AM,34441,13227,21214
1/23/2015 12:00:00 AM,4/8/2015 12:00:00 AM,32431,13227,19204
1/23/2015 12:00:00 AM,4/9/2015 12:00:00 AM,33621,13827,19794
1/23/2015 12:00:00 AM,4/10/2015 12:00:00 AM,33876,14692,19184
1/23/2015 12:00:00 AM,4/11/2015 12:00:00 AM,39101,16045,23056
1/23/2015 12:00:00 AM,4/12/2015 12:00:00 AM,38941,16430,22511
1/23/2015 12:00:00 AM,4/13/2015 12:00:00 AM,39753,16039,23714
1/23/2015 12:00:00 AM,4/14/2015 12:00:00 AM,37211,15061,22150
1/23/2015 12:00:00 AM,4/15/2015 12:00:00 AM,37154,15136,22018
1/23/2015 12:00:00 AM,4/16/2015 12:00:00 AM,37275,15135,22140
1/23/2015 12:00:00 AM,4/17/2015 12:00:00 AM,37134,15472,21662
1/23/2015 12:00:00 AM,4/18/2015 12:00:00 AM,40534,17328,23206
1/23/2015 12:00:00 AM,4/19/2015 12:00:00 AM,40493,17337,23156
1/23/2015 12:00:00 AM,4/20/2015 12:00:00 AM,41310,17650,23660
1/23/2015 12:00:00 AM,4/21/2015 12:00:00 AM,37103,13906,23197
1/23/2015 12:00:00 AM,4/22/2015 12:00:00 AM,36935,13906,23029
1/23/2015 12:00:00 AM,4/23/2015 12:00:00 AM,36700,13756,22944
1/23/2015 12:00:00 AM,4/24/2015 12:00:00 AM,38442,14170,24272
1/22/2015 12:00:00 AM,1/23/2015 12:00:00 AM,2123,636,1487
1/22/2015 12:00:00 AM,1/24/2015 12:00:00 AM,2393,906,1487
1/22/2015 12:00:00 AM,1/25/2015 12:00:00 AM,2248,761,1487
1/22/2015 12:00:00 AM,1/26/2015 12:00:00 AM,2115,636,1479
1/22/2015 12:00:00 AM,1/27/2015 12:00:00 AM,1970,491,1479
1/22/2015 12:00:00 AM,1/28/2015 12:00:00 AM,1970,491,1479
1/22/2015 12:00:00 AM,1/29/2015 12:00:00 AM,1938,491,1447
1/22/2015 12:00:00 AM,1/30/2015 12:00:00 AM,1881,491,1390
1/22/2015 12:00:00 AM,1/31/2015 12:00:00 AM,3138,761,2377
1/22/2015 12:00:00 AM,2/1/2015 12:00:00 AM,4493,1627,2866
1/22/2015 12:00:00 AM,2/2/2015 12:00:00 AM,4479,1627,2852
1/22/2015 12:00:00 AM,2/3/2015 12:00:00 AM,4438,1627,2811
1/22/2015 12:00:00 AM,2/4/2015 12:00:00 AM,4481,1627,2854
1/22/2015 12:00:00 AM,2/5/2015 12:00:00 AM,4460,1627,2833
1/22/2015 12:00:00 AM,2/6/2015 12:00:00 AM,4460,1627,2833
1/22/2015 12:00:00 AM,2/7/2015 12:00:00 AM,4460,1627,2833
1/22/2015 12:00:00 AM,2/8/2015 12:00:00 AM,4460,1627,2833
1/22/2015 12:00:00 AM,2/9/2015 12:00:00 AM,4460,1627,2833
1/22/2015 12:00:00 AM,2/10/2015 12:00:00 AM,4460,1627,2833
1/22/2015 12:00:00 AM,2/11/2015 12:00:00 AM,4460,1627,2833
1/22/2015 12:00:00 AM,2/12/2015 12:00:00 AM,4427,1627,2800
1/22/2015 12:00:00 AM,2/13/2015 12:00:00 AM,4427,1627,2800
1/22/2015 12:00:00 AM,2/14/2015 12:00:00 AM,5874,2947,2927
1/22/2015 12:00:00 AM,2/15/2015 12:00:00 AM,6090,2947,3143
1/22/2015 12:00:00 AM,2/16/2015 12:00:00 AM,6513,2947,3566
1/22/2015 12:00:00 AM,2/17/2015 12:00:00 AM,6791,3247,3544
1/22/2015 12:00:00 AM,2/18/2015 12:00:00 AM,6791,3247,3544
1/22/2015 12:00:00 AM,2/19/2015 12:00:00 AM,6791,3247,3544
1/22/2015 12:00:00 AM,2/20/2015 12:00:00 AM,6858,3247,3611
1/22/2015 12:00:00 AM,2/21/2015 12:00:00 AM,7738,3582,4156
1/22/2015 12:00:00 AM,2/22/2015 12:00:00 AM,6701,2446,4255
1/22/2015 12:00:00 AM,2/23/2015 12:00:00 AM,6511,2446,4065
1/22/2015 12:00:00 AM,2/24/2015 12:00:00 AM,6385,2446,3939
1/22/2015 12:00:00 AM,2/25/2015 12:00:00 AM,6385,2446,3939
1/22/2015 12:00:00 AM,2/26/2015 12:00:00 AM,6385,2446,3939
1/22/2015 12:00:00 AM,2/27/2015 12:00:00 AM,6511,2446,4065
1/22/2015 12:00:00 AM,2/28/2015 12:00:00 AM,10101,3794,6307
1/22/2015 12:00:00 AM,3/1/2015 12:00:00 AM,13548,4910,8638
1/22/2015 12:00:00 AM,3/2/2015 12:00:00 AM,14383,4959,9424
1/22/2015 12:00:00 AM,3/3/2015 12:00:00 AM,14361,4959,9402
1/22/2015 12:00:00 AM,3/4/2015 12:00:00 AM,14367,4959,9408
1/22/2015 12:00:00 AM,3/5/2015 12:00:00 AM,14455,4910,9545
1/22/2015 12:00:00 AM,3/6/2015 12:00:00 AM,16017,5312,10705
1/22/2015 12:00:00 AM,3/7/2015 12:00:00 AM,19734,6896,12838
1/22/2015 12:00:00 AM,3/8/2015 12:00:00 AM,20560,6746,13814
1/22/2015 12:00:00 AM,3/9/2015 12:00:00 AM,22133,8136,13997
1/22/2015 12:00:00 AM,3/10/2015 12:00:00 AM,22133,8136,13997
1/22/2015 12:00:00 AM,3/11/2015 12:00:00 AM,22303,8136,14167
1/22/2015 12:00:00 AM,3/12/2015 12:00:00 AM,23015,8863,14152
1/22/2015 12:00:00 AM,3/13/2015 12:00:00 AM,23185,8863,14322
1/22/2015 12:00:00 AM,3/14/2015 12:00:00 AM,25865,10250,15615
1/22/2015 12:00:00 AM,3/15/2015 12:00:00 AM,24609,10177,14432
1/22/2015 12:00:00 AM,3/16/2015 12:00:00 AM,25679,10566,15113
1/22/2015 12:00:00 AM,3/17/2015 12:00:00 AM,24469,10542,13927
1/22/2015 12:00:00 AM,3/18/2015 12:00:00 AM,26818,10542,16276
1/22/2015 12:00:00 AM,3/19/2015 12:00:00 AM,26331,10542,15789
1/22/2015 12:00:00 AM,3/20/2015 12:00:00 AM,26568,10442,16126
1/22/2015 12:00:00 AM,3/21/2015 12:00:00 AM,27681,10910,16771
1/22/2015 12:00:00 AM,3/22/2015 12:00:00 AM,26293,10836,15457
1/22/2015 12:00:00 AM,3/23/2015 12:00:00 AM,29855,11485,18370
1/22/2015 12:00:00 AM,3/24/2015 12:00:00 AM,28293,11485,16808
1/22/2015 12:00:00 AM,3/25/2015 12:00:00 AM,29176,12538,16638
1/22/2015 12:00:00 AM,3/26/2015 12:00:00 AM,28676,12388,16288
1/22/2015 12:00:00 AM,3/27/2015 12:00:00 AM,29530,11966,17564
1/22/2015 12:00:00 AM,3/28/2015 12:00:00 AM,32520,12925,19595
1/22/2015 12:00:00 AM,3/29/2015 12:00:00 AM,32828,12805,20023
1/22/2015 12:00:00 AM,3/30/2015 12:00:00 AM,32538,13700,18838
1/22/2015 12:00:00 AM,3/31/2015 12:00:00 AM,30989,12557,18432
1/22/2015 12:00:00 AM,4/1/2015 12:00:00 AM,30777,13234,17543
1/22/2015 12:00:00 AM,4/2/2015 12:00:00 AM,29834,12344,17490
1/22/2015 12:00:00 AM,4/3/2015 12:00:00 AM,30302,12193,18109
1/22/2015 12:00:00 AM,4/4/2015 12:00:00 AM,32228,12883,19345
1/22/2015 12:00:00 AM,4/5/2015 12:00:00 AM,32029,12642,19387
1/22/2015 12:00:00 AM,4/6/2015 12:00:00 AM,33328,13227,20101
1/22/2015 12:00:00 AM,4/7/2015 12:00:00 AM,34274,13227,21047
1/22/2015 12:00:00 AM,4/8/2015 12:00:00 AM,32264,13227,19037
1/22/2015 12:00:00 AM,4/9/2015 12:00:00 AM,33454,13827,19627
1/22/2015 12:00:00 AM,4/10/2015 12:00:00 AM,33709,14692,19017
1/22/2015 12:00:00 AM,4/11/2015 12:00:00 AM,38852,16045,22807
1/22/2015 12:00:00 AM,4/12/2015 12:00:00 AM,38692,16430,22262
1/22/2015 12:00:00 AM,4/13/2015 12:00:00 AM,39504,16039,23465
1/22/2015 12:00:00 AM,4/14/2015 12:00:00 AM,36962,15061,21901
1/22/2015 12:00:00 AM,4/15/2015 12:00:00 AM,37021,15136,21885
1/22/2015 12:00:00 AM,4/16/2015 12:00:00 AM,37142,15135,22007
1/22/2015 12:00:00 AM,4/17/2015 12:00:00 AM,37001,15472,21529
1/22/2015 12:00:00 AM,4/18/2015 12:00:00 AM,40401,17328,23073
1/22/2015 12:00:00 AM,4/19/2015 12:00:00 AM,40360,17337,23023
1/22/2015 12:00:00 AM,4/20/2015 12:00:00 AM,41177,17650,23527
1/22/2015 12:00:00 AM,4/21/2015 12:00:00 AM,36970,13906,23064
1/22/2015 12:00:00 AM,4/22/2015 12:00:00 AM,36802,13906,22896
1/22/2015 12:00:00 AM,4/23/2015 12:00:00 AM,36567,13756,22811
1/21/2015 12:00:00 AM,1/22/2015 12:00:00 AM,1978,491,1487
1/21/2015 12:00:00 AM,1/23/2015 12:00:00 AM,2123,636,1487
1/21/2015 12:00:00 AM,1/24/2015 12:00:00 AM,2393,906,1487
1/21/2015 12:00:00 AM,1/25/2015 12:00:00 AM,2248,761,1487
1/21/2015 12:00:00 AM,1/26/2015 12:00:00 AM,2115,636,1479
1/21/2015 12:00:00 AM,1/27/2015 12:00:00 AM,1970,491,1479
1/21/2015 12:00:00 AM,1/28/2015 12:00:00 AM,1970,491,1479
1/21/2015 12:00:00 AM,1/29/2015 12:00:00 AM,1938,491,1447
1/21/2015 12:00:00 AM,1/30/2015 12:00:00 AM,1881,491,1390
1/21/2015 12:00:00 AM,1/31/2015 12:00:00 AM,3138,761,2377
1/21/2015 12:00:00 AM,2/1/2015 12:00:00 AM,4493,1627,2866
1/21/2015 12:00:00 AM,2/2/2015 12:00:00 AM,4479,1627,2852
1/21/2015 12:00:00 AM,2/3/2015 12:00:00 AM,4438,1627,2811
1/21/2015 12:00:00 AM,2/4/2015 12:00:00 AM,4481,1627,2854
1/21/2015 12:00:00 AM,2/5/2015 12:00:00 AM,4460,1627,2833
1/21/2015 12:00:00 AM,2/6/2015 12:00:00 AM,4460,1627,2833
1/21/2015 12:00:00 AM,2/7/2015 12:00:00 AM,4460,1627,2833
1/21/2015 12:00:00 AM,2/8/2015 12:00:00 AM,4460,1627,2833
1/21/2015 12:00:00 AM,2/9/2015 12:00:00 AM,4460,1627,2833
1/21/2015 12:00:00 AM,2/10/2015 12:00:00 AM,4460,1627,2833
1/21/2015 12:00:00 AM,2/11/2015 12:00:00 AM,4460,1627,2833
1/21/2015 12:00:00 AM,2/12/2015 12:00:00 AM,4427,1627,2800
1/21/2015 12:00:00 AM,2/13/2015 12:00:00 AM,4427,1627,2800
1/21/2015 12:00:00 AM,2/14/2015 12:00:00 AM,5874,2947,2927
1/21/2015 12:00:00 AM,2/15/2015 12:00:00 AM,6090,2947,3143
1/21/2015 12:00:00 AM,2/16/2015 12:00:00 AM,6513,2947,3566
1/21/2015 12:00:00 AM,2/17/2015 12:00:00 AM,6791,3247,3544
1/21/2015 12:00:00 AM,2/18/2015 12:00:00 AM,6791,3247,3544
1/21/2015 12:00:00 AM,2/19/2015 12:00:00 AM,6791,3247,3544
1/21/2015 12:00:00 AM,2/20/2015 12:00:00 AM,6858,3247,3611
1/21/2015 12:00:00 AM,2/21/2015 12:00:00 AM,7738,3582,4156
1/21/2015 12:00:00 AM,2/22/2015 12:00:00 AM,6701,2446,4255
1/21/2015 12:00:00 AM,2/23/2015 12:00:00 AM,6511,2446,4065
1/21/2015 12:00:00 AM,2/24/2015 12:00:00 AM,6385,2446,3939
1/21/2015 12:00:00 AM,2/25/2015 12:00:00 AM,6385,2446,3939
1/21/2015 12:00:00 AM,2/26/2015 12:00:00 AM,6385,2446,3939
1/21/2015 12:00:00 AM,2/27/2015 12:00:00 AM,6511,2446,4065
1/21/2015 12:00:00 AM,2/28/2015 12:00:00 AM,10101,3794,6307
1/21/2015 12:00:00 AM,3/1/2015 12:00:00 AM,13548,4910,8638
1/21/2015 12:00:00 AM,3/2/2015 12:00:00 AM,14383,4959,9424
1/21/2015 12:00:00 AM,3/3/2015 12:00:00 AM,14361,4959,9402
1/21/2015 12:00:00 AM,3/4/2015 12:00:00 AM,14361,4959,9402
1/21/2015 12:00:00 AM,3/5/2015 12:00:00 AM,14449,4910,9539
1/21/2015 12:00:00 AM,3/6/2015 12:00:00 AM,16171,5472,10699
1/21/2015 12:00:00 AM,3/7/2015 12:00:00 AM,19888,7056,12832
1/21/2015 12:00:00 AM,3/8/2015 12:00:00 AM,20714,6906,13808
1/21/2015 12:00:00 AM,3/9/2015 12:00:00 AM,22287,8296,13991
1/21/2015 12:00:00 AM,3/10/2015 12:00:00 AM,22287,8296,13991
1/21/2015 12:00:00 AM,3/11/2015 12:00:00 AM,22457,8296,14161
1/21/2015 12:00:00 AM,3/12/2015 12:00:00 AM,23169,9023,14146
1/21/2015 12:00:00 AM,3/13/2015 12:00:00 AM,23339,9023,14316
1/21/2015 12:00:00 AM,3/14/2015 12:00:00 AM,26019,10410,15609
1/21/2015 12:00:00 AM,3/15/2015 12:00:00 AM,24763,10337,14426
1/21/2015 12:00:00 AM,3/16/2015 12:00:00 AM,25833,10726,15107
1/21/2015 12:00:00 AM,3/17/2015 12:00:00 AM,24623,10702,13921
1/21/2015 12:00:00 AM,3/18/2015 12:00:00 AM,26972,10702,16270
1/21/2015 12:00:00 AM,3/19/2015 12:00:00 AM,26485,10702,15783
1/21/2015 12:00:00 AM,3/20/2015 12:00:00 AM,26722,10602,16120
1/21/2015 12:00:00 AM,3/21/2015 12:00:00 AM,27668,10903,16765
1/21/2015 12:00:00 AM,3/22/2015 12:00:00 AM,26280,10829,15451
1/21/2015 12:00:00 AM,3/23/2015 12:00:00 AM,29842,11478,18364
1/21/2015 12:00:00 AM,3/24/2015 12:00:00 AM,28280,11478,16802
1/21/2015 12:00:00 AM,3/25/2015 12:00:00 AM,29163,12531,16632
1/21/2015 12:00:00 AM,3/26/2015 12:00:00 AM,28663,12381,16282
1/21/2015 12:00:00 AM,3/27/2015 12:00:00 AM,29517,11959,17558
1/21/2015 12:00:00 AM,3/28/2015 12:00:00 AM,32340,12751,19589
1/21/2015 12:00:00 AM,3/29/2015 12:00:00 AM,32648,12631,20017
1/21/2015 12:00:00 AM,3/30/2015 12:00:00 AM,32191,13359,18832
1/21/2015 12:00:00 AM,3/31/2015 12:00:00 AM,30815,12383,18432
1/21/2015 12:00:00 AM,4/1/2015 12:00:00 AM,30430,12893,17537
1/21/2015 12:00:00 AM,4/2/2015 12:00:00 AM,29333,11843,17490
1/21/2015 12:00:00 AM,4/3/2015 12:00:00 AM,30513,11852,18661
1/21/2015 12:00:00 AM,4/4/2015 12:00:00 AM,31826,12549,19277
1/21/2015 12:00:00 AM,4/5/2015 12:00:00 AM,31794,12475,19319
1/21/2015 12:00:00 AM,4/6/2015 12:00:00 AM,33093,13060,20033
1/21/2015 12:00:00 AM,4/7/2015 12:00:00 AM,34039,13060,20979
1/21/2015 12:00:00 AM,4/8/2015 12:00:00 AM,32029,13060,18969
1/21/2015 12:00:00 AM,4/9/2015 12:00:00 AM,33219,13660,19559
1/21/2015 12:00:00 AM,4/10/2015 12:00:00 AM,33474,14525,18949
1/21/2015 12:00:00 AM,4/11/2015 12:00:00 AM,38617,15878,22739
1/21/2015 12:00:00 AM,4/12/2015 12:00:00 AM,38077,16263,21814
1/21/2015 12:00:00 AM,4/13/2015 12:00:00 AM,39124,16039,23085
1/21/2015 12:00:00 AM,4/14/2015 12:00:00 AM,36582,15061,21521
1/21/2015 12:00:00 AM,4/15/2015 12:00:00 AM,36641,15136,21505
1/21/2015 12:00:00 AM,4/16/2015 12:00:00 AM,36762,15135,21627
1/21/2015 12:00:00 AM,4/17/2015 12:00:00 AM,36621,15472,21149
1/21/2015 12:00:00 AM,4/18/2015 12:00:00 AM,40021,17328,22693
1/21/2015 12:00:00 AM,4/19/2015 12:00:00 AM,39980,17337,22643
1/21/2015 12:00:00 AM,4/20/2015 12:00:00 AM,40797,17650,23147
1/21/2015 12:00:00 AM,4/21/2015 12:00:00 AM,36590,13906,22684
1/21/2015 12:00:00 AM,4/22/2015 12:00:00 AM,36422,13906,22516
1/20/2015 12:00:00 AM,1/21/2015 12:00:00 AM,1978,491,1487
1/20/2015 12:00:00 AM,1/22/2015 12:00:00 AM,1978,491,1487
1/20/2015 12:00:00 AM,1/23/2015 12:00:00 AM,2123,636,1487
1/20/2015 12:00:00 AM,1/24/2015 12:00:00 AM,2361,906,1455
1/20/2015 12:00:00 AM,1/25/2015 12:00:00 AM,2216,761,1455
1/20/2015 12:00:00 AM,1/26/2015 12:00:00 AM,2083,636,1447
1/20/2015 12:00:00 AM,1/27/2015 12:00:00 AM,1938,491,1447
1/20/2015 12:00:00 AM,1/28/2015 12:00:00 AM,1938,491,1447
1/20/2015 12:00:00 AM,1/29/2015 12:00:00 AM,1938,491,1447
1/20/2015 12:00:00 AM,1/30/2015 12:00:00 AM,1881,491,1390
1/20/2015 12:00:00 AM,1/31/2015 12:00:00 AM,3138,761,2377
1/20/2015 12:00:00 AM,2/1/2015 12:00:00 AM,4493,1627,2866
1/20/2015 12:00:00 AM,2/2/2015 12:00:00 AM,4479,1627,2852
1/20/2015 12:00:00 AM,2/3/2015 12:00:00 AM,4438,1627,2811
1/20/2015 12:00:00 AM,2/4/2015 12:00:00 AM,4481,1627,2854
1/20/2015 12:00:00 AM,2/5/2015 12:00:00 AM,4460,1627,2833
1/20/2015 12:00:00 AM,2/6/2015 12:00:00 AM,4460,1627,2833
1/20/2015 12:00:00 AM,2/7/2015 12:00:00 AM,4460,1627,2833
1/20/2015 12:00:00 AM,2/8/2015 12:00:00 AM,4460,1627,2833
1/20/2015 12:00:00 AM,2/9/2015 12:00:00 AM,4460,1627,2833
1/20/2015 12:00:00 AM,2/10/2015 12:00:00 AM,4460,1627,2833
1/20/2015 12:00:00 AM,2/11/2015 12:00:00 AM,4460,1627,2833
1/20/2015 12:00:00 AM,2/12/2015 12:00:00 AM,4427,1627,2800
1/20/2015 12:00:00 AM,2/13/2015 12:00:00 AM,4427,1627,2800
1/20/2015 12:00:00 AM,2/14/2015 12:00:00 AM,5874,2947,2927
1/20/2015 12:00:00 AM,2/15/2015 12:00:00 AM,6090,2947,3143
1/20/2015 12:00:00 AM,2/16/2015 12:00:00 AM,6513,2947,3566
1/20/2015 12:00:00 AM,2/17/2015 12:00:00 AM,6791,3247,3544
1/20/2015 12:00:00 AM,2/18/2015 12:00:00 AM,6791,3247,3544
1/20/2015 12:00:00 AM,2/19/2015 12:00:00 AM,6791,3247,3544
1/20/2015 12:00:00 AM,2/20/2015 12:00:00 AM,6858,3247,3611
1/20/2015 12:00:00 AM,2/21/2015 12:00:00 AM,7738,3582,4156
1/20/2015 12:00:00 AM,2/22/2015 12:00:00 AM,6701,2446,4255
1/20/2015 12:00:00 AM,2/23/2015 12:00:00 AM,6511,2446,4065
1/20/2015 12:00:00 AM,2/24/2015 12:00:00 AM,6385,2446,3939
1/20/2015 12:00:00 AM,2/25/2015 12:00:00 AM,6385,2446,3939
1/20/2015 12:00:00 AM,2/26/2015 12:00:00 AM,6385,2446,3939
1/20/2015 12:00:00 AM,2/27/2015 12:00:00 AM,6511,2446,4065
1/20/2015 12:00:00 AM,2/28/2015 12:00:00 AM,10101,3794,6307
1/20/2015 12:00:00 AM,3/1/2015 12:00:00 AM,13518,4910,8608
1/20/2015 12:00:00 AM,3/2/2015 12:00:00 AM,14178,4959,9219
1/20/2015 12:00:00 AM,3/3/2015 12:00:00 AM,14156,4959,9197
1/20/2015 12:00:00 AM,3/4/2015 12:00:00 AM,14156,4959,9197
1/20/2015 12:00:00 AM,3/5/2015 12:00:00 AM,14244,4910,9334
1/20/2015 12:00:00 AM,3/6/2015 12:00:00 AM,15966,5472,10494
1/20/2015 12:00:00 AM,3/7/2015 12:00:00 AM,19683,7056,12627
1/20/2015 12:00:00 AM,3/8/2015 12:00:00 AM,20509,6906,13603
1/20/2015 12:00:00 AM,3/9/2015 12:00:00 AM,22082,8296,13786
1/20/2015 12:00:00 AM,3/10/2015 12:00:00 AM,22082,8296,13786
1/20/2015 12:00:00 AM,3/11/2015 12:00:00 AM,22252,8296,13956
1/20/2015 12:00:00 AM,3/12/2015 12:00:00 AM,22964,9023,13941
1/20/2015 12:00:00 AM,3/13/2015 12:00:00 AM,23134,9023,14111
1/20/2015 12:00:00 AM,3/14/2015 12:00:00 AM,25814,10410,15404
1/20/2015 12:00:00 AM,3/15/2015 12:00:00 AM,24237,10016,14221
1/20/2015 12:00:00 AM,3/16/2015 12:00:00 AM,25307,10405,14902
1/20/2015 12:00:00 AM,3/17/2015 12:00:00 AM,24097,10381,13716
1/20/2015 12:00:00 AM,3/18/2015 12:00:00 AM,26446,10381,16065
1/20/2015 12:00:00 AM,3/19/2015 12:00:00 AM,25959,10381,15578
1/20/2015 12:00:00 AM,3/20/2015 12:00:00 AM,25912,10114,15798
1/20/2015 12:00:00 AM,3/21/2015 12:00:00 AM,26858,10415,16443
1/20/2015 12:00:00 AM,3/22/2015 12:00:00 AM,25470,10341,15129
1/20/2015 12:00:00 AM,3/23/2015 12:00:00 AM,29032,10990,18042
1/20/2015 12:00:00 AM,3/24/2015 12:00:00 AM,27470,10990,16480
1/20/2015 12:00:00 AM,3/25/2015 12:00:00 AM,28353,12043,16310
1/20/2015 12:00:00 AM,3/26/2015 12:00:00 AM,27853,11893,15960
1/20/2015 12:00:00 AM,3/27/2015 12:00:00 AM,28868,11632,17236
1/20/2015 12:00:00 AM,3/28/2015 12:00:00 AM,31858,12591,19267
1/20/2015 12:00:00 AM,3/29/2015 12:00:00 AM,32166,12471,19695
1/20/2015 12:00:00 AM,3/30/2015 12:00:00 AM,31826,13199,18627
1/20/2015 12:00:00 AM,3/31/2015 12:00:00 AM,30450,12223,18227
1/20/2015 12:00:00 AM,4/1/2015 12:00:00 AM,30065,12733,17332
1/20/2015 12:00:00 AM,4/2/2015 12:00:00 AM,28968,11683,17285
1/20/2015 12:00:00 AM,4/3/2015 12:00:00 AM,30148,11692,18456
1/20/2015 12:00:00 AM,4/4/2015 12:00:00 AM,32241,12549,19692
1/20/2015 12:00:00 AM,4/5/2015 12:00:00 AM,32209,12475,19734
1/20/2015 12:00:00 AM,4/6/2015 12:00:00 AM,33508,13060,20448
1/20/2015 12:00:00 AM,4/7/2015 12:00:00 AM,34454,13060,21394
1/20/2015 12:00:00 AM,4/8/2015 12:00:00 AM,32444,13060,19384
1/20/2015 12:00:00 AM,4/9/2015 12:00:00 AM,33634,13660,19974
1/20/2015 12:00:00 AM,4/10/2015 12:00:00 AM,33889,14525,19364
1/20/2015 12:00:00 AM,4/11/2015 12:00:00 AM,39032,15878,23154
1/20/2015 12:00:00 AM,4/12/2015 12:00:00 AM,38649,16420,22229
1/20/2015 12:00:00 AM,4/13/2015 12:00:00 AM,39076,16196,22880
1/20/2015 12:00:00 AM,4/14/2015 12:00:00 AM,36192,14876,21316
1/20/2015 12:00:00 AM,4/15/2015 12:00:00 AM,36251,14951,21300
1/20/2015 12:00:00 AM,4/16/2015 12:00:00 AM,36372,14950,21422
1/20/2015 12:00:00 AM,4/17/2015 12:00:00 AM,36231,15287,20944
1/20/2015 12:00:00 AM,4/18/2015 12:00:00 AM,39973,17485,22488
1/20/2015 12:00:00 AM,4/19/2015 12:00:00 AM,39932,17494,22438
1/20/2015 12:00:00 AM,4/20/2015 12:00:00 AM,40910,17968,22942
1/20/2015 12:00:00 AM,4/21/2015 12:00:00 AM,36703,14224,22479
1/19/2015 12:00:00 AM,1/20/2015 12:00:00 AM,1978,491,1487
1/19/2015 12:00:00 AM,1/21/2015 12:00:00 AM,1978,491,1487
1/19/2015 12:00:00 AM,1/22/2015 12:00:00 AM,1978,491,1487
1/19/2015 12:00:00 AM,1/23/2015 12:00:00 AM,2123,636,1487
1/19/2015 12:00:00 AM,1/24/2015 12:00:00 AM,2361,906,1455
1/19/2015 12:00:00 AM,1/25/2015 12:00:00 AM,2216,761,1455
1/19/2015 12:00:00 AM,1/26/2015 12:00:00 AM,2083,636,1447
1/19/2015 12:00:00 AM,1/27/2015 12:00:00 AM,1938,491,1447
1/19/2015 12:00:00 AM,1/28/2015 12:00:00 AM,1938,491,1447
1/19/2015 12:00:00 AM,1/29/2015 12:00:00 AM,1938,491,1447
1/19/2015 12:00:00 AM,1/30/2015 12:00:00 AM,1881,491,1390
1/19/2015 12:00:00 AM,1/31/2015 12:00:00 AM,3138,761,2377
1/19/2015 12:00:00 AM,2/1/2015 12:00:00 AM,4493,1627,2866
1/19/2015 12:00:00 AM,2/2/2015 12:00:00 AM,4479,1627,2852
1/19/2015 12:00:00 AM,2/3/2015 12:00:00 AM,4438,1627,2811
1/19/2015 12:00:00 AM,2/4/2015 12:00:00 AM,4481,1627,2854
1/19/2015 12:00:00 AM,2/5/2015 12:00:00 AM,4460,1627,2833
1/19/2015 12:00:00 AM,2/6/2015 12:00:00 AM,4460,1627,2833
1/19/2015 12:00:00 AM,2/7/2015 12:00:00 AM,4460,1627,2833
1/19/2015 12:00:00 AM,2/8/2015 12:00:00 AM,4460,1627,2833
1/19/2015 12:00:00 AM,2/9/2015 12:00:00 AM,4460,1627,2833
1/19/2015 12:00:00 AM,2/10/2015 12:00:00 AM,4460,1627,2833
1/19/2015 12:00:00 AM,2/11/2015 12:00:00 AM,4460,1627,2833
1/19/2015 12:00:00 AM,2/12/2015 12:00:00 AM,4427,1627,2800
1/19/2015 12:00:00 AM,2/13/2015 12:00:00 AM,4427,1627,2800
1/19/2015 12:00:00 AM,2/14/2015 12:00:00 AM,5874,2947,2927
1/19/2015 12:00:00 AM,2/15/2015 12:00:00 AM,6090,2947,3143
1/19/2015 12:00:00 AM,2/16/2015 12:00:00 AM,6513,2947,3566
1/19/2015 12:00:00 AM,2/17/2015 12:00:00 AM,6791,3247,3544
1/19/2015 12:00:00 AM,2/18/2015 12:00:00 AM,6791,3247,3544
1/19/2015 12:00:00 AM,2/19/2015 12:00:00 AM,6791,3247,3544
1/19/2015 12:00:00 AM,2/20/2015 12:00:00 AM,6858,3247,3611
1/19/2015 12:00:00 AM,2/21/2015 12:00:00 AM,7738,3582,4156
1/19/2015 12:00:00 AM,2/22/2015 12:00:00 AM,6701,2446,4255
1/19/2015 12:00:00 AM,2/23/2015 12:00:00 AM,6511,2446,4065
1/19/2015 12:00:00 AM,2/24/2015 12:00:00 AM,6385,2446,3939
1/19/2015 12:00:00 AM,2/25/2015 12:00:00 AM,6385,2446,3939
1/19/2015 12:00:00 AM,2/26/2015 12:00:00 AM,6385,2446,3939
1/19/2015 12:00:00 AM,2/27/2015 12:00:00 AM,6511,2446,4065
1/19/2015 12:00:00 AM,2/28/2015 12:00:00 AM,10101,3794,6307
1/19/2015 12:00:00 AM,3/1/2015 12:00:00 AM,13518,4910,8608
1/19/2015 12:00:00 AM,3/2/2015 12:00:00 AM,14129,4910,9219
1/19/2015 12:00:00 AM,3/3/2015 12:00:00 AM,14107,4910,9197
1/19/2015 12:00:00 AM,3/4/2015 12:00:00 AM,14107,4910,9197
1/19/2015 12:00:00 AM,3/5/2015 12:00:00 AM,14244,4910,9334
1/19/2015 12:00:00 AM,3/6/2015 12:00:00 AM,15966,5472,10494
1/19/2015 12:00:00 AM,3/7/2015 12:00:00 AM,19683,7056,12627
1/19/2015 12:00:00 AM,3/8/2015 12:00:00 AM,20509,6906,13603
1/19/2015 12:00:00 AM,3/9/2015 12:00:00 AM,22082,8296,13786
1/19/2015 12:00:00 AM,3/10/2015 12:00:00 AM,22082,8296,13786
1/19/2015 12:00:00 AM,3/11/2015 12:00:00 AM,22252,8296,13956
1/19/2015 12:00:00 AM,3/12/2015 12:00:00 AM,22964,9023,13941
1/19/2015 12:00:00 AM,3/13/2015 12:00:00 AM,23134,9023,14111
1/19/2015 12:00:00 AM,3/14/2015 12:00:00 AM,25814,10410,15404
1/19/2015 12:00:00 AM,3/15/2015 12:00:00 AM,24237,10016,14221
1/19/2015 12:00:00 AM,3/16/2015 12:00:00 AM,25307,10405,14902
1/19/2015 12:00:00 AM,3/17/2015 12:00:00 AM,24097,10381,13716
1/19/2015 12:00:00 AM,3/18/2015 12:00:00 AM,26446,10381,16065
1/19/2015 12:00:00 AM,3/19/2015 12:00:00 AM,25959,10381,15578
1/19/2015 12:00:00 AM,3/20/2015 12:00:00 AM,25912,10114,15798
1/19/2015 12:00:00 AM,3/21/2015 12:00:00 AM,26858,10415,16443
1/19/2015 12:00:00 AM,3/22/2015 12:00:00 AM,25470,10341,15129
1/19/2015 12:00:00 AM,3/23/2015 12:00:00 AM,29032,10990,18042
1/19/2015 12:00:00 AM,3/24/2015 12:00:00 AM,27470,10990,16480
1/19/2015 12:00:00 AM,3/25/2015 12:00:00 AM,28353,12043,16310
1/19/2015 12:00:00 AM,3/26/2015 12:00:00 AM,27853,11893,15960
1/19/2015 12:00:00 AM,3/27/2015 12:00:00 AM,28868,11632,17236
1/19/2015 12:00:00 AM,3/28/2015 12:00:00 AM,31858,12591,19267
1/19/2015 12:00:00 AM,3/29/2015 12:00:00 AM,32166,12471,19695
1/19/2015 12:00:00 AM,3/30/2015 12:00:00 AM,31826,13199,18627
1/19/2015 12:00:00 AM,3/31/2015 12:00:00 AM,30450,12223,18227
1/19/2015 12:00:00 AM,4/1/2015 12:00:00 AM,30065,12733,17332
1/19/2015 12:00:00 AM,4/2/2015 12:00:00 AM,28968,11683,17285
1/19/2015 12:00:00 AM,4/3/2015 12:00:00 AM,30148,11692,18456
1/19/2015 12:00:00 AM,4/4/2015 12:00:00 AM,32241,12549,19692
1/19/2015 12:00:00 AM,4/5/2015 12:00:00 AM,32209,12475,19734
1/19/2015 12:00:00 AM,4/6/2015 12:00:00 AM,33508,13060,20448
1/19/2015 12:00:00 AM,4/7/2015 12:00:00 AM,34454,13060,21394
1/19/2015 12:00:00 AM,4/8/2015 12:00:00 AM,32444,13060,19384
1/19/2015 12:00:00 AM,4/9/2015 12:00:00 AM,33634,13660,19974
1/19/2015 12:00:00 AM,4/10/2015 12:00:00 AM,33889,14525,19364
1/19/2015 12:00:00 AM,4/11/2015 12:00:00 AM,39032,15878,23154
1/19/2015 12:00:00 AM,4/12/2015 12:00:00 AM,38649,16420,22229
1/19/2015 12:00:00 AM,4/13/2015 12:00:00 AM,39076,16196,22880
1/19/2015 12:00:00 AM,4/14/2015 12:00:00 AM,36192,14876,21316
1/19/2015 12:00:00 AM,4/15/2015 12:00:00 AM,36251,14951,21300
1/19/2015 12:00:00 AM,4/16/2015 12:00:00 AM,36372,14950,21422
1/19/2015 12:00:00 AM,4/17/2015 12:00:00 AM,36231,15287,20944
1/19/2015 12:00:00 AM,4/18/2015 12:00:00 AM,39973,17485,22488
1/19/2015 12:00:00 AM,4/19/2015 12:00:00 AM,39932,17494,22438
1/19/2015 12:00:00 AM,4/20/2015 12:00:00 AM,40910,17968,22942
1/18/2015 12:00:00 AM,1/19/2015 12:00:00 AM,1978,491,1487
1/18/2015 12:00:00 AM,1/20/2015 12:00:00 AM,1978,491,1487
1/18/2015 12:00:00 AM,1/21/2015 12:00:00 AM,1978,491,1487
1/18/2015 12:00:00 AM,1/22/2015 12:00:00 AM,1978,491,1487
1/18/2015 12:00:00 AM,1/23/2015 12:00:00 AM,2123,636,1487
1/18/2015 12:00:00 AM,1/24/2015 12:00:00 AM,2361,906,1455
1/18/2015 12:00:00 AM,1/25/2015 12:00:00 AM,2216,761,1455
1/18/2015 12:00:00 AM,1/26/2015 12:00:00 AM,2083,636,1447
1/18/2015 12:00:00 AM,1/27/2015 12:00:00 AM,1938,491,1447
1/18/2015 12:00:00 AM,1/28/2015 12:00:00 AM,1938,491,1447
1/18/2015 12:00:00 AM,1/29/2015 12:00:00 AM,1938,491,1447
1/18/2015 12:00:00 AM,1/30/2015 12:00:00 AM,1881,491,1390
1/18/2015 12:00:00 AM,1/31/2015 12:00:00 AM,3138,761,2377
1/18/2015 12:00:00 AM,2/1/2015 12:00:00 AM,4493,1627,2866
1/18/2015 12:00:00 AM,2/2/2015 12:00:00 AM,4479,1627,2852
1/18/2015 12:00:00 AM,2/3/2015 12:00:00 AM,4438,1627,2811
1/18/2015 12:00:00 AM,2/4/2015 12:00:00 AM,4481,1627,2854
1/18/2015 12:00:00 AM,2/5/2015 12:00:00 AM,4460,1627,2833
1/18/2015 12:00:00 AM,2/6/2015 12:00:00 AM,4460,1627,2833
1/18/2015 12:00:00 AM,2/7/2015 12:00:00 AM,4460,1627,2833
1/18/2015 12:00:00 AM,2/8/2015 12:00:00 AM,4460,1627,2833
1/18/2015 12:00:00 AM,2/9/2015 12:00:00 AM,4460,1627,2833
1/18/2015 12:00:00 AM,2/10/2015 12:00:00 AM,4460,1627,2833
1/18/2015 12:00:00 AM,2/11/2015 12:00:00 AM,4460,1627,2833
1/18/2015 12:00:00 AM,2/12/2015 12:00:00 AM,4427,1627,2800
1/18/2015 12:00:00 AM,2/13/2015 12:00:00 AM,4427,1627,2800
1/18/2015 12:00:00 AM,2/14/2015 12:00:00 AM,5874,2947,2927
1/18/2015 12:00:00 AM,2/15/2015 12:00:00 AM,6090,2947,3143
1/18/2015 12:00:00 AM,2/16/2015 12:00:00 AM,6513,2947,3566
1/18/2015 12:00:00 AM,2/17/2015 12:00:00 AM,6791,3247,3544
1/18/2015 12:00:00 AM,2/18/2015 12:00:00 AM,6791,3247,3544
1/18/2015 12:00:00 AM,2/19/2015 12:00:00 AM,6791,3247,3544
1/18/2015 12:00:00 AM,2/20/2015 12:00:00 AM,6858,3247,3611
1/18/2015 12:00:00 AM,2/21/2015 12:00:00 AM,7738,3582,4156
1/18/2015 12:00:00 AM,2/22/2015 12:00:00 AM,6701,2446,4255
1/18/2015 12:00:00 AM,2/23/2015 12:00:00 AM,6511,2446,4065
1/18/2015 12:00:00 AM,2/24/2015 12:00:00 AM,6385,2446,3939
1/18/2015 12:00:00 AM,2/25/2015 12:00:00 AM,6385,2446,3939
1/18/2015 12:00:00 AM,2/26/2015 12:00:00 AM,6385,2446,3939
1/18/2015 12:00:00 AM,2/27/2015 12:00:00 AM,6511,2446,4065
1/18/2015 12:00:00 AM,2/28/2015 12:00:00 AM,10101,3794,6307
1/18/2015 12:00:00 AM,3/1/2015 12:00:00 AM,13518,4910,8608
1/18/2015 12:00:00 AM,3/2/2015 12:00:00 AM,14129,4910,9219
1/18/2015 12:00:00 AM,3/3/2015 12:00:00 AM,14107,4910,9197
1/18/2015 12:00:00 AM,3/4/2015 12:00:00 AM,14107,4910,9197
1/18/2015 12:00:00 AM,3/5/2015 12:00:00 AM,14244,4910,9334
1/18/2015 12:00:00 AM,3/6/2015 12:00:00 AM,15966,5472,10494
1/18/2015 12:00:00 AM,3/7/2015 12:00:00 AM,19683,7056,12627
1/18/2015 12:00:00 AM,3/8/2015 12:00:00 AM,20509,6906,13603
1/18/2015 12:00:00 AM,3/9/2015 12:00:00 AM,22082,8296,13786
1/18/2015 12:00:00 AM,3/10/2015 12:00:00 AM,22082,8296,13786
1/18/2015 12:00:00 AM,3/11/2015 12:00:00 AM,22252,8296,13956
1/18/2015 12:00:00 AM,3/12/2015 12:00:00 AM,22964,9023,13941
1/18/2015 12:00:00 AM,3/13/2015 12:00:00 AM,23134,9023,14111
1/18/2015 12:00:00 AM,3/14/2015 12:00:00 AM,25814,10410,15404
1/18/2015 12:00:00 AM,3/15/2015 12:00:00 AM,24237,10016,14221
1/18/2015 12:00:00 AM,3/16/2015 12:00:00 AM,25307,10405,14902
1/18/2015 12:00:00 AM,3/17/2015 12:00:00 AM,24097,10381,13716
1/18/2015 12:00:00 AM,3/18/2015 12:00:00 AM,26446,10381,16065
1/18/2015 12:00:00 AM,3/19/2015 12:00:00 AM,25959,10381,15578
1/18/2015 12:00:00 AM,3/20/2015 12:00:00 AM,25912,10114,15798
1/18/2015 12:00:00 AM,3/21/2015 12:00:00 AM,26858,10415,16443
1/18/2015 12:00:00 AM,3/22/2015 12:00:00 AM,25470,10341,15129
1/18/2015 12:00:00 AM,3/23/2015 12:00:00 AM,29032,10990,18042
1/18/2015 12:00:00 AM,3/24/2015 12:00:00 AM,27470,10990,16480
1/18/2015 12:00:00 AM,3/25/2015 12:00:00 AM,28353,12043,16310
1/18/2015 12:00:00 AM,3/26/2015 12:00:00 AM,27853,11893,15960
1/18/2015 12:00:00 AM,3/27/2015 12:00:00 AM,28868,11632,17236
1/18/2015 12:00:00 AM,3/28/2015 12:00:00 AM,31858,12591,19267
1/18/2015 12:00:00 AM,3/29/2015 12:00:00 AM,32166,12471,19695
1/18/2015 12:00:00 AM,3/30/2015 12:00:00 AM,31826,13199,18627
1/18/2015 12:00:00 AM,3/31/2015 12:00:00 AM,30450,12223,18227
1/18/2015 12:00:00 AM,4/1/2015 12:00:00 AM,30065,12733,17332
1/18/2015 12:00:00 AM,4/2/2015 12:00:00 AM,28968,11683,17285
1/18/2015 12:00:00 AM,4/3/2015 12:00:00 AM,30148,11692,18456
1/18/2015 12:00:00 AM,4/4/2015 12:00:00 AM,32241,12549,19692
1/18/2015 12:00:00 AM,4/5/2015 12:00:00 AM,32209,12475,19734
1/18/2015 12:00:00 AM,4/6/2015 12:00:00 AM,33508,13060,20448
1/18/2015 12:00:00 AM,4/7/2015 12:00:00 AM,34454,13060,21394
1/18/2015 12:00:00 AM,4/8/2015 12:00:00 AM,32444,13060,19384
1/18/2015 12:00:00 AM,4/9/2015 12:00:00 AM,33634,13660,19974
1/18/2015 12:00:00 AM,4/10/2015 12:00:00 AM,33889,14525,19364
1/18/2015 12:00:00 AM,4/11/2015 12:00:00 AM,39032,15878,23154
1/18/2015 12:00:00 AM,4/12/2015 12:00:00 AM,38649,16420,22229
1/18/2015 12:00:00 AM,4/13/2015 12:00:00 AM,39076,16196,22880
1/18/2015 12:00:00 AM,4/14/2015 12:00:00 AM,36192,14876,21316
1/18/2015 12:00:00 AM,4/15/2015 12:00:00 AM,36251,14951,21300
1/18/2015 12:00:00 AM,4/16/2015 12:00:00 AM,36372,14950,21422
1/18/2015 12:00:00 AM,4/17/2015 12:00:00 AM,36231,15287,20944
1/18/2015 12:00:00 AM,4/18/2015 12:00:00 AM,39973,17485,22488
1/18/2015 12:00:00 AM,4/19/2015 12:00:00 AM,39932,17494,22438
1/17/2015 12:00:00 AM,1/18/2015 12:00:00 AM,2252,761,1491
1/17/2015 12:00:00 AM,1/19/2015 12:00:00 AM,1978,491,1487
1/17/2015 12:00:00 AM,1/20/2015 12:00:00 AM,1978,491,1487
1/17/2015 12:00:00 AM,1/21/2015 12:00:00 AM,1978,491,1487
1/17/2015 12:00:00 AM,1/22/2015 12:00:00 AM,1978,491,1487
1/17/2015 12:00:00 AM,1/23/2015 12:00:00 AM,2123,636,1487
1/17/2015 12:00:00 AM,1/24/2015 12:00:00 AM,2361,906,1455
1/17/2015 12:00:00 AM,1/25/2015 12:00:00 AM,2216,761,1455
1/17/2015 12:00:00 AM,1/26/2015 12:00:00 AM,2083,636,1447
1/17/2015 12:00:00 AM,1/27/2015 12:00:00 AM,1938,491,1447
1/17/2015 12:00:00 AM,1/28/2015 12:00:00 AM,1938,491,1447
1/17/2015 12:00:00 AM,1/29/2015 12:00:00 AM,1938,491,1447
1/17/2015 12:00:00 AM,1/30/2015 12:00:00 AM,1881,491,1390
1/17/2015 12:00:00 AM,1/31/2015 12:00:00 AM,3138,761,2377
1/17/2015 12:00:00 AM,2/1/2015 12:00:00 AM,4493,1627,2866
1/17/2015 12:00:00 AM,2/2/2015 12:00:00 AM,4479,1627,2852
1/17/2015 12:00:00 AM,2/3/2015 12:00:00 AM,4438,1627,2811
1/17/2015 12:00:00 AM,2/4/2015 12:00:00 AM,4481,1627,2854
1/17/2015 12:00:00 AM,2/5/2015 12:00:00 AM,4460,1627,2833
1/17/2015 12:00:00 AM,2/6/2015 12:00:00 AM,4460,1627,2833
1/17/2015 12:00:00 AM,2/7/2015 12:00:00 AM,4460,1627,2833
1/17/2015 12:00:00 AM,2/8/2015 12:00:00 AM,4460,1627,2833
1/17/2015 12:00:00 AM,2/9/2015 12:00:00 AM,4460,1627,2833
1/17/2015 12:00:00 AM,2/10/2015 12:00:00 AM,4460,1627,2833
1/17/2015 12:00:00 AM,2/11/2015 12:00:00 AM,4460,1627,2833
1/17/2015 12:00:00 AM,2/12/2015 12:00:00 AM,4427,1627,2800
1/17/2015 12:00:00 AM,2/13/2015 12:00:00 AM,4427,1627,2800
1/17/2015 12:00:00 AM,2/14/2015 12:00:00 AM,5874,2947,2927
1/17/2015 12:00:00 AM,2/15/2015 12:00:00 AM,6090,2947,3143
1/17/2015 12:00:00 AM,2/16/2015 12:00:00 AM,6513,2947,3566
1/17/2015 12:00:00 AM,2/17/2015 12:00:00 AM,6791,3247,3544
1/17/2015 12:00:00 AM,2/18/2015 12:00:00 AM,6791,3247,3544
1/17/2015 12:00:00 AM,2/19/2015 12:00:00 AM,6791,3247,3544
1/17/2015 12:00:00 AM,2/20/2015 12:00:00 AM,6858,3247,3611
1/17/2015 12:00:00 AM,2/21/2015 12:00:00 AM,7738,3582,4156
1/17/2015 12:00:00 AM,2/22/2015 12:00:00 AM,6701,2446,4255
1/17/2015 12:00:00 AM,2/23/2015 12:00:00 AM,6511,2446,4065
1/17/2015 12:00:00 AM,2/24/2015 12:00:00 AM,6385,2446,3939
1/17/2015 12:00:00 AM,2/25/2015 12:00:00 AM,6385,2446,3939
1/17/2015 12:00:00 AM,2/26/2015 12:00:00 AM,6385,2446,3939
1/17/2015 12:00:00 AM,2/27/2015 12:00:00 AM,6511,2446,4065
1/17/2015 12:00:00 AM,2/28/2015 12:00:00 AM,10101,3794,6307
1/17/2015 12:00:00 AM,3/1/2015 12:00:00 AM,13518,4910,8608
1/17/2015 12:00:00 AM,3/2/2015 12:00:00 AM,14129,4910,9219
1/17/2015 12:00:00 AM,3/3/2015 12:00:00 AM,14107,4910,9197
1/17/2015 12:00:00 AM,3/4/2015 12:00:00 AM,14107,4910,9197
1/17/2015 12:00:00 AM,3/5/2015 12:00:00 AM,14244,4910,9334
1/17/2015 12:00:00 AM,3/6/2015 12:00:00 AM,15966,5472,10494
1/17/2015 12:00:00 AM,3/7/2015 12:00:00 AM,19683,7056,12627
1/17/2015 12:00:00 AM,3/8/2015 12:00:00 AM,20509,6906,13603
1/17/2015 12:00:00 AM,3/9/2015 12:00:00 AM,22082,8296,13786
1/17/2015 12:00:00 AM,3/10/2015 12:00:00 AM,22082,8296,13786
1/17/2015 12:00:00 AM,3/11/2015 12:00:00 AM,22252,8296,13956
1/17/2015 12:00:00 AM,3/12/2015 12:00:00 AM,22964,9023,13941
1/17/2015 12:00:00 AM,3/13/2015 12:00:00 AM,23134,9023,14111
1/17/2015 12:00:00 AM,3/14/2015 12:00:00 AM,25814,10410,15404
1/17/2015 12:00:00 AM,3/15/2015 12:00:00 AM,24237,10016,14221
1/17/2015 12:00:00 AM,3/16/2015 12:00:00 AM,25307,10405,14902
1/17/2015 12:00:00 AM,3/17/2015 12:00:00 AM,24097,10381,13716
1/17/2015 12:00:00 AM,3/18/2015 12:00:00 AM,26446,10381,16065
1/17/2015 12:00:00 AM,3/19/2015 12:00:00 AM,25959,10381,15578
1/17/2015 12:00:00 AM,3/20/2015 12:00:00 AM,25912,10114,15798
1/17/2015 12:00:00 AM,3/21/2015 12:00:00 AM,26858,10415,16443
1/17/2015 12:00:00 AM,3/22/2015 12:00:00 AM,25470,10341,15129
1/17/2015 12:00:00 AM,3/23/2015 12:00:00 AM,29032,10990,18042
1/17/2015 12:00:00 AM,3/24/2015 12:00:00 AM,27470,10990,16480
1/17/2015 12:00:00 AM,3/25/2015 12:00:00 AM,28353,12043,16310
1/17/2015 12:00:00 AM,3/26/2015 12:00:00 AM,27853,11893,15960
1/17/2015 12:00:00 AM,3/27/2015 12:00:00 AM,28868,11632,17236
1/17/2015 12:00:00 AM,3/28/2015 12:00:00 AM,31858,12591,19267
1/17/2015 12:00:00 AM,3/29/2015 12:00:00 AM,32166,12471,19695
1/17/2015 12:00:00 AM,3/30/2015 12:00:00 AM,31826,13199,18627
1/17/2015 12:00:00 AM,3/31/2015 12:00:00 AM,30450,12223,18227
1/17/2015 12:00:00 AM,4/1/2015 12:00:00 AM,30065,12733,17332
1/17/2015 12:00:00 AM,4/2/2015 12:00:00 AM,28968,11683,17285
1/17/2015 12:00:00 AM,4/3/2015 12:00:00 AM,30148,11692,18456
1/17/2015 12:00:00 AM,4/4/2015 12:00:00 AM,32241,12549,19692
1/17/2015 12:00:00 AM,4/5/2015 12:00:00 AM,32209,12475,19734
1/17/2015 12:00:00 AM,4/6/2015 12:00:00 AM,33508,13060,20448
1/17/2015 12:00:00 AM,4/7/2015 12:00:00 AM,34454,13060,21394
1/17/2015 12:00:00 AM,4/8/2015 12:00:00 AM,32444,13060,19384
1/17/2015 12:00:00 AM,4/9/2015 12:00:00 AM,33634,13660,19974
1/17/2015 12:00:00 AM,4/10/2015 12:00:00 AM,33889,14525,19364
1/17/2015 12:00:00 AM,4/11/2015 12:00:00 AM,39032,15878,23154
1/17/2015 12:00:00 AM,4/12/2015 12:00:00 AM,38649,16420,22229
1/17/2015 12:00:00 AM,4/13/2015 12:00:00 AM,39076,16196,22880
1/17/2015 12:00:00 AM,4/14/2015 12:00:00 AM,36192,14876,21316
1/17/2015 12:00:00 AM,4/15/2015 12:00:00 AM,36251,14951,21300
1/17/2015 12:00:00 AM,4/16/2015 12:00:00 AM,36372,14950,21422
1/17/2015 12:00:00 AM,4/17/2015 12:00:00 AM,36231,15287,20944
1/17/2015 12:00:00 AM,4/18/2015 12:00:00 AM,39973,17485,22488
1/16/2015 12:00:00 AM,1/17/2015 12:00:00 AM,1946,491,1455
1/16/2015 12:00:00 AM,1/18/2015 12:00:00 AM,2252,761,1491
1/16/2015 12:00:00 AM,1/19/2015 12:00:00 AM,1978,491,1487
1/16/2015 12:00:00 AM,1/20/2015 12:00:00 AM,1978,491,1487
1/16/2015 12:00:00 AM,1/21/2015 12:00:00 AM,1978,491,1487
1/16/2015 12:00:00 AM,1/22/2015 12:00:00 AM,1978,491,1487
1/16/2015 12:00:00 AM,1/23/2015 12:00:00 AM,2123,636,1487
1/16/2015 12:00:00 AM,1/24/2015 12:00:00 AM,2361,906,1455
1/16/2015 12:00:00 AM,1/25/2015 12:00:00 AM,2216,761,1455
1/16/2015 12:00:00 AM,1/26/2015 12:00:00 AM,2083,636,1447
1/16/2015 12:00:00 AM,1/27/2015 12:00:00 AM,1938,491,1447
1/16/2015 12:00:00 AM,1/28/2015 12:00:00 AM,1938,491,1447
1/16/2015 12:00:00 AM,1/29/2015 12:00:00 AM,1938,491,1447
1/16/2015 12:00:00 AM,1/30/2015 12:00:00 AM,1881,491,1390
1/16/2015 12:00:00 AM,1/31/2015 12:00:00 AM,3138,761,2377
1/16/2015 12:00:00 AM,2/1/2015 12:00:00 AM,4493,1627,2866
1/16/2015 12:00:00 AM,2/2/2015 12:00:00 AM,4479,1627,2852
1/16/2015 12:00:00 AM,2/3/2015 12:00:00 AM,4438,1627,2811
1/16/2015 12:00:00 AM,2/4/2015 12:00:00 AM,4481,1627,2854
1/16/2015 12:00:00 AM,2/5/2015 12:00:00 AM,4460,1627,2833
1/16/2015 12:00:00 AM,2/6/2015 12:00:00 AM,4460,1627,2833
1/16/2015 12:00:00 AM,2/7/2015 12:00:00 AM,4460,1627,2833
1/16/2015 12:00:00 AM,2/8/2015 12:00:00 AM,4460,1627,2833
1/16/2015 12:00:00 AM,2/9/2015 12:00:00 AM,4460,1627,2833
1/16/2015 12:00:00 AM,2/10/2015 12:00:00 AM,4460,1627,2833
1/16/2015 12:00:00 AM,2/11/2015 12:00:00 AM,4460,1627,2833
1/16/2015 12:00:00 AM,2/12/2015 12:00:00 AM,4427,1627,2800
1/16/2015 12:00:00 AM,2/13/2015 12:00:00 AM,4427,1627,2800
1/16/2015 12:00:00 AM,2/14/2015 12:00:00 AM,5874,2947,2927
1/16/2015 12:00:00 AM,2/15/2015 12:00:00 AM,6090,2947,3143
1/16/2015 12:00:00 AM,2/16/2015 12:00:00 AM,6513,2947,3566
1/16/2015 12:00:00 AM,2/17/2015 12:00:00 AM,6791,3247,3544
1/16/2015 12:00:00 AM,2/18/2015 12:00:00 AM,6791,3247,3544
1/16/2015 12:00:00 AM,2/19/2015 12:00:00 AM,6791,3247,3544
1/16/2015 12:00:00 AM,2/20/2015 12:00:00 AM,6858,3247,3611
1/16/2015 12:00:00 AM,2/21/2015 12:00:00 AM,7738,3582,4156
1/16/2015 12:00:00 AM,2/22/2015 12:00:00 AM,6701,2446,4255
1/16/2015 12:00:00 AM,2/23/2015 12:00:00 AM,6511,2446,4065
1/16/2015 12:00:00 AM,2/24/2015 12:00:00 AM,6385,2446,3939
1/16/2015 12:00:00 AM,2/25/2015 12:00:00 AM,6385,2446,3939
1/16/2015 12:00:00 AM,2/26/2015 12:00:00 AM,6385,2446,3939
1/16/2015 12:00:00 AM,2/27/2015 12:00:00 AM,6511,2446,4065
1/16/2015 12:00:00 AM,2/28/2015 12:00:00 AM,10101,3794,6307
1/16/2015 12:00:00 AM,3/1/2015 12:00:00 AM,13518,4910,8608
1/16/2015 12:00:00 AM,3/2/2015 12:00:00 AM,14129,4910,9219
1/16/2015 12:00:00 AM,3/3/2015 12:00:00 AM,14107,4910,9197
1/16/2015 12:00:00 AM,3/4/2015 12:00:00 AM,14107,4910,9197
1/16/2015 12:00:00 AM,3/5/2015 12:00:00 AM,14244,4910,9334
1/16/2015 12:00:00 AM,3/6/2015 12:00:00 AM,15966,5472,10494
1/16/2015 12:00:00 AM,3/7/2015 12:00:00 AM,19683,7056,12627
1/16/2015 12:00:00 AM,3/8/2015 12:00:00 AM,20509,6906,13603
1/16/2015 12:00:00 AM,3/9/2015 12:00:00 AM,22082,8296,13786
1/16/2015 12:00:00 AM,3/10/2015 12:00:00 AM,22082,8296,13786
1/16/2015 12:00:00 AM,3/11/2015 12:00:00 AM,22252,8296,13956
1/16/2015 12:00:00 AM,3/12/2015 12:00:00 AM,22964,9023,13941
1/16/2015 12:00:00 AM,3/13/2015 12:00:00 AM,23134,9023,14111
1/16/2015 12:00:00 AM,3/14/2015 12:00:00 AM,25814,10410,15404
1/16/2015 12:00:00 AM,3/15/2015 12:00:00 AM,24237,10016,14221
1/16/2015 12:00:00 AM,3/16/2015 12:00:00 AM,25307,10405,14902
1/16/2015 12:00:00 AM,3/17/2015 12:00:00 AM,24097,10381,13716
1/16/2015 12:00:00 AM,3/18/2015 12:00:00 AM,26446,10381,16065
1/16/2015 12:00:00 AM,3/19/2015 12:00:00 AM,25959,10381,15578
1/16/2015 12:00:00 AM,3/20/2015 12:00:00 AM,25912,10114,15798
1/16/2015 12:00:00 AM,3/21/2015 12:00:00 AM,26858,10415,16443
1/16/2015 12:00:00 AM,3/22/2015 12:00:00 AM,25470,10341,15129
1/16/2015 12:00:00 AM,3/23/2015 12:00:00 AM,29032,10990,18042
1/16/2015 12:00:00 AM,3/24/2015 12:00:00 AM,27470,10990,16480
1/16/2015 12:00:00 AM,3/25/2015 12:00:00 AM,28353,12043,16310
1/16/2015 12:00:00 AM,3/26/2015 12:00:00 AM,27853,11893,15960
1/16/2015 12:00:00 AM,3/27/2015 12:00:00 AM,28868,11632,17236
1/16/2015 12:00:00 AM,3/28/2015 12:00:00 AM,31912,12591,19321
1/16/2015 12:00:00 AM,3/29/2015 12:00:00 AM,32220,12471,19749
1/16/2015 12:00:00 AM,3/30/2015 12:00:00 AM,31880,13199,18681
1/16/2015 12:00:00 AM,3/31/2015 12:00:00 AM,30504,12223,18281
1/16/2015 12:00:00 AM,4/1/2015 12:00:00 AM,30119,12733,17386
1/16/2015 12:00:00 AM,4/2/2015 12:00:00 AM,29022,11683,17339
1/16/2015 12:00:00 AM,4/3/2015 12:00:00 AM,30202,11692,18510
1/16/2015 12:00:00 AM,4/4/2015 12:00:00 AM,32295,12549,19746
1/16/2015 12:00:00 AM,4/5/2015 12:00:00 AM,32263,12475,19788
1/16/2015 12:00:00 AM,4/6/2015 12:00:00 AM,33562,13060,20502
1/16/2015 12:00:00 AM,4/7/2015 12:00:00 AM,34508,13060,21448
1/16/2015 12:00:00 AM,4/8/2015 12:00:00 AM,32498,13060,19438
1/16/2015 12:00:00 AM,4/9/2015 12:00:00 AM,33688,13660,20028
1/16/2015 12:00:00 AM,4/10/2015 12:00:00 AM,33943,14525,19418
1/16/2015 12:00:00 AM,4/11/2015 12:00:00 AM,39086,15878,23208
1/16/2015 12:00:00 AM,4/12/2015 12:00:00 AM,38703,16420,22283
1/16/2015 12:00:00 AM,4/13/2015 12:00:00 AM,39130,16196,22934
1/16/2015 12:00:00 AM,4/14/2015 12:00:00 AM,36246,14876,21370
1/16/2015 12:00:00 AM,4/15/2015 12:00:00 AM,36305,14951,21354
1/16/2015 12:00:00 AM,4/16/2015 12:00:00 AM,36426,14950,21476
1/16/2015 12:00:00 AM,4/17/2015 12:00:00 AM,36285,15287,20998
1/15/2015 12:00:00 AM,1/16/2015 12:00:00 AM,1946,491,1455
1/15/2015 12:00:00 AM,1/17/2015 12:00:00 AM,1946,491,1455
1/15/2015 12:00:00 AM,1/18/2015 12:00:00 AM,2252,761,1491
1/15/2015 12:00:00 AM,1/19/2015 12:00:00 AM,1978,491,1487
1/15/2015 12:00:00 AM,1/20/2015 12:00:00 AM,1978,491,1487
1/15/2015 12:00:00 AM,1/21/2015 12:00:00 AM,1978,491,1487
1/15/2015 12:00:00 AM,1/22/2015 12:00:00 AM,1978,491,1487
1/15/2015 12:00:00 AM,1/23/2015 12:00:00 AM,2123,636,1487
1/15/2015 12:00:00 AM,1/24/2015 12:00:00 AM,2361,906,1455
1/15/2015 12:00:00 AM,1/25/2015 12:00:00 AM,2216,761,1455
1/15/2015 12:00:00 AM,1/26/2015 12:00:00 AM,2083,636,1447
1/15/2015 12:00:00 AM,1/27/2015 12:00:00 AM,1938,491,1447
1/15/2015 12:00:00 AM,1/28/2015 12:00:00 AM,1938,491,1447
1/15/2015 12:00:00 AM,1/29/2015 12:00:00 AM,1938,491,1447
1/15/2015 12:00:00 AM,1/30/2015 12:00:00 AM,1881,491,1390
1/15/2015 12:00:00 AM,1/31/2015 12:00:00 AM,3138,761,2377
1/15/2015 12:00:00 AM,2/1/2015 12:00:00 AM,4493,1627,2866
1/15/2015 12:00:00 AM,2/2/2015 12:00:00 AM,4479,1627,2852
1/15/2015 12:00:00 AM,2/3/2015 12:00:00 AM,4438,1627,2811
1/15/2015 12:00:00 AM,2/4/2015 12:00:00 AM,4481,1627,2854
1/15/2015 12:00:00 AM,2/5/2015 12:00:00 AM,4460,1627,2833
1/15/2015 12:00:00 AM,2/6/2015 12:00:00 AM,4460,1627,2833
1/15/2015 12:00:00 AM,2/7/2015 12:00:00 AM,4460,1627,2833
1/15/2015 12:00:00 AM,2/8/2015 12:00:00 AM,4460,1627,2833
1/15/2015 12:00:00 AM,2/9/2015 12:00:00 AM,4460,1627,2833
1/15/2015 12:00:00 AM,2/10/2015 12:00:00 AM,4460,1627,2833
1/15/2015 12:00:00 AM,2/11/2015 12:00:00 AM,4460,1627,2833
1/15/2015 12:00:00 AM,2/12/2015 12:00:00 AM,4427,1627,2800
1/15/2015 12:00:00 AM,2/13/2015 12:00:00 AM,4427,1627,2800
1/15/2015 12:00:00 AM,2/14/2015 12:00:00 AM,5874,2947,2927
1/15/2015 12:00:00 AM,2/15/2015 12:00:00 AM,6090,2947,3143
1/15/2015 12:00:00 AM,2/16/2015 12:00:00 AM,6513,2947,3566
1/15/2015 12:00:00 AM,2/17/2015 12:00:00 AM,6791,3247,3544
1/15/2015 12:00:00 AM,2/18/2015 12:00:00 AM,6791,3247,3544
1/15/2015 12:00:00 AM,2/19/2015 12:00:00 AM,6791,3247,3544
1/15/2015 12:00:00 AM,2/20/2015 12:00:00 AM,6858,3247,3611
1/15/2015 12:00:00 AM,2/21/2015 12:00:00 AM,7738,3582,4156
1/15/2015 12:00:00 AM,2/22/2015 12:00:00 AM,6701,2446,4255
1/15/2015 12:00:00 AM,2/23/2015 12:00:00 AM,6511,2446,4065
1/15/2015 12:00:00 AM,2/24/2015 12:00:00 AM,6385,2446,3939
1/15/2015 12:00:00 AM,2/25/2015 12:00:00 AM,6385,2446,3939
1/15/2015 12:00:00 AM,2/26/2015 12:00:00 AM,6385,2446,3939
1/15/2015 12:00:00 AM,2/27/2015 12:00:00 AM,6511,2446,4065
1/15/2015 12:00:00 AM,2/28/2015 12:00:00 AM,10101,3794,6307
1/15/2015 12:00:00 AM,3/1/2015 12:00:00 AM,13518,4910,8608
1/15/2015 12:00:00 AM,3/2/2015 12:00:00 AM,14129,4910,9219
1/15/2015 12:00:00 AM,3/3/2015 12:00:00 AM,14107,4910,9197
1/15/2015 12:00:00 AM,3/4/2015 12:00:00 AM,14107,4910,9197
1/15/2015 12:00:00 AM,3/5/2015 12:00:00 AM,14244,4910,9334
1/15/2015 12:00:00 AM,3/6/2015 12:00:00 AM,15966,5472,10494
1/15/2015 12:00:00 AM,3/7/2015 12:00:00 AM,19683,7056,12627
1/15/2015 12:00:00 AM,3/8/2015 12:00:00 AM,20509,6906,13603
1/15/2015 12:00:00 AM,3/9/2015 12:00:00 AM,22082,8296,13786
1/15/2015 12:00:00 AM,3/10/2015 12:00:00 AM,22082,8296,13786
1/15/2015 12:00:00 AM,3/11/2015 12:00:00 AM,22252,8296,13956
1/15/2015 12:00:00 AM,3/12/2015 12:00:00 AM,22964,9023,13941
1/15/2015 12:00:00 AM,3/13/2015 12:00:00 AM,23134,9023,14111
1/15/2015 12:00:00 AM,3/14/2015 12:00:00 AM,25814,10410,15404
1/15/2015 12:00:00 AM,3/15/2015 12:00:00 AM,24237,10016,14221
1/15/2015 12:00:00 AM,3/16/2015 12:00:00 AM,25307,10405,14902
1/15/2015 12:00:00 AM,3/17/2015 12:00:00 AM,24097,10381,13716
1/15/2015 12:00:00 AM,3/18/2015 12:00:00 AM,26446,10381,16065
1/15/2015 12:00:00 AM,3/19/2015 12:00:00 AM,25959,10381,15578
1/15/2015 12:00:00 AM,3/20/2015 12:00:00 AM,25912,10114,15798
1/15/2015 12:00:00 AM,3/21/2015 12:00:00 AM,26858,10415,16443
1/15/2015 12:00:00 AM,3/22/2015 12:00:00 AM,25470,10341,15129
1/15/2015 12:00:00 AM,3/23/2015 12:00:00 AM,29032,10990,18042
1/15/2015 12:00:00 AM,3/24/2015 12:00:00 AM,27470,10990,16480
1/15/2015 12:00:00 AM,3/25/2015 12:00:00 AM,28353,12043,16310
1/15/2015 12:00:00 AM,3/26/2015 12:00:00 AM,27853,11893,15960
1/15/2015 12:00:00 AM,3/27/2015 12:00:00 AM,28868,11632,17236
1/15/2015 12:00:00 AM,3/28/2015 12:00:00 AM,31912,12591,19321
1/15/2015 12:00:00 AM,3/29/2015 12:00:00 AM,32220,12471,19749
1/15/2015 12:00:00 AM,3/30/2015 12:00:00 AM,31880,13199,18681
1/15/2015 12:00:00 AM,3/31/2015 12:00:00 AM,30504,12223,18281
1/15/2015 12:00:00 AM,4/1/2015 12:00:00 AM,30119,12733,17386
1/15/2015 12:00:00 AM,4/2/2015 12:00:00 AM,29022,11683,17339
1/15/2015 12:00:00 AM,4/3/2015 12:00:00 AM,30202,11692,18510
1/15/2015 12:00:00 AM,4/4/2015 12:00:00 AM,32295,12549,19746
1/15/2015 12:00:00 AM,4/5/2015 12:00:00 AM,32263,12475,19788
1/15/2015 12:00:00 AM,4/6/2015 12:00:00 AM,33562,13060,20502
1/15/2015 12:00:00 AM,4/7/2015 12:00:00 AM,34508,13060,21448
1/15/2015 12:00:00 AM,4/8/2015 12:00:00 AM,32498,13060,19438
1/15/2015 12:00:00 AM,4/9/2015 12:00:00 AM,33688,13660,20028
1/15/2015 12:00:00 AM,4/10/2015 12:00:00 AM,33943,14525,19418
1/15/2015 12:00:00 AM,4/11/2015 12:00:00 AM,39086,15878,23208
1/15/2015 12:00:00 AM,4/12/2015 12:00:00 AM,38703,16420,22283
1/15/2015 12:00:00 AM,4/13/2015 12:00:00 AM,39130,16196,22934
1/15/2015 12:00:00 AM,4/14/2015 12:00:00 AM,36246,14876,21370
1/15/2015 12:00:00 AM,4/15/2015 12:00:00 AM,36305,14951,21354
1/15/2015 12:00:00 AM,4/16/2015 12:00:00 AM,36426,14950,21476
1/14/2015 12:00:00 AM,1/15/2015 12:00:00 AM,1946,491,1455
1/14/2015 12:00:00 AM,1/16/2015 12:00:00 AM,1946,491,1455
1/14/2015 12:00:00 AM,1/17/2015 12:00:00 AM,1946,491,1455
1/14/2015 12:00:00 AM,1/18/2015 12:00:00 AM,2252,761,1491
1/14/2015 12:00:00 AM,1/19/2015 12:00:00 AM,1978,491,1487
1/14/2015 12:00:00 AM,1/20/2015 12:00:00 AM,1978,491,1487
1/14/2015 12:00:00 AM,1/21/2015 12:00:00 AM,1978,491,1487
1/14/2015 12:00:00 AM,1/22/2015 12:00:00 AM,1978,491,1487
1/14/2015 12:00:00 AM,1/23/2015 12:00:00 AM,2123,636,1487
1/14/2015 12:00:00 AM,1/24/2015 12:00:00 AM,2361,906,1455
1/14/2015 12:00:00 AM,1/25/2015 12:00:00 AM,2216,761,1455
1/14/2015 12:00:00 AM,1/26/2015 12:00:00 AM,2083,636,1447
1/14/2015 12:00:00 AM,1/27/2015 12:00:00 AM,1938,491,1447
1/14/2015 12:00:00 AM,1/28/2015 12:00:00 AM,1938,491,1447
1/14/2015 12:00:00 AM,1/29/2015 12:00:00 AM,1938,491,1447
1/14/2015 12:00:00 AM,1/30/2015 12:00:00 AM,1881,491,1390
1/14/2015 12:00:00 AM,1/31/2015 12:00:00 AM,3138,761,2377
1/14/2015 12:00:00 AM,2/1/2015 12:00:00 AM,4493,1627,2866
1/14/2015 12:00:00 AM,2/2/2015 12:00:00 AM,4479,1627,2852
1/14/2015 12:00:00 AM,2/3/2015 12:00:00 AM,4438,1627,2811
1/14/2015 12:00:00 AM,2/4/2015 12:00:00 AM,4481,1627,2854
1/14/2015 12:00:00 AM,2/5/2015 12:00:00 AM,4460,1627,2833
1/14/2015 12:00:00 AM,2/6/2015 12:00:00 AM,4460,1627,2833
1/14/2015 12:00:00 AM,2/7/2015 12:00:00 AM,4460,1627,2833
1/14/2015 12:00:00 AM,2/8/2015 12:00:00 AM,4460,1627,2833
1/14/2015 12:00:00 AM,2/9/2015 12:00:00 AM,4460,1627,2833
1/14/2015 12:00:00 AM,2/10/2015 12:00:00 AM,4460,1627,2833
1/14/2015 12:00:00 AM,2/11/2015 12:00:00 AM,4460,1627,2833
1/14/2015 12:00:00 AM,2/12/2015 12:00:00 AM,4427,1627,2800
1/14/2015 12:00:00 AM,2/13/2015 12:00:00 AM,4427,1627,2800
1/14/2015 12:00:00 AM,2/14/2015 12:00:00 AM,5874,2947,2927
1/14/2015 12:00:00 AM,2/15/2015 12:00:00 AM,6090,2947,3143
1/14/2015 12:00:00 AM,2/16/2015 12:00:00 AM,6513,2947,3566
1/14/2015 12:00:00 AM,2/17/2015 12:00:00 AM,6791,3247,3544
1/14/2015 12:00:00 AM,2/18/2015 12:00:00 AM,6791,3247,3544
1/14/2015 12:00:00 AM,2/19/2015 12:00:00 AM,6791,3247,3544
1/14/2015 12:00:00 AM,2/20/2015 12:00:00 AM,6858,3247,3611
1/14/2015 12:00:00 AM,2/21/2015 12:00:00 AM,8178,3582,4596
1/14/2015 12:00:00 AM,2/22/2015 12:00:00 AM,7141,2446,4695
1/14/2015 12:00:00 AM,2/23/2015 12:00:00 AM,6951,2446,4505
1/14/2015 12:00:00 AM,2/24/2015 12:00:00 AM,6825,2446,4379
1/14/2015 12:00:00 AM,2/25/2015 12:00:00 AM,6825,2446,4379
1/14/2015 12:00:00 AM,2/26/2015 12:00:00 AM,6825,2446,4379
1/14/2015 12:00:00 AM,2/27/2015 12:00:00 AM,6951,2446,4505
1/14/2015 12:00:00 AM,2/28/2015 12:00:00 AM,10541,3794,6747
1/14/2015 12:00:00 AM,3/1/2015 12:00:00 AM,13958,4910,9048
1/14/2015 12:00:00 AM,3/2/2015 12:00:00 AM,14569,4910,9659
1/14/2015 12:00:00 AM,3/3/2015 12:00:00 AM,14547,4910,9637
1/14/2015 12:00:00 AM,3/4/2015 12:00:00 AM,14547,4910,9637
1/14/2015 12:00:00 AM,3/5/2015 12:00:00 AM,14684,4910,9774
1/14/2015 12:00:00 AM,3/6/2015 12:00:00 AM,16406,5472,10934
1/14/2015 12:00:00 AM,3/7/2015 12:00:00 AM,20123,7056,13067
1/14/2015 12:00:00 AM,3/8/2015 12:00:00 AM,20949,6906,14043
1/14/2015 12:00:00 AM,3/9/2015 12:00:00 AM,22082,8296,13786
1/14/2015 12:00:00 AM,3/10/2015 12:00:00 AM,22082,8296,13786
1/14/2015 12:00:00 AM,3/11/2015 12:00:00 AM,22252,8296,13956
1/14/2015 12:00:00 AM,3/12/2015 12:00:00 AM,22964,9023,13941
1/14/2015 12:00:00 AM,3/13/2015 12:00:00 AM,23134,9023,14111
1/14/2015 12:00:00 AM,3/14/2015 12:00:00 AM,25374,10410,14964
1/14/2015 12:00:00 AM,3/15/2015 12:00:00 AM,23797,10016,13781
1/14/2015 12:00:00 AM,3/16/2015 12:00:00 AM,24867,10405,14462
1/14/2015 12:00:00 AM,3/17/2015 12:00:00 AM,23657,10381,13276
1/14/2015 12:00:00 AM,3/18/2015 12:00:00 AM,26006,10381,15625
1/14/2015 12:00:00 AM,3/19/2015 12:00:00 AM,25519,10381,15138
1/14/2015 12:00:00 AM,3/20/2015 12:00:00 AM,25472,10114,15358
1/14/2015 12:00:00 AM,3/21/2015 12:00:00 AM,26418,10415,16003
1/14/2015 12:00:00 AM,3/22/2015 12:00:00 AM,25030,10341,14689
1/14/2015 12:00:00 AM,3/23/2015 12:00:00 AM,28592,10990,17602
1/14/2015 12:00:00 AM,3/24/2015 12:00:00 AM,27030,10990,16040
1/14/2015 12:00:00 AM,3/25/2015 12:00:00 AM,27913,12043,15870
1/14/2015 12:00:00 AM,3/26/2015 12:00:00 AM,27413,11893,15520
1/14/2015 12:00:00 AM,3/27/2015 12:00:00 AM,28428,11632,16796
1/14/2015 12:00:00 AM,3/28/2015 12:00:00 AM,31472,12591,18881
1/14/2015 12:00:00 AM,3/29/2015 12:00:00 AM,31780,12471,19309
1/14/2015 12:00:00 AM,3/30/2015 12:00:00 AM,31880,13199,18681
1/14/2015 12:00:00 AM,3/31/2015 12:00:00 AM,30504,12223,18281
1/14/2015 12:00:00 AM,4/1/2015 12:00:00 AM,30119,12733,17386
1/14/2015 12:00:00 AM,4/2/2015 12:00:00 AM,29022,11683,17339
1/14/2015 12:00:00 AM,4/3/2015 12:00:00 AM,30202,11692,18510
1/14/2015 12:00:00 AM,4/4/2015 12:00:00 AM,32295,12549,19746
1/14/2015 12:00:00 AM,4/5/2015 12:00:00 AM,32263,12475,19788
1/14/2015 12:00:00 AM,4/6/2015 12:00:00 AM,33562,13060,20502
1/14/2015 12:00:00 AM,4/7/2015 12:00:00 AM,34508,13060,21448
1/14/2015 12:00:00 AM,4/8/2015 12:00:00 AM,32498,13060,19438
1/14/2015 12:00:00 AM,4/9/2015 12:00:00 AM,33688,13660,20028
1/14/2015 12:00:00 AM,4/10/2015 12:00:00 AM,33943,14525,19418
1/14/2015 12:00:00 AM,4/11/2015 12:00:00 AM,39086,15878,23208
1/14/2015 12:00:00 AM,4/12/2015 12:00:00 AM,38703,16420,22283
1/14/2015 12:00:00 AM,4/13/2015 12:00:00 AM,39130,16196,22934
1/14/2015 12:00:00 AM,4/14/2015 12:00:00 AM,36246,14876,21370
1/14/2015 12:00:00 AM,4/15/2015 12:00:00 AM,36305,14951,21354
1/13/2015 12:00:00 AM,1/14/2015 12:00:00 AM,2057,491,1566
1/13/2015 12:00:00 AM,1/15/2015 12:00:00 AM,1946,491,1455
1/13/2015 12:00:00 AM,1/16/2015 12:00:00 AM,1946,491,1455
1/13/2015 12:00:00 AM,1/17/2015 12:00:00 AM,2216,761,1455
1/13/2015 12:00:00 AM,1/18/2015 12:00:00 AM,2252,761,1491
1/13/2015 12:00:00 AM,1/19/2015 12:00:00 AM,1978,491,1487
1/13/2015 12:00:00 AM,1/20/2015 12:00:00 AM,1978,491,1487
1/13/2015 12:00:00 AM,1/21/2015 12:00:00 AM,1978,491,1487
1/13/2015 12:00:00 AM,1/22/2015 12:00:00 AM,1978,491,1487
1/13/2015 12:00:00 AM,1/23/2015 12:00:00 AM,2123,636,1487
1/13/2015 12:00:00 AM,1/24/2015 12:00:00 AM,2361,906,1455
1/13/2015 12:00:00 AM,1/25/2015 12:00:00 AM,2216,761,1455
1/13/2015 12:00:00 AM,1/26/2015 12:00:00 AM,2083,636,1447
1/13/2015 12:00:00 AM,1/27/2015 12:00:00 AM,1938,491,1447
1/13/2015 12:00:00 AM,1/28/2015 12:00:00 AM,1938,491,1447
1/13/2015 12:00:00 AM,1/29/2015 12:00:00 AM,1938,491,1447
1/13/2015 12:00:00 AM,1/30/2015 12:00:00 AM,1881,491,1390
1/13/2015 12:00:00 AM,1/31/2015 12:00:00 AM,3138,761,2377
1/13/2015 12:00:00 AM,2/1/2015 12:00:00 AM,4493,1627,2866
1/13/2015 12:00:00 AM,2/2/2015 12:00:00 AM,4479,1627,2852
1/13/2015 12:00:00 AM,2/3/2015 12:00:00 AM,4438,1627,2811
1/13/2015 12:00:00 AM,2/4/2015 12:00:00 AM,4481,1627,2854
1/13/2015 12:00:00 AM,2/5/2015 12:00:00 AM,4460,1627,2833
1/13/2015 12:00:00 AM,2/6/2015 12:00:00 AM,4460,1627,2833
1/13/2015 12:00:00 AM,2/7/2015 12:00:00 AM,4460,1627,2833
1/13/2015 12:00:00 AM,2/8/2015 12:00:00 AM,4460,1627,2833
1/13/2015 12:00:00 AM,2/9/2015 12:00:00 AM,4460,1627,2833
1/13/2015 12:00:00 AM,2/10/2015 12:00:00 AM,4460,1627,2833
1/13/2015 12:00:00 AM,2/11/2015 12:00:00 AM,4460,1627,2833
1/13/2015 12:00:00 AM,2/12/2015 12:00:00 AM,4427,1627,2800
1/13/2015 12:00:00 AM,2/13/2015 12:00:00 AM,4427,1627,2800
1/13/2015 12:00:00 AM,2/14/2015 12:00:00 AM,5874,2947,2927
1/13/2015 12:00:00 AM,2/15/2015 12:00:00 AM,6090,2947,3143
1/13/2015 12:00:00 AM,2/16/2015 12:00:00 AM,6513,2947,3566
1/13/2015 12:00:00 AM,2/17/2015 12:00:00 AM,6791,3247,3544
1/13/2015 12:00:00 AM,2/18/2015 12:00:00 AM,6791,3247,3544
1/13/2015 12:00:00 AM,2/19/2015 12:00:00 AM,6791,3247,3544
1/13/2015 12:00:00 AM,2/20/2015 12:00:00 AM,6858,3247,3611
1/13/2015 12:00:00 AM,2/21/2015 12:00:00 AM,8178,3582,4596
1/13/2015 12:00:00 AM,2/22/2015 12:00:00 AM,7141,2446,4695
1/13/2015 12:00:00 AM,2/23/2015 12:00:00 AM,6951,2446,4505
1/13/2015 12:00:00 AM,2/24/2015 12:00:00 AM,6825,2446,4379
1/13/2015 12:00:00 AM,2/25/2015 12:00:00 AM,6825,2446,4379
1/13/2015 12:00:00 AM,2/26/2015 12:00:00 AM,6825,2446,4379
1/13/2015 12:00:00 AM,2/27/2015 12:00:00 AM,6951,2446,4505
1/13/2015 12:00:00 AM,2/28/2015 12:00:00 AM,10541,3794,6747
1/13/2015 12:00:00 AM,3/1/2015 12:00:00 AM,13958,4910,9048
1/13/2015 12:00:00 AM,3/2/2015 12:00:00 AM,14535,4910,9625
1/13/2015 12:00:00 AM,3/3/2015 12:00:00 AM,14513,4910,9603
1/13/2015 12:00:00 AM,3/4/2015 12:00:00 AM,14513,4910,9603
1/13/2015 12:00:00 AM,3/5/2015 12:00:00 AM,14650,4910,9740
1/13/2015 12:00:00 AM,3/6/2015 12:00:00 AM,16372,5472,10900
1/13/2015 12:00:00 AM,3/7/2015 12:00:00 AM,20089,7056,13033
1/13/2015 12:00:00 AM,3/8/2015 12:00:00 AM,20915,6906,14009
1/13/2015 12:00:00 AM,3/9/2015 12:00:00 AM,22048,8296,13752
1/13/2015 12:00:00 AM,3/10/2015 12:00:00 AM,22048,8296,13752
1/13/2015 12:00:00 AM,3/11/2015 12:00:00 AM,22218,8296,13922
1/13/2015 12:00:00 AM,3/12/2015 12:00:00 AM,23460,9553,13907
1/13/2015 12:00:00 AM,3/13/2015 12:00:00 AM,23630,9553,14077
1/13/2015 12:00:00 AM,3/14/2015 12:00:00 AM,25870,10940,14930
1/13/2015 12:00:00 AM,3/15/2015 12:00:00 AM,24293,10546,13747
1/13/2015 12:00:00 AM,3/16/2015 12:00:00 AM,25363,10935,14428
1/13/2015 12:00:00 AM,3/17/2015 12:00:00 AM,24198,10911,13287
1/13/2015 12:00:00 AM,3/18/2015 12:00:00 AM,26547,10911,15636
1/13/2015 12:00:00 AM,3/19/2015 12:00:00 AM,26060,10911,15149
1/13/2015 12:00:00 AM,3/20/2015 12:00:00 AM,26013,10644,15369
1/13/2015 12:00:00 AM,3/21/2015 12:00:00 AM,26959,10945,16014
1/13/2015 12:00:00 AM,3/22/2015 12:00:00 AM,25571,10871,14700
1/13/2015 12:00:00 AM,3/23/2015 12:00:00 AM,29133,11520,17613
1/13/2015 12:00:00 AM,3/24/2015 12:00:00 AM,27571,11520,16051
1/13/2015 12:00:00 AM,3/25/2015 12:00:00 AM,28454,12573,15881
1/13/2015 12:00:00 AM,3/26/2015 12:00:00 AM,27954,12423,15531
1/13/2015 12:00:00 AM,3/27/2015 12:00:00 AM,28969,12162,16807
1/13/2015 12:00:00 AM,3/28/2015 12:00:00 AM,32013,13121,18892
1/13/2015 12:00:00 AM,3/29/2015 12:00:00 AM,32321,13001,19320
1/13/2015 12:00:00 AM,3/30/2015 12:00:00 AM,32421,13729,18692
1/13/2015 12:00:00 AM,3/31/2015 12:00:00 AM,31045,12753,18292
1/13/2015 12:00:00 AM,4/1/2015 12:00:00 AM,30660,13263,17397
1/13/2015 12:00:00 AM,4/2/2015 12:00:00 AM,29563,12213,17350
1/13/2015 12:00:00 AM,4/3/2015 12:00:00 AM,30743,12222,18521
1/13/2015 12:00:00 AM,4/4/2015 12:00:00 AM,32836,13079,19757
1/13/2015 12:00:00 AM,4/5/2015 12:00:00 AM,32804,13005,19799
1/13/2015 12:00:00 AM,4/6/2015 12:00:00 AM,34103,13590,20513
1/13/2015 12:00:00 AM,4/7/2015 12:00:00 AM,35049,13590,21459
1/13/2015 12:00:00 AM,4/8/2015 12:00:00 AM,33039,13590,19449
1/13/2015 12:00:00 AM,4/9/2015 12:00:00 AM,34229,14190,20039
1/13/2015 12:00:00 AM,4/10/2015 12:00:00 AM,34484,15055,19429
1/13/2015 12:00:00 AM,4/11/2015 12:00:00 AM,39582,16408,23174
1/13/2015 12:00:00 AM,4/12/2015 12:00:00 AM,39199,16950,22249
1/13/2015 12:00:00 AM,4/13/2015 12:00:00 AM,39626,16726,22900
1/13/2015 12:00:00 AM,4/14/2015 12:00:00 AM,36742,15406,21336
1/12/2015 12:00:00 AM,1/13/2015 12:00:00 AM,2266,721,1545
1/12/2015 12:00:00 AM,1/14/2015 12:00:00 AM,2036,491,1545
1/12/2015 12:00:00 AM,1/15/2015 12:00:00 AM,1925,491,1434
1/12/2015 12:00:00 AM,1/16/2015 12:00:00 AM,1925,491,1434
1/12/2015 12:00:00 AM,1/17/2015 12:00:00 AM,2195,761,1434
1/12/2015 12:00:00 AM,1/18/2015 12:00:00 AM,2231,761,1470
1/12/2015 12:00:00 AM,1/19/2015 12:00:00 AM,1957,491,1466
1/12/2015 12:00:00 AM,1/20/2015 12:00:00 AM,1957,491,1466
1/12/2015 12:00:00 AM,1/21/2015 12:00:00 AM,1957,491,1466
1/12/2015 12:00:00 AM,1/22/2015 12:00:00 AM,1957,491,1466
1/12/2015 12:00:00 AM,1/23/2015 12:00:00 AM,2102,636,1466
1/12/2015 12:00:00 AM,1/24/2015 12:00:00 AM,2340,906,1434
1/12/2015 12:00:00 AM,1/25/2015 12:00:00 AM,2195,761,1434
1/12/2015 12:00:00 AM,1/26/2015 12:00:00 AM,2062,636,1426
1/12/2015 12:00:00 AM,1/27/2015 12:00:00 AM,1917,491,1426
1/12/2015 12:00:00 AM,1/28/2015 12:00:00 AM,1917,491,1426
1/12/2015 12:00:00 AM,1/29/2015 12:00:00 AM,1917,491,1426
1/12/2015 12:00:00 AM,1/30/2015 12:00:00 AM,1860,491,1369
1/12/2015 12:00:00 AM,1/31/2015 12:00:00 AM,3117,761,2356
1/12/2015 12:00:00 AM,2/1/2015 12:00:00 AM,4472,1627,2845
1/12/2015 12:00:00 AM,2/2/2015 12:00:00 AM,4458,1627,2831
1/12/2015 12:00:00 AM,2/3/2015 12:00:00 AM,4438,1627,2811
1/12/2015 12:00:00 AM,2/4/2015 12:00:00 AM,4460,1627,2833
1/12/2015 12:00:00 AM,2/5/2015 12:00:00 AM,4460,1627,2833
1/12/2015 12:00:00 AM,2/6/2015 12:00:00 AM,4460,1627,2833
1/12/2015 12:00:00 AM,2/7/2015 12:00:00 AM,4460,1627,2833
1/12/2015 12:00:00 AM,2/8/2015 12:00:00 AM,4460,1627,2833
1/12/2015 12:00:00 AM,2/9/2015 12:00:00 AM,4460,1627,2833
1/12/2015 12:00:00 AM,2/10/2015 12:00:00 AM,4460,1627,2833
1/12/2015 12:00:00 AM,2/11/2015 12:00:00 AM,4460,1627,2833
1/12/2015 12:00:00 AM,2/12/2015 12:00:00 AM,4427,1627,2800
1/12/2015 12:00:00 AM,2/13/2015 12:00:00 AM,4427,1627,2800
1/12/2015 12:00:00 AM,2/14/2015 12:00:00 AM,5874,2947,2927
1/12/2015 12:00:00 AM,2/15/2015 12:00:00 AM,6090,2947,3143
1/12/2015 12:00:00 AM,2/16/2015 12:00:00 AM,6513,2947,3566
1/12/2015 12:00:00 AM,2/17/2015 12:00:00 AM,6791,3247,3544
1/12/2015 12:00:00 AM,2/18/2015 12:00:00 AM,6791,3247,3544
1/12/2015 12:00:00 AM,2/19/2015 12:00:00 AM,6791,3247,3544
1/12/2015 12:00:00 AM,2/20/2015 12:00:00 AM,6858,3247,3611
1/12/2015 12:00:00 AM,2/21/2015 12:00:00 AM,8178,3582,4596
1/12/2015 12:00:00 AM,2/22/2015 12:00:00 AM,7141,2446,4695
1/12/2015 12:00:00 AM,2/23/2015 12:00:00 AM,6951,2446,4505
1/12/2015 12:00:00 AM,2/24/2015 12:00:00 AM,6825,2446,4379
1/12/2015 12:00:00 AM,2/25/2015 12:00:00 AM,6825,2446,4379
1/12/2015 12:00:00 AM,2/26/2015 12:00:00 AM,6825,2446,4379
1/12/2015 12:00:00 AM,2/27/2015 12:00:00 AM,6951,2446,4505
1/12/2015 12:00:00 AM,2/28/2015 12:00:00 AM,10541,3794,6747
1/12/2015 12:00:00 AM,3/1/2015 12:00:00 AM,13958,4910,9048
1/12/2015 12:00:00 AM,3/2/2015 12:00:00 AM,14535,4910,9625
1/12/2015 12:00:00 AM,3/3/2015 12:00:00 AM,14513,4910,9603
1/12/2015 12:00:00 AM,3/4/2015 12:00:00 AM,14513,4910,9603
1/12/2015 12:00:00 AM,3/5/2015 12:00:00 AM,14650,4910,9740
1/12/2015 12:00:00 AM,3/6/2015 12:00:00 AM,16372,5472,10900
1/12/2015 12:00:00 AM,3/7/2015 12:00:00 AM,20089,7056,13033
1/12/2015 12:00:00 AM,3/8/2015 12:00:00 AM,20915,6906,14009
1/12/2015 12:00:00 AM,3/9/2015 12:00:00 AM,22048,8296,13752
1/12/2015 12:00:00 AM,3/10/2015 12:00:00 AM,22048,8296,13752
1/12/2015 12:00:00 AM,3/11/2015 12:00:00 AM,22218,8296,13922
1/12/2015 12:00:00 AM,3/12/2015 12:00:00 AM,23460,9553,13907
1/12/2015 12:00:00 AM,3/13/2015 12:00:00 AM,23630,9553,14077
1/12/2015 12:00:00 AM,3/14/2015 12:00:00 AM,25870,10940,14930
1/12/2015 12:00:00 AM,3/15/2015 12:00:00 AM,24293,10546,13747
1/12/2015 12:00:00 AM,3/16/2015 12:00:00 AM,25363,10935,14428
1/12/2015 12:00:00 AM,3/17/2015 12:00:00 AM,24198,10911,13287
1/12/2015 12:00:00 AM,3/18/2015 12:00:00 AM,26547,10911,15636
1/12/2015 12:00:00 AM,3/19/2015 12:00:00 AM,26060,10911,15149
1/12/2015 12:00:00 AM,3/20/2015 12:00:00 AM,26013,10644,15369
1/12/2015 12:00:00 AM,3/21/2015 12:00:00 AM,26959,10945,16014
1/12/2015 12:00:00 AM,3/22/2015 12:00:00 AM,25571,10871,14700
1/12/2015 12:00:00 AM,3/23/2015 12:00:00 AM,29133,11520,17613
1/12/2015 12:00:00 AM,3/24/2015 12:00:00 AM,27571,11520,16051
1/12/2015 12:00:00 AM,3/25/2015 12:00:00 AM,28454,12573,15881
1/12/2015 12:00:00 AM,3/26/2015 12:00:00 AM,27954,12423,15531
1/12/2015 12:00:00 AM,3/27/2015 12:00:00 AM,28969,12162,16807
1/12/2015 12:00:00 AM,3/28/2015 12:00:00 AM,31399,13121,18278
1/12/2015 12:00:00 AM,3/29/2015 12:00:00 AM,31707,13001,18706
1/12/2015 12:00:00 AM,3/30/2015 12:00:00 AM,31807,13729,18078
1/12/2015 12:00:00 AM,3/31/2015 12:00:00 AM,30431,12753,17678
1/12/2015 12:00:00 AM,4/1/2015 12:00:00 AM,30046,13263,16783
1/12/2015 12:00:00 AM,4/2/2015 12:00:00 AM,28949,12213,16736
1/12/2015 12:00:00 AM,4/3/2015 12:00:00 AM,30129,12222,17907
1/12/2015 12:00:00 AM,4/4/2015 12:00:00 AM,32222,13079,19143
1/12/2015 12:00:00 AM,4/5/2015 12:00:00 AM,32190,13005,19185
1/12/2015 12:00:00 AM,4/6/2015 12:00:00 AM,33489,13590,19899
1/12/2015 12:00:00 AM,4/7/2015 12:00:00 AM,34435,13590,20845
1/12/2015 12:00:00 AM,4/8/2015 12:00:00 AM,32425,13590,18835
1/12/2015 12:00:00 AM,4/9/2015 12:00:00 AM,33615,14190,19425
1/12/2015 12:00:00 AM,4/10/2015 12:00:00 AM,33707,15055,18652
1/12/2015 12:00:00 AM,4/11/2015 12:00:00 AM,38805,16408,22397
1/12/2015 12:00:00 AM,4/12/2015 12:00:00 AM,38422,16950,21472
1/12/2015 12:00:00 AM,4/13/2015 12:00:00 AM,38849,16726,22123
1/11/2015 12:00:00 AM,1/12/2015 12:00:00 AM,2287,721,1566
1/11/2015 12:00:00 AM,1/13/2015 12:00:00 AM,2057,491,1566
1/11/2015 12:00:00 AM,1/14/2015 12:00:00 AM,2057,491,1566
1/11/2015 12:00:00 AM,1/15/2015 12:00:00 AM,1946,491,1455
1/11/2015 12:00:00 AM,1/16/2015 12:00:00 AM,1946,491,1455
1/11/2015 12:00:00 AM,1/17/2015 12:00:00 AM,2216,761,1455
1/11/2015 12:00:00 AM,1/18/2015 12:00:00 AM,2252,761,1491
1/11/2015 12:00:00 AM,1/19/2015 12:00:00 AM,1978,491,1487
1/11/2015 12:00:00 AM,1/20/2015 12:00:00 AM,1978,491,1487
1/11/2015 12:00:00 AM,1/21/2015 12:00:00 AM,1978,491,1487
1/11/2015 12:00:00 AM,1/22/2015 12:00:00 AM,1978,491,1487
1/11/2015 12:00:00 AM,1/23/2015 12:00:00 AM,2123,636,1487
1/11/2015 12:00:00 AM,1/24/2015 12:00:00 AM,2361,906,1455
1/11/2015 12:00:00 AM,1/25/2015 12:00:00 AM,2216,761,1455
1/11/2015 12:00:00 AM,1/26/2015 12:00:00 AM,2083,636,1447
1/11/2015 12:00:00 AM,1/27/2015 12:00:00 AM,1938,491,1447
1/11/2015 12:00:00 AM,1/28/2015 12:00:00 AM,1938,491,1447
1/11/2015 12:00:00 AM,1/29/2015 12:00:00 AM,1938,491,1447
1/11/2015 12:00:00 AM,1/30/2015 12:00:00 AM,1881,491,1390
1/11/2015 12:00:00 AM,1/31/2015 12:00:00 AM,3138,761,2377
1/11/2015 12:00:00 AM,2/1/2015 12:00:00 AM,4493,1627,2866
1/11/2015 12:00:00 AM,2/2/2015 12:00:00 AM,4479,1627,2852
1/11/2015 12:00:00 AM,2/3/2015 12:00:00 AM,4438,1627,2811
1/11/2015 12:00:00 AM,2/4/2015 12:00:00 AM,4481,1627,2854
1/11/2015 12:00:00 AM,2/5/2015 12:00:00 AM,4460,1627,2833
1/11/2015 12:00:00 AM,2/6/2015 12:00:00 AM,4460,1627,2833
1/11/2015 12:00:00 AM,2/7/2015 12:00:00 AM,4460,1627,2833
1/11/2015 12:00:00 AM,2/8/2015 12:00:00 AM,4460,1627,2833
1/11/2015 12:00:00 AM,2/9/2015 12:00:00 AM,4460,1627,2833
1/11/2015 12:00:00 AM,2/10/2015 12:00:00 AM,4460,1627,2833
1/11/2015 12:00:00 AM,2/11/2015 12:00:00 AM,4460,1627,2833
1/11/2015 12:00:00 AM,2/12/2015 12:00:00 AM,4427,1627,2800
1/11/2015 12:00:00 AM,2/13/2015 12:00:00 AM,4427,1627,2800
1/11/2015 12:00:00 AM,2/14/2015 12:00:00 AM,5874,2947,2927
1/11/2015 12:00:00 AM,2/15/2015 12:00:00 AM,6090,2947,3143
1/11/2015 12:00:00 AM,2/16/2015 12:00:00 AM,6513,2947,3566
1/11/2015 12:00:00 AM,2/17/2015 12:00:00 AM,6791,3247,3544
1/11/2015 12:00:00 AM,2/18/2015 12:00:00 AM,6791,3247,3544
1/11/2015 12:00:00 AM,2/19/2015 12:00:00 AM,6791,3247,3544
1/11/2015 12:00:00 AM,2/20/2015 12:00:00 AM,6858,3247,3611
1/11/2015 12:00:00 AM,2/21/2015 12:00:00 AM,8178,3582,4596
1/11/2015 12:00:00 AM,2/22/2015 12:00:00 AM,7141,2446,4695
1/11/2015 12:00:00 AM,2/23/2015 12:00:00 AM,6951,2446,4505
1/11/2015 12:00:00 AM,2/24/2015 12:00:00 AM,6825,2446,4379
1/11/2015 12:00:00 AM,2/25/2015 12:00:00 AM,6825,2446,4379
1/11/2015 12:00:00 AM,2/26/2015 12:00:00 AM,6825,2446,4379
1/11/2015 12:00:00 AM,2/27/2015 12:00:00 AM,6951,2446,4505
1/11/2015 12:00:00 AM,2/28/2015 12:00:00 AM,10541,3794,6747
1/11/2015 12:00:00 AM,3/1/2015 12:00:00 AM,13958,4910,9048
1/11/2015 12:00:00 AM,3/2/2015 12:00:00 AM,14535,4910,9625
1/11/2015 12:00:00 AM,3/3/2015 12:00:00 AM,14513,4910,9603
1/11/2015 12:00:00 AM,3/4/2015 12:00:00 AM,14513,4910,9603
1/11/2015 12:00:00 AM,3/5/2015 12:00:00 AM,14650,4910,9740
1/11/2015 12:00:00 AM,3/6/2015 12:00:00 AM,16372,5472,10900
1/11/2015 12:00:00 AM,3/7/2015 12:00:00 AM,20089,7056,13033
1/11/2015 12:00:00 AM,3/8/2015 12:00:00 AM,20915,6906,14009
1/11/2015 12:00:00 AM,3/9/2015 12:00:00 AM,22048,8296,13752
1/11/2015 12:00:00 AM,3/10/2015 12:00:00 AM,22048,8296,13752
1/11/2015 12:00:00 AM,3/11/2015 12:00:00 AM,22218,8296,13922
1/11/2015 12:00:00 AM,3/12/2015 12:00:00 AM,23460,9553,13907
1/11/2015 12:00:00 AM,3/13/2015 12:00:00 AM,23630,9553,14077
1/11/2015 12:00:00 AM,3/14/2015 12:00:00 AM,25870,10940,14930
1/11/2015 12:00:00 AM,3/15/2015 12:00:00 AM,24293,10546,13747
1/11/2015 12:00:00 AM,3/16/2015 12:00:00 AM,25363,10935,14428
1/11/2015 12:00:00 AM,3/17/2015 12:00:00 AM,24198,10911,13287
1/11/2015 12:00:00 AM,3/18/2015 12:00:00 AM,26547,10911,15636
1/11/2015 12:00:00 AM,3/19/2015 12:00:00 AM,26060,10911,15149
1/11/2015 12:00:00 AM,3/20/2015 12:00:00 AM,26013,10644,15369
1/11/2015 12:00:00 AM,3/21/2015 12:00:00 AM,26959,10945,16014
1/11/2015 12:00:00 AM,3/22/2015 12:00:00 AM,25571,10871,14700
1/11/2015 12:00:00 AM,3/23/2015 12:00:00 AM,29133,11520,17613
1/11/2015 12:00:00 AM,3/24/2015 12:00:00 AM,27571,11520,16051
1/11/2015 12:00:00 AM,3/25/2015 12:00:00 AM,28454,12573,15881
1/11/2015 12:00:00 AM,3/26/2015 12:00:00 AM,27954,12423,15531
1/11/2015 12:00:00 AM,3/27/2015 12:00:00 AM,28969,12162,16807
1/11/2015 12:00:00 AM,3/28/2015 12:00:00 AM,31399,13121,18278
1/11/2015 12:00:00 AM,3/29/2015 12:00:00 AM,31707,13001,18706
1/11/2015 12:00:00 AM,3/30/2015 12:00:00 AM,31807,13729,18078
1/11/2015 12:00:00 AM,3/31/2015 12:00:00 AM,30431,12753,17678
1/11/2015 12:00:00 AM,4/1/2015 12:00:00 AM,30046,13263,16783
1/11/2015 12:00:00 AM,4/2/2015 12:00:00 AM,28949,12213,16736
1/11/2015 12:00:00 AM,4/3/2015 12:00:00 AM,30129,12222,17907
1/11/2015 12:00:00 AM,4/4/2015 12:00:00 AM,32222,13079,19143
1/11/2015 12:00:00 AM,4/5/2015 12:00:00 AM,32190,13005,19185
1/11/2015 12:00:00 AM,4/6/2015 12:00:00 AM,33489,13590,19899
1/11/2015 12:00:00 AM,4/7/2015 12:00:00 AM,34435,13590,20845
1/11/2015 12:00:00 AM,4/8/2015 12:00:00 AM,32425,13590,18835
1/11/2015 12:00:00 AM,4/9/2015 12:00:00 AM,33615,14190,19425
1/11/2015 12:00:00 AM,4/10/2015 12:00:00 AM,33707,15055,18652
1/11/2015 12:00:00 AM,4/11/2015 12:00:00 AM,38805,16408,22397
1/11/2015 12:00:00 AM,4/12/2015 12:00:00 AM,38422,16950,21472
1/10/2015 12:00:00 AM,1/11/2015 12:00:00 AM,2446,991,1455
1/10/2015 12:00:00 AM,1/12/2015 12:00:00 AM,2057,491,1566
1/10/2015 12:00:00 AM,1/13/2015 12:00:00 AM,2057,491,1566
1/10/2015 12:00:00 AM,1/14/2015 12:00:00 AM,2057,491,1566
1/10/2015 12:00:00 AM,1/15/2015 12:00:00 AM,1946,491,1455
1/10/2015 12:00:00 AM,1/16/2015 12:00:00 AM,1946,491,1455
1/10/2015 12:00:00 AM,1/17/2015 12:00:00 AM,2216,761,1455
1/10/2015 12:00:00 AM,1/18/2015 12:00:00 AM,2252,761,1491
1/10/2015 12:00:00 AM,1/19/2015 12:00:00 AM,1978,491,1487
1/10/2015 12:00:00 AM,1/20/2015 12:00:00 AM,1978,491,1487
1/10/2015 12:00:00 AM,1/21/2015 12:00:00 AM,1978,491,1487
1/10/2015 12:00:00 AM,1/22/2015 12:00:00 AM,1978,491,1487
1/10/2015 12:00:00 AM,1/23/2015 12:00:00 AM,2123,636,1487
1/10/2015 12:00:00 AM,1/24/2015 12:00:00 AM,2361,906,1455
1/10/2015 12:00:00 AM,1/25/2015 12:00:00 AM,2216,761,1455
1/10/2015 12:00:00 AM,1/26/2015 12:00:00 AM,2083,636,1447
1/10/2015 12:00:00 AM,1/27/2015 12:00:00 AM,1938,491,1447
1/10/2015 12:00:00 AM,1/28/2015 12:00:00 AM,1938,491,1447
1/10/2015 12:00:00 AM,1/29/2015 12:00:00 AM,1938,491,1447
1/10/2015 12:00:00 AM,1/30/2015 12:00:00 AM,1881,491,1390
1/10/2015 12:00:00 AM,1/31/2015 12:00:00 AM,3138,761,2377
1/10/2015 12:00:00 AM,2/1/2015 12:00:00 AM,4493,1627,2866
1/10/2015 12:00:00 AM,2/2/2015 12:00:00 AM,4479,1627,2852
1/10/2015 12:00:00 AM,2/3/2015 12:00:00 AM,4438,1627,2811
1/10/2015 12:00:00 AM,2/4/2015 12:00:00 AM,4481,1627,2854
1/10/2015 12:00:00 AM,2/5/2015 12:00:00 AM,4460,1627,2833
1/10/2015 12:00:00 AM,2/6/2015 12:00:00 AM,4460,1627,2833
1/10/2015 12:00:00 AM,2/7/2015 12:00:00 AM,4460,1627,2833
1/10/2015 12:00:00 AM,2/8/2015 12:00:00 AM,4460,1627,2833
1/10/2015 12:00:00 AM,2/9/2015 12:00:00 AM,4460,1627,2833
1/10/2015 12:00:00 AM,2/10/2015 12:00:00 AM,4460,1627,2833
1/10/2015 12:00:00 AM,2/11/2015 12:00:00 AM,4460,1627,2833
1/10/2015 12:00:00 AM,2/12/2015 12:00:00 AM,4427,1627,2800
1/10/2015 12:00:00 AM,2/13/2015 12:00:00 AM,4427,1627,2800
1/10/2015 12:00:00 AM,2/14/2015 12:00:00 AM,5874,2947,2927
1/10/2015 12:00:00 AM,2/15/2015 12:00:00 AM,6090,2947,3143
1/10/2015 12:00:00 AM,2/16/2015 12:00:00 AM,6513,2947,3566
1/10/2015 12:00:00 AM,2/17/2015 12:00:00 AM,6791,3247,3544
1/10/2015 12:00:00 AM,2/18/2015 12:00:00 AM,6791,3247,3544
1/10/2015 12:00:00 AM,2/19/2015 12:00:00 AM,6791,3247,3544
1/10/2015 12:00:00 AM,2/20/2015 12:00:00 AM,6858,3247,3611
1/10/2015 12:00:00 AM,2/21/2015 12:00:00 AM,8178,3582,4596
1/10/2015 12:00:00 AM,2/22/2015 12:00:00 AM,7141,2446,4695
1/10/2015 12:00:00 AM,2/23/2015 12:00:00 AM,6951,2446,4505
1/10/2015 12:00:00 AM,2/24/2015 12:00:00 AM,6825,2446,4379
1/10/2015 12:00:00 AM,2/25/2015 12:00:00 AM,6825,2446,4379
1/10/2015 12:00:00 AM,2/26/2015 12:00:00 AM,6825,2446,4379
1/10/2015 12:00:00 AM,2/27/2015 12:00:00 AM,6951,2446,4505
1/10/2015 12:00:00 AM,2/28/2015 12:00:00 AM,10541,3794,6747
1/10/2015 12:00:00 AM,3/1/2015 12:00:00 AM,13958,4910,9048
1/10/2015 12:00:00 AM,3/2/2015 12:00:00 AM,14535,4910,9625
1/10/2015 12:00:00 AM,3/3/2015 12:00:00 AM,14513,4910,9603
1/10/2015 12:00:00 AM,3/4/2015 12:00:00 AM,14513,4910,9603
1/10/2015 12:00:00 AM,3/5/2015 12:00:00 AM,14650,4910,9740
1/10/2015 12:00:00 AM,3/6/2015 12:00:00 AM,16372,5472,10900
1/10/2015 12:00:00 AM,3/7/2015 12:00:00 AM,20089,7056,13033
1/10/2015 12:00:00 AM,3/8/2015 12:00:00 AM,20915,6906,14009
1/10/2015 12:00:00 AM,3/9/2015 12:00:00 AM,22048,8296,13752
1/10/2015 12:00:00 AM,3/10/2015 12:00:00 AM,22048,8296,13752
1/10/2015 12:00:00 AM,3/11/2015 12:00:00 AM,22218,8296,13922
1/10/2015 12:00:00 AM,3/12/2015 12:00:00 AM,23460,9553,13907
1/10/2015 12:00:00 AM,3/13/2015 12:00:00 AM,23630,9553,14077
1/10/2015 12:00:00 AM,3/14/2015 12:00:00 AM,25870,10940,14930
1/10/2015 12:00:00 AM,3/15/2015 12:00:00 AM,24293,10546,13747
1/10/2015 12:00:00 AM,3/16/2015 12:00:00 AM,25363,10935,14428
1/10/2015 12:00:00 AM,3/17/2015 12:00:00 AM,24198,10911,13287
1/10/2015 12:00:00 AM,3/18/2015 12:00:00 AM,26547,10911,15636
1/10/2015 12:00:00 AM,3/19/2015 12:00:00 AM,26060,10911,15149
1/10/2015 12:00:00 AM,3/20/2015 12:00:00 AM,26013,10644,15369
1/10/2015 12:00:00 AM,3/21/2015 12:00:00 AM,26959,10945,16014
1/10/2015 12:00:00 AM,3/22/2015 12:00:00 AM,25571,10871,14700
1/10/2015 12:00:00 AM,3/23/2015 12:00:00 AM,29133,11520,17613
1/10/2015 12:00:00 AM,3/24/2015 12:00:00 AM,27571,11520,16051
1/10/2015 12:00:00 AM,3/25/2015 12:00:00 AM,28454,12573,15881
1/10/2015 12:00:00 AM,3/26/2015 12:00:00 AM,27954,12423,15531
1/10/2015 12:00:00 AM,3/27/2015 12:00:00 AM,28969,12162,16807
1/10/2015 12:00:00 AM,3/28/2015 12:00:00 AM,31399,13121,18278
1/10/2015 12:00:00 AM,3/29/2015 12:00:00 AM,31707,13001,18706
1/10/2015 12:00:00 AM,3/30/2015 12:00:00 AM,31807,13729,18078
1/10/2015 12:00:00 AM,3/31/2015 12:00:00 AM,30431,12753,17678
1/10/2015 12:00:00 AM,4/1/2015 12:00:00 AM,30046,13263,16783
1/10/2015 12:00:00 AM,4/2/2015 12:00:00 AM,28949,12213,16736
1/10/2015 12:00:00 AM,4/3/2015 12:00:00 AM,30129,12222,17907
1/10/2015 12:00:00 AM,4/4/2015 12:00:00 AM,32222,13079,19143
1/10/2015 12:00:00 AM,4/5/2015 12:00:00 AM,32190,13005,19185
1/10/2015 12:00:00 AM,4/6/2015 12:00:00 AM,33489,13590,19899
1/10/2015 12:00:00 AM,4/7/2015 12:00:00 AM,34435,13590,20845
1/10/2015 12:00:00 AM,4/8/2015 12:00:00 AM,32425,13590,18835
1/10/2015 12:00:00 AM,4/9/2015 12:00:00 AM,33615,14190,19425
1/10/2015 12:00:00 AM,4/10/2015 12:00:00 AM,33707,15055,18652
1/10/2015 12:00:00 AM,4/11/2015 12:00:00 AM,38805,16408,22397
1/9/2015 12:00:00 AM,1/10/2015 12:00:00 AM,2527,991,1536
1/9/2015 12:00:00 AM,1/11/2015 12:00:00 AM,2194,761,1433
1/9/2015 12:00:00 AM,1/12/2015 12:00:00 AM,2035,491,1544
1/9/2015 12:00:00 AM,1/13/2015 12:00:00 AM,2035,491,1544
1/9/2015 12:00:00 AM,1/14/2015 12:00:00 AM,2035,491,1544
1/9/2015 12:00:00 AM,1/15/2015 12:00:00 AM,1924,491,1433
1/9/2015 12:00:00 AM,1/16/2015 12:00:00 AM,1924,491,1433
1/9/2015 12:00:00 AM,1/17/2015 12:00:00 AM,2194,761,1433
1/9/2015 12:00:00 AM,1/18/2015 12:00:00 AM,2230,761,1469
1/9/2015 12:00:00 AM,1/19/2015 12:00:00 AM,1956,491,1465
1/9/2015 12:00:00 AM,1/20/2015 12:00:00 AM,1956,491,1465
1/9/2015 12:00:00 AM,1/21/2015 12:00:00 AM,1956,491,1465
1/9/2015 12:00:00 AM,1/22/2015 12:00:00 AM,1956,491,1465
1/9/2015 12:00:00 AM,1/23/2015 12:00:00 AM,1956,491,1465
1/9/2015 12:00:00 AM,1/24/2015 12:00:00 AM,2194,761,1433
1/9/2015 12:00:00 AM,1/25/2015 12:00:00 AM,2194,761,1433
1/9/2015 12:00:00 AM,1/26/2015 12:00:00 AM,1916,491,1425
1/9/2015 12:00:00 AM,1/27/2015 12:00:00 AM,1916,491,1425
1/9/2015 12:00:00 AM,1/28/2015 12:00:00 AM,1916,491,1425
1/9/2015 12:00:00 AM,1/29/2015 12:00:00 AM,1916,491,1425
1/9/2015 12:00:00 AM,1/30/2015 12:00:00 AM,1859,491,1368
1/9/2015 12:00:00 AM,1/31/2015 12:00:00 AM,3116,761,2355
1/9/2015 12:00:00 AM,2/1/2015 12:00:00 AM,4471,1627,2844
1/9/2015 12:00:00 AM,2/2/2015 12:00:00 AM,4457,1627,2830
1/9/2015 12:00:00 AM,2/3/2015 12:00:00 AM,4416,1627,2789
1/9/2015 12:00:00 AM,2/4/2015 12:00:00 AM,4459,1627,2832
1/9/2015 12:00:00 AM,2/5/2015 12:00:00 AM,4438,1627,2811
1/9/2015 12:00:00 AM,2/6/2015 12:00:00 AM,4438,1627,2811
1/9/2015 12:00:00 AM,2/7/2015 12:00:00 AM,4438,1627,2811
1/9/2015 12:00:00 AM,2/8/2015 12:00:00 AM,4438,1627,2811
1/9/2015 12:00:00 AM,2/9/2015 12:00:00 AM,4438,1627,2811
1/9/2015 12:00:00 AM,2/10/2015 12:00:00 AM,4438,1627,2811
1/9/2015 12:00:00 AM,2/11/2015 12:00:00 AM,4438,1627,2811
1/9/2015 12:00:00 AM,2/12/2015 12:00:00 AM,4405,1627,2778
1/9/2015 12:00:00 AM,2/13/2015 12:00:00 AM,4405,1627,2778
1/9/2015 12:00:00 AM,2/14/2015 12:00:00 AM,5852,2947,2905
1/9/2015 12:00:00 AM,2/15/2015 12:00:00 AM,6068,2947,3121
1/9/2015 12:00:00 AM,2/16/2015 12:00:00 AM,6491,2947,3544
1/9/2015 12:00:00 AM,2/17/2015 12:00:00 AM,6769,3247,3522
1/9/2015 12:00:00 AM,2/18/2015 12:00:00 AM,6769,3247,3522
1/9/2015 12:00:00 AM,2/19/2015 12:00:00 AM,6769,3247,3522
1/9/2015 12:00:00 AM,2/20/2015 12:00:00 AM,6836,3247,3589
1/9/2015 12:00:00 AM,2/21/2015 12:00:00 AM,8156,3582,4574
1/9/2015 12:00:00 AM,2/22/2015 12:00:00 AM,7119,2446,4673
1/9/2015 12:00:00 AM,2/23/2015 12:00:00 AM,6929,2446,4483
1/9/2015 12:00:00 AM,2/24/2015 12:00:00 AM,6803,2446,4357
1/9/2015 12:00:00 AM,2/25/2015 12:00:00 AM,6803,2446,4357
1/9/2015 12:00:00 AM,2/26/2015 12:00:00 AM,6803,2446,4357
1/9/2015 12:00:00 AM,2/27/2015 12:00:00 AM,6929,2446,4483
1/9/2015 12:00:00 AM,2/28/2015 12:00:00 AM,10519,3794,6725
1/9/2015 12:00:00 AM,3/1/2015 12:00:00 AM,13936,4910,9026
1/9/2015 12:00:00 AM,3/2/2015 12:00:00 AM,14513,4910,9603
1/9/2015 12:00:00 AM,3/3/2015 12:00:00 AM,14491,4910,9581
1/9/2015 12:00:00 AM,3/4/2015 12:00:00 AM,14491,4910,9581
1/9/2015 12:00:00 AM,3/5/2015 12:00:00 AM,14628,4910,9718
1/9/2015 12:00:00 AM,3/6/2015 12:00:00 AM,16350,5472,10878
1/9/2015 12:00:00 AM,3/7/2015 12:00:00 AM,20067,7056,13011
1/9/2015 12:00:00 AM,3/8/2015 12:00:00 AM,20893,6906,13987
1/9/2015 12:00:00 AM,3/9/2015 12:00:00 AM,22026,8296,13730
1/9/2015 12:00:00 AM,3/10/2015 12:00:00 AM,22026,8296,13730
1/9/2015 12:00:00 AM,3/11/2015 12:00:00 AM,22196,8296,13900
1/9/2015 12:00:00 AM,3/12/2015 12:00:00 AM,23438,9553,13885
1/9/2015 12:00:00 AM,3/13/2015 12:00:00 AM,23608,9553,14055
1/9/2015 12:00:00 AM,3/14/2015 12:00:00 AM,27195,10940,16255
1/9/2015 12:00:00 AM,3/15/2015 12:00:00 AM,25640,10546,15094
1/9/2015 12:00:00 AM,3/16/2015 12:00:00 AM,26688,10935,15753
1/9/2015 12:00:00 AM,3/17/2015 12:00:00 AM,25545,10911,14634
1/9/2015 12:00:00 AM,3/18/2015 12:00:00 AM,26547,10911,15636
1/9/2015 12:00:00 AM,3/19/2015 12:00:00 AM,26060,10911,15149
1/9/2015 12:00:00 AM,3/20/2015 12:00:00 AM,26013,10644,15369
1/9/2015 12:00:00 AM,3/21/2015 12:00:00 AM,26959,10945,16014
1/9/2015 12:00:00 AM,3/22/2015 12:00:00 AM,25571,10871,14700
1/9/2015 12:00:00 AM,3/23/2015 12:00:00 AM,29133,11520,17613
1/9/2015 12:00:00 AM,3/24/2015 12:00:00 AM,27571,11520,16051
1/9/2015 12:00:00 AM,3/25/2015 12:00:00 AM,28454,12573,15881
1/9/2015 12:00:00 AM,3/26/2015 12:00:00 AM,27954,12423,15531
1/9/2015 12:00:00 AM,3/27/2015 12:00:00 AM,28969,12162,16807
1/9/2015 12:00:00 AM,3/28/2015 12:00:00 AM,31399,13121,18278
1/9/2015 12:00:00 AM,3/29/2015 12:00:00 AM,31707,13001,18706
1/9/2015 12:00:00 AM,3/30/2015 12:00:00 AM,31807,13729,18078
1/9/2015 12:00:00 AM,3/31/2015 12:00:00 AM,30431,12753,17678
1/9/2015 12:00:00 AM,4/1/2015 12:00:00 AM,30046,13263,16783
1/9/2015 12:00:00 AM,4/2/2015 12:00:00 AM,28949,12213,16736
1/9/2015 12:00:00 AM,4/3/2015 12:00:00 AM,30129,12222,17907
1/9/2015 12:00:00 AM,4/4/2015 12:00:00 AM,32222,13079,19143
1/9/2015 12:00:00 AM,4/5/2015 12:00:00 AM,30843,13005,17838
1/9/2015 12:00:00 AM,4/6/2015 12:00:00 AM,33076,13290,19786
1/9/2015 12:00:00 AM,4/7/2015 12:00:00 AM,32675,13290,19385
1/9/2015 12:00:00 AM,4/8/2015 12:00:00 AM,30665,13290,17375
1/9/2015 12:00:00 AM,4/9/2015 12:00:00 AM,31855,13890,17965
1/9/2015 12:00:00 AM,4/10/2015 12:00:00 AM,31947,14755,17192
1/8/2015 12:00:00 AM,1/9/2015 12:00:00 AM,2131,721,1410
1/8/2015 12:00:00 AM,1/10/2015 12:00:00 AM,2190,761,1429
1/8/2015 12:00:00 AM,1/11/2015 12:00:00 AM,2194,761,1433
1/8/2015 12:00:00 AM,1/12/2015 12:00:00 AM,2035,491,1544
1/8/2015 12:00:00 AM,1/13/2015 12:00:00 AM,2035,491,1544
1/8/2015 12:00:00 AM,1/14/2015 12:00:00 AM,2035,491,1544
1/8/2015 12:00:00 AM,1/15/2015 12:00:00 AM,1924,491,1433
1/8/2015 12:00:00 AM,1/16/2015 12:00:00 AM,2069,636,1433
1/8/2015 12:00:00 AM,1/17/2015 12:00:00 AM,2339,906,1433
1/8/2015 12:00:00 AM,1/18/2015 12:00:00 AM,2230,761,1469
1/8/2015 12:00:00 AM,1/19/2015 12:00:00 AM,2101,636,1465
1/8/2015 12:00:00 AM,1/20/2015 12:00:00 AM,1956,491,1465
1/8/2015 12:00:00 AM,1/21/2015 12:00:00 AM,1956,491,1465
1/8/2015 12:00:00 AM,1/22/2015 12:00:00 AM,1956,491,1465
1/8/2015 12:00:00 AM,1/23/2015 12:00:00 AM,1956,491,1465
1/8/2015 12:00:00 AM,1/24/2015 12:00:00 AM,2194,761,1433
1/8/2015 12:00:00 AM,1/25/2015 12:00:00 AM,2194,761,1433
1/8/2015 12:00:00 AM,1/26/2015 12:00:00 AM,1916,491,1425
1/8/2015 12:00:00 AM,1/27/2015 12:00:00 AM,1916,491,1425
1/8/2015 12:00:00 AM,1/28/2015 12:00:00 AM,1916,491,1425
1/8/2015 12:00:00 AM,1/29/2015 12:00:00 AM,1916,491,1425
1/8/2015 12:00:00 AM,1/30/2015 12:00:00 AM,1859,491,1368
1/8/2015 12:00:00 AM,1/31/2015 12:00:00 AM,3116,761,2355
1/8/2015 12:00:00 AM,2/1/2015 12:00:00 AM,4471,1627,2844
1/8/2015 12:00:00 AM,2/2/2015 12:00:00 AM,4457,1627,2830
1/8/2015 12:00:00 AM,2/3/2015 12:00:00 AM,4416,1627,2789
1/8/2015 12:00:00 AM,2/4/2015 12:00:00 AM,4459,1627,2832
1/8/2015 12:00:00 AM,2/5/2015 12:00:00 AM,4438,1627,2811
1/8/2015 12:00:00 AM,2/6/2015 12:00:00 AM,4438,1627,2811
1/8/2015 12:00:00 AM,2/7/2015 12:00:00 AM,4438,1627,2811
1/8/2015 12:00:00 AM,2/8/2015 12:00:00 AM,4438,1627,2811
1/8/2015 12:00:00 AM,2/9/2015 12:00:00 AM,4438,1627,2811
1/8/2015 12:00:00 AM,2/10/2015 12:00:00 AM,4438,1627,2811
1/8/2015 12:00:00 AM,2/11/2015 12:00:00 AM,4438,1627,2811
1/8/2015 12:00:00 AM,2/12/2015 12:00:00 AM,4405,1627,2778
1/8/2015 12:00:00 AM,2/13/2015 12:00:00 AM,4405,1627,2778
1/8/2015 12:00:00 AM,2/14/2015 12:00:00 AM,5852,2947,2905
1/8/2015 12:00:00 AM,2/15/2015 12:00:00 AM,6068,2947,3121
1/8/2015 12:00:00 AM,2/16/2015 12:00:00 AM,6491,2947,3544
1/8/2015 12:00:00 AM,2/17/2015 12:00:00 AM,6469,2947,3522
1/8/2015 12:00:00 AM,2/18/2015 12:00:00 AM,6469,2947,3522
1/8/2015 12:00:00 AM,2/19/2015 12:00:00 AM,6469,2947,3522
1/8/2015 12:00:00 AM,2/20/2015 12:00:00 AM,6536,2947,3589
1/8/2015 12:00:00 AM,2/21/2015 12:00:00 AM,7856,3282,4574
1/8/2015 12:00:00 AM,2/22/2015 12:00:00 AM,6819,2146,4673
1/8/2015 12:00:00 AM,2/23/2015 12:00:00 AM,6629,2146,4483
1/8/2015 12:00:00 AM,2/24/2015 12:00:00 AM,6503,2146,4357
1/8/2015 12:00:00 AM,2/25/2015 12:00:00 AM,6503,2146,4357
1/8/2015 12:00:00 AM,2/26/2015 12:00:00 AM,6503,2146,4357
1/8/2015 12:00:00 AM,2/27/2015 12:00:00 AM,6629,2146,4483
1/8/2015 12:00:00 AM,2/28/2015 12:00:00 AM,10219,3494,6725
1/8/2015 12:00:00 AM,3/1/2015 12:00:00 AM,13320,4610,8710
1/8/2015 12:00:00 AM,3/2/2015 12:00:00 AM,13897,4610,9287
1/8/2015 12:00:00 AM,3/3/2015 12:00:00 AM,13875,4610,9265
1/8/2015 12:00:00 AM,3/4/2015 12:00:00 AM,13875,4610,9265
1/8/2015 12:00:00 AM,3/5/2015 12:00:00 AM,14012,4610,9402
1/8/2015 12:00:00 AM,3/6/2015 12:00:00 AM,15734,5172,10562
1/8/2015 12:00:00 AM,3/7/2015 12:00:00 AM,19451,6756,12695
1/8/2015 12:00:00 AM,3/8/2015 12:00:00 AM,20277,6606,13671
1/8/2015 12:00:00 AM,3/9/2015 12:00:00 AM,21410,7996,13414
1/8/2015 12:00:00 AM,3/10/2015 12:00:00 AM,21410,7996,13414
1/8/2015 12:00:00 AM,3/11/2015 12:00:00 AM,21580,7996,13584
1/8/2015 12:00:00 AM,3/12/2015 12:00:00 AM,22822,9253,13569
1/8/2015 12:00:00 AM,3/13/2015 12:00:00 AM,22992,9253,13739
1/8/2015 12:00:00 AM,3/14/2015 12:00:00 AM,26579,10640,15939
1/8/2015 12:00:00 AM,3/15/2015 12:00:00 AM,25024,10246,14778
1/8/2015 12:00:00 AM,3/16/2015 12:00:00 AM,26072,10635,15437
1/8/2015 12:00:00 AM,3/17/2015 12:00:00 AM,24929,10611,14318
1/8/2015 12:00:00 AM,3/18/2015 12:00:00 AM,25931,10611,15320
1/8/2015 12:00:00 AM,3/19/2015 12:00:00 AM,25444,10611,14833
1/8/2015 12:00:00 AM,3/20/2015 12:00:00 AM,25397,10344,15053
1/8/2015 12:00:00 AM,3/21/2015 12:00:00 AM,26343,10645,15698
1/8/2015 12:00:00 AM,3/22/2015 12:00:00 AM,24955,10571,14384
1/8/2015 12:00:00 AM,3/23/2015 12:00:00 AM,28517,11220,17297
1/8/2015 12:00:00 AM,3/24/2015 12:00:00 AM,26955,11220,15735
1/8/2015 12:00:00 AM,3/25/2015 12:00:00 AM,27838,12273,15565
1/8/2015 12:00:00 AM,3/26/2015 12:00:00 AM,27338,12123,15215
1/8/2015 12:00:00 AM,3/27/2015 12:00:00 AM,28353,11862,16491
1/8/2015 12:00:00 AM,3/28/2015 12:00:00 AM,30783,12821,17962
1/8/2015 12:00:00 AM,3/29/2015 12:00:00 AM,31091,12701,18390
1/8/2015 12:00:00 AM,3/30/2015 12:00:00 AM,31191,13429,17762
1/8/2015 12:00:00 AM,3/31/2015 12:00:00 AM,29815,12453,17362
1/8/2015 12:00:00 AM,4/1/2015 12:00:00 AM,29430,12963,16467
1/8/2015 12:00:00 AM,4/2/2015 12:00:00 AM,28633,12213,16420
1/8/2015 12:00:00 AM,4/3/2015 12:00:00 AM,29813,12222,17591
1/8/2015 12:00:00 AM,4/4/2015 12:00:00 AM,31906,13079,18827
1/8/2015 12:00:00 AM,4/5/2015 12:00:00 AM,30527,13005,17522
1/8/2015 12:00:00 AM,4/6/2015 12:00:00 AM,32760,13290,19470
1/8/2015 12:00:00 AM,4/7/2015 12:00:00 AM,32359,13290,19069
1/8/2015 12:00:00 AM,4/8/2015 12:00:00 AM,30349,13290,17059
1/8/2015 12:00:00 AM,4/9/2015 12:00:00 AM,31539,13890,17649
1/7/2015 12:00:00 AM,1/8/2015 12:00:00 AM,2003,721,1282
1/7/2015 12:00:00 AM,1/9/2015 12:00:00 AM,2131,721,1410
1/7/2015 12:00:00 AM,1/10/2015 12:00:00 AM,2169,761,1408
1/7/2015 12:00:00 AM,1/11/2015 12:00:00 AM,2116,761,1355
1/7/2015 12:00:00 AM,1/12/2015 12:00:00 AM,1957,491,1466
1/7/2015 12:00:00 AM,1/13/2015 12:00:00 AM,1957,491,1466
1/7/2015 12:00:00 AM,1/14/2015 12:00:00 AM,1957,491,1466
1/7/2015 12:00:00 AM,1/15/2015 12:00:00 AM,1846,491,1355
1/7/2015 12:00:00 AM,1/16/2015 12:00:00 AM,1991,636,1355
1/7/2015 12:00:00 AM,1/17/2015 12:00:00 AM,2261,906,1355
1/7/2015 12:00:00 AM,1/18/2015 12:00:00 AM,2152,761,1391
1/7/2015 12:00:00 AM,1/19/2015 12:00:00 AM,2023,636,1387
1/7/2015 12:00:00 AM,1/20/2015 12:00:00 AM,1878,491,1387
1/7/2015 12:00:00 AM,1/21/2015 12:00:00 AM,1878,491,1387
1/7/2015 12:00:00 AM,1/22/2015 12:00:00 AM,1878,491,1387
1/7/2015 12:00:00 AM,1/23/2015 12:00:00 AM,1878,491,1387
1/7/2015 12:00:00 AM,1/24/2015 12:00:00 AM,2116,761,1355
1/7/2015 12:00:00 AM,1/25/2015 12:00:00 AM,2116,761,1355
1/7/2015 12:00:00 AM,1/26/2015 12:00:00 AM,1838,491,1347
1/7/2015 12:00:00 AM,1/27/2015 12:00:00 AM,1838,491,1347
1/7/2015 12:00:00 AM,1/28/2015 12:00:00 AM,1838,491,1347
1/7/2015 12:00:00 AM,1/29/2015 12:00:00 AM,1838,491,1347
1/7/2015 12:00:00 AM,1/30/2015 12:00:00 AM,1838,491,1347
1/7/2015 12:00:00 AM,1/31/2015 12:00:00 AM,3038,761,2277
1/7/2015 12:00:00 AM,2/1/2015 12:00:00 AM,4450,1627,2823
1/7/2015 12:00:00 AM,2/2/2015 12:00:00 AM,4436,1627,2809
1/7/2015 12:00:00 AM,2/3/2015 12:00:00 AM,4416,1627,2789
1/7/2015 12:00:00 AM,2/4/2015 12:00:00 AM,4438,1627,2811
1/7/2015 12:00:00 AM,2/5/2015 12:00:00 AM,4438,1627,2811
1/7/2015 12:00:00 AM,2/6/2015 12:00:00 AM,4438,1627,2811
1/7/2015 12:00:00 AM,2/7/2015 12:00:00 AM,4438,1627,2811
1/7/2015 12:00:00 AM,2/8/2015 12:00:00 AM,4438,1627,2811
1/7/2015 12:00:00 AM,2/9/2015 12:00:00 AM,4438,1627,2811
1/7/2015 12:00:00 AM,2/10/2015 12:00:00 AM,4438,1627,2811
1/7/2015 12:00:00 AM,2/11/2015 12:00:00 AM,4438,1627,2811
1/7/2015 12:00:00 AM,2/12/2015 12:00:00 AM,4405,1627,2778
1/7/2015 12:00:00 AM,2/13/2015 12:00:00 AM,4405,1627,2778
1/7/2015 12:00:00 AM,2/14/2015 12:00:00 AM,5852,2947,2905
1/7/2015 12:00:00 AM,2/15/2015 12:00:00 AM,6068,2947,3121
1/7/2015 12:00:00 AM,2/16/2015 12:00:00 AM,6491,2947,3544
1/7/2015 12:00:00 AM,2/17/2015 12:00:00 AM,6469,2947,3522
1/7/2015 12:00:00 AM,2/18/2015 12:00:00 AM,6469,2947,3522
1/7/2015 12:00:00 AM,2/19/2015 12:00:00 AM,6469,2947,3522
1/7/2015 12:00:00 AM,2/20/2015 12:00:00 AM,6536,2947,3589
1/7/2015 12:00:00 AM,2/21/2015 12:00:00 AM,7856,3282,4574
1/7/2015 12:00:00 AM,2/22/2015 12:00:00 AM,6803,2146,4657
1/7/2015 12:00:00 AM,2/23/2015 12:00:00 AM,6613,2146,4467
1/7/2015 12:00:00 AM,2/24/2015 12:00:00 AM,6487,2146,4341
1/7/2015 12:00:00 AM,2/25/2015 12:00:00 AM,6487,2146,4341
1/7/2015 12:00:00 AM,2/26/2015 12:00:00 AM,6487,2146,4341
1/7/2015 12:00:00 AM,2/27/2015 12:00:00 AM,6613,2146,4467
1/7/2015 12:00:00 AM,2/28/2015 12:00:00 AM,10203,3494,6709
1/7/2015 12:00:00 AM,3/1/2015 12:00:00 AM,12639,3929,8710
1/7/2015 12:00:00 AM,3/2/2015 12:00:00 AM,13897,4610,9287
1/7/2015 12:00:00 AM,3/3/2015 12:00:00 AM,13875,4610,9265
1/7/2015 12:00:00 AM,3/4/2015 12:00:00 AM,13875,4610,9265
1/7/2015 12:00:00 AM,3/5/2015 12:00:00 AM,14012,4610,9402
1/7/2015 12:00:00 AM,3/6/2015 12:00:00 AM,15734,5172,10562
1/7/2015 12:00:00 AM,3/7/2015 12:00:00 AM,19451,6756,12695
1/7/2015 12:00:00 AM,3/8/2015 12:00:00 AM,20277,6606,13671
1/7/2015 12:00:00 AM,3/9/2015 12:00:00 AM,21410,7996,13414
1/7/2015 12:00:00 AM,3/10/2015 12:00:00 AM,21410,7996,13414
1/7/2015 12:00:00 AM,3/11/2015 12:00:00 AM,21580,7996,13584
1/7/2015 12:00:00 AM,3/12/2015 12:00:00 AM,22822,9253,13569
1/7/2015 12:00:00 AM,3/13/2015 12:00:00 AM,22992,9253,13739
1/7/2015 12:00:00 AM,3/14/2015 12:00:00 AM,26579,10640,15939
1/7/2015 12:00:00 AM,3/15/2015 12:00:00 AM,25024,10246,14778
1/7/2015 12:00:00 AM,3/16/2015 12:00:00 AM,26072,10635,15437
1/7/2015 12:00:00 AM,3/17/2015 12:00:00 AM,24929,10611,14318
1/7/2015 12:00:00 AM,3/18/2015 12:00:00 AM,25931,10611,15320
1/7/2015 12:00:00 AM,3/19/2015 12:00:00 AM,25444,10611,14833
1/7/2015 12:00:00 AM,3/20/2015 12:00:00 AM,25397,10344,15053
1/7/2015 12:00:00 AM,3/21/2015 12:00:00 AM,26343,10645,15698
1/7/2015 12:00:00 AM,3/22/2015 12:00:00 AM,24955,10571,14384
1/7/2015 12:00:00 AM,3/23/2015 12:00:00 AM,28517,11220,17297
1/7/2015 12:00:00 AM,3/24/2015 12:00:00 AM,26955,11220,15735
1/7/2015 12:00:00 AM,3/25/2015 12:00:00 AM,27838,12273,15565
1/7/2015 12:00:00 AM,3/26/2015 12:00:00 AM,27338,12123,15215
1/7/2015 12:00:00 AM,3/27/2015 12:00:00 AM,28353,11862,16491
1/7/2015 12:00:00 AM,3/28/2015 12:00:00 AM,30783,12821,17962
1/7/2015 12:00:00 AM,3/29/2015 12:00:00 AM,31091,12701,18390
1/7/2015 12:00:00 AM,3/30/2015 12:00:00 AM,31191,13429,17762
1/7/2015 12:00:00 AM,3/31/2015 12:00:00 AM,29815,12453,17362
1/7/2015 12:00:00 AM,4/1/2015 12:00:00 AM,29430,12963,16467
1/7/2015 12:00:00 AM,4/2/2015 12:00:00 AM,28633,12213,16420
1/7/2015 12:00:00 AM,4/3/2015 12:00:00 AM,29813,12222,17591
1/7/2015 12:00:00 AM,4/4/2015 12:00:00 AM,31906,13079,18827
1/7/2015 12:00:00 AM,4/5/2015 12:00:00 AM,30527,13005,17522
1/7/2015 12:00:00 AM,4/6/2015 12:00:00 AM,32635,13290,19345
1/7/2015 12:00:00 AM,4/7/2015 12:00:00 AM,32234,13290,18944
1/7/2015 12:00:00 AM,4/8/2015 12:00:00 AM,30224,13290,16934
1/6/2015 12:00:00 AM,1/7/2015 12:00:00 AM,2131,721,1410
1/6/2015 12:00:00 AM,1/8/2015 12:00:00 AM,1773,491,1282
1/6/2015 12:00:00 AM,1/9/2015 12:00:00 AM,1794,491,1303
1/6/2015 12:00:00 AM,1/10/2015 12:00:00 AM,2169,761,1408
1/6/2015 12:00:00 AM,1/11/2015 12:00:00 AM,2116,761,1355
1/6/2015 12:00:00 AM,1/12/2015 12:00:00 AM,1957,491,1466
1/6/2015 12:00:00 AM,1/13/2015 12:00:00 AM,1957,491,1466
1/6/2015 12:00:00 AM,1/14/2015 12:00:00 AM,1957,491,1466
1/6/2015 12:00:00 AM,1/15/2015 12:00:00 AM,1846,491,1355
1/6/2015 12:00:00 AM,1/16/2015 12:00:00 AM,1991,636,1355
1/6/2015 12:00:00 AM,1/17/2015 12:00:00 AM,2261,906,1355
1/6/2015 12:00:00 AM,1/18/2015 12:00:00 AM,2152,761,1391
1/6/2015 12:00:00 AM,1/19/2015 12:00:00 AM,2023,636,1387
1/6/2015 12:00:00 AM,1/20/2015 12:00:00 AM,1878,491,1387
1/6/2015 12:00:00 AM,1/21/2015 12:00:00 AM,1878,491,1387
1/6/2015 12:00:00 AM,1/22/2015 12:00:00 AM,1878,491,1387
1/6/2015 12:00:00 AM,1/23/2015 12:00:00 AM,1878,491,1387
1/6/2015 12:00:00 AM,1/24/2015 12:00:00 AM,2116,761,1355
1/6/2015 12:00:00 AM,1/25/2015 12:00:00 AM,2116,761,1355
1/6/2015 12:00:00 AM,1/26/2015 12:00:00 AM,1838,491,1347
1/6/2015 12:00:00 AM,1/27/2015 12:00:00 AM,1838,491,1347
1/6/2015 12:00:00 AM,1/28/2015 12:00:00 AM,1838,491,1347
1/6/2015 12:00:00 AM,1/29/2015 12:00:00 AM,1838,491,1347
1/6/2015 12:00:00 AM,1/30/2015 12:00:00 AM,1838,491,1347
1/6/2015 12:00:00 AM,1/31/2015 12:00:00 AM,3038,761,2277
1/6/2015 12:00:00 AM,2/1/2015 12:00:00 AM,4450,1627,2823
1/6/2015 12:00:00 AM,2/2/2015 12:00:00 AM,4436,1627,2809
1/6/2015 12:00:00 AM,2/3/2015 12:00:00 AM,4416,1627,2789
1/6/2015 12:00:00 AM,2/4/2015 12:00:00 AM,4438,1627,2811
1/6/2015 12:00:00 AM,2/5/2015 12:00:00 AM,4438,1627,2811
1/6/2015 12:00:00 AM,2/6/2015 12:00:00 AM,4438,1627,2811
1/6/2015 12:00:00 AM,2/7/2015 12:00:00 AM,4438,1627,2811
1/6/2015 12:00:00 AM,2/8/2015 12:00:00 AM,4438,1627,2811
1/6/2015 12:00:00 AM,2/9/2015 12:00:00 AM,4438,1627,2811
1/6/2015 12:00:00 AM,2/10/2015 12:00:00 AM,4438,1627,2811
1/6/2015 12:00:00 AM,2/11/2015 12:00:00 AM,4438,1627,2811
1/6/2015 12:00:00 AM,2/12/2015 12:00:00 AM,4405,1627,2778
1/6/2015 12:00:00 AM,2/13/2015 12:00:00 AM,4405,1627,2778
1/6/2015 12:00:00 AM,2/14/2015 12:00:00 AM,5852,2947,2905
1/6/2015 12:00:00 AM,2/15/2015 12:00:00 AM,6068,2947,3121
1/6/2015 12:00:00 AM,2/16/2015 12:00:00 AM,6609,2947,3662
1/6/2015 12:00:00 AM,2/17/2015 12:00:00 AM,6587,2947,3640
1/6/2015 12:00:00 AM,2/18/2015 12:00:00 AM,6587,2947,3640
1/6/2015 12:00:00 AM,2/19/2015 12:00:00 AM,6587,2947,3640
1/6/2015 12:00:00 AM,2/20/2015 12:00:00 AM,6654,2947,3707
1/6/2015 12:00:00 AM,2/21/2015 12:00:00 AM,7974,3282,4692
1/6/2015 12:00:00 AM,2/22/2015 12:00:00 AM,6921,2146,4775
1/6/2015 12:00:00 AM,2/23/2015 12:00:00 AM,6731,2146,4585
1/6/2015 12:00:00 AM,2/24/2015 12:00:00 AM,6605,2146,4459
1/6/2015 12:00:00 AM,2/25/2015 12:00:00 AM,6605,2146,4459
1/6/2015 12:00:00 AM,2/26/2015 12:00:00 AM,6605,2146,4459
1/6/2015 12:00:00 AM,2/27/2015 12:00:00 AM,6731,2146,4585
1/6/2015 12:00:00 AM,2/28/2015 12:00:00 AM,10321,3494,6827
1/6/2015 12:00:00 AM,3/1/2015 12:00:00 AM,12757,3929,8828
1/6/2015 12:00:00 AM,3/2/2015 12:00:00 AM,14015,4610,9405
1/6/2015 12:00:00 AM,3/3/2015 12:00:00 AM,13993,4610,9383
1/6/2015 12:00:00 AM,3/4/2015 12:00:00 AM,13993,4610,9383
1/6/2015 12:00:00 AM,3/5/2015 12:00:00 AM,14130,4610,9520
1/6/2015 12:00:00 AM,3/6/2015 12:00:00 AM,15852,5172,10680
1/6/2015 12:00:00 AM,3/7/2015 12:00:00 AM,19451,6756,12695
1/6/2015 12:00:00 AM,3/8/2015 12:00:00 AM,20277,6606,13671
1/6/2015 12:00:00 AM,3/9/2015 12:00:00 AM,21292,7996,13296
1/6/2015 12:00:00 AM,3/10/2015 12:00:00 AM,21292,7996,13296
1/6/2015 12:00:00 AM,3/11/2015 12:00:00 AM,21462,7996,13466
1/6/2015 12:00:00 AM,3/12/2015 12:00:00 AM,22704,9253,13451
1/6/2015 12:00:00 AM,3/13/2015 12:00:00 AM,22874,9253,13621
1/6/2015 12:00:00 AM,3/14/2015 12:00:00 AM,26461,10640,15821
1/6/2015 12:00:00 AM,3/15/2015 12:00:00 AM,24906,10246,14660
1/6/2015 12:00:00 AM,3/16/2015 12:00:00 AM,26078,10635,15443
1/6/2015 12:00:00 AM,3/17/2015 12:00:00 AM,24935,10611,14324
1/6/2015 12:00:00 AM,3/18/2015 12:00:00 AM,25937,10611,15326
1/6/2015 12:00:00 AM,3/19/2015 12:00:00 AM,25450,10611,14839
1/6/2015 12:00:00 AM,3/20/2015 12:00:00 AM,25403,10344,15059
1/6/2015 12:00:00 AM,3/21/2015 12:00:00 AM,26349,10645,15704
1/6/2015 12:00:00 AM,3/22/2015 12:00:00 AM,24857,10571,14286
1/6/2015 12:00:00 AM,3/23/2015 12:00:00 AM,28419,11220,17199
1/6/2015 12:00:00 AM,3/24/2015 12:00:00 AM,26857,11220,15637
1/6/2015 12:00:00 AM,3/25/2015 12:00:00 AM,27740,12273,15467
1/6/2015 12:00:00 AM,3/26/2015 12:00:00 AM,27240,12123,15117
1/6/2015 12:00:00 AM,3/27/2015 12:00:00 AM,28255,11862,16393
1/6/2015 12:00:00 AM,3/28/2015 12:00:00 AM,30803,12821,17982
1/6/2015 12:00:00 AM,3/29/2015 12:00:00 AM,31111,12701,18410
1/6/2015 12:00:00 AM,3/30/2015 12:00:00 AM,31211,13429,17782
1/6/2015 12:00:00 AM,3/31/2015 12:00:00 AM,29835,12453,17382
1/6/2015 12:00:00 AM,4/1/2015 12:00:00 AM,29450,12963,16487
1/6/2015 12:00:00 AM,4/2/2015 12:00:00 AM,28653,12213,16440
1/6/2015 12:00:00 AM,4/3/2015 12:00:00 AM,29833,12222,17611
1/6/2015 12:00:00 AM,4/4/2015 12:00:00 AM,31926,13079,18847
1/6/2015 12:00:00 AM,4/5/2015 12:00:00 AM,30547,13005,17542
1/6/2015 12:00:00 AM,4/6/2015 12:00:00 AM,32531,13290,19241
1/6/2015 12:00:00 AM,4/7/2015 12:00:00 AM,32130,13290,18840
1/5/2015 12:00:00 AM,1/6/2015 12:00:00 AM,2225,721,1504
1/5/2015 12:00:00 AM,1/7/2015 12:00:00 AM,2246,721,1525
1/5/2015 12:00:00 AM,1/8/2015 12:00:00 AM,1995,491,1504
1/5/2015 12:00:00 AM,1/9/2015 12:00:00 AM,1995,491,1504
1/5/2015 12:00:00 AM,1/10/2015 12:00:00 AM,2391,761,1630
1/5/2015 12:00:00 AM,1/11/2015 12:00:00 AM,2338,761,1577
1/5/2015 12:00:00 AM,1/12/2015 12:00:00 AM,2179,491,1688
1/5/2015 12:00:00 AM,1/13/2015 12:00:00 AM,2179,491,1688
1/5/2015 12:00:00 AM,1/14/2015 12:00:00 AM,2179,491,1688
1/5/2015 12:00:00 AM,1/15/2015 12:00:00 AM,2068,491,1577
1/5/2015 12:00:00 AM,1/16/2015 12:00:00 AM,2213,636,1577
1/5/2015 12:00:00 AM,1/17/2015 12:00:00 AM,2483,906,1577
1/5/2015 12:00:00 AM,1/18/2015 12:00:00 AM,2374,761,1613
1/5/2015 12:00:00 AM,1/19/2015 12:00:00 AM,2245,636,1609
1/5/2015 12:00:00 AM,1/20/2015 12:00:00 AM,2100,491,1609
1/5/2015 12:00:00 AM,1/21/2015 12:00:00 AM,2100,491,1609
1/5/2015 12:00:00 AM,1/22/2015 12:00:00 AM,2100,491,1609
1/5/2015 12:00:00 AM,1/23/2015 12:00:00 AM,2100,491,1609
1/5/2015 12:00:00 AM,1/24/2015 12:00:00 AM,2338,761,1577
1/5/2015 12:00:00 AM,1/25/2015 12:00:00 AM,2338,761,1577
1/5/2015 12:00:00 AM,1/26/2015 12:00:00 AM,2060,491,1569
1/5/2015 12:00:00 AM,1/27/2015 12:00:00 AM,2060,491,1569
1/5/2015 12:00:00 AM,1/28/2015 12:00:00 AM,2060,491,1569
1/5/2015 12:00:00 AM,1/29/2015 12:00:00 AM,2060,491,1569
1/5/2015 12:00:00 AM,1/30/2015 12:00:00 AM,2060,491,1569
1/5/2015 12:00:00 AM,1/31/2015 12:00:00 AM,3260,761,2499
1/5/2015 12:00:00 AM,2/1/2015 12:00:00 AM,4672,1627,3045
1/5/2015 12:00:00 AM,2/2/2015 12:00:00 AM,4658,1627,3031
1/5/2015 12:00:00 AM,2/3/2015 12:00:00 AM,4638,1627,3011
1/5/2015 12:00:00 AM,2/4/2015 12:00:00 AM,4660,1627,3033
1/5/2015 12:00:00 AM,2/5/2015 12:00:00 AM,4660,1627,3033
1/5/2015 12:00:00 AM,2/6/2015 12:00:00 AM,4660,1627,3033
1/5/2015 12:00:00 AM,2/7/2015 12:00:00 AM,4660,1627,3033
1/5/2015 12:00:00 AM,2/8/2015 12:00:00 AM,4660,1627,3033
1/5/2015 12:00:00 AM,2/9/2015 12:00:00 AM,4660,1627,3033
1/5/2015 12:00:00 AM,2/10/2015 12:00:00 AM,4660,1627,3033
1/5/2015 12:00:00 AM,2/11/2015 12:00:00 AM,4660,1627,3033
1/5/2015 12:00:00 AM,2/12/2015 12:00:00 AM,4627,1627,3000
1/5/2015 12:00:00 AM,2/13/2015 12:00:00 AM,4627,1627,3000
1/5/2015 12:00:00 AM,2/14/2015 12:00:00 AM,6074,2947,3127
1/5/2015 12:00:00 AM,2/15/2015 12:00:00 AM,6290,2947,3343
1/5/2015 12:00:00 AM,2/16/2015 12:00:00 AM,6831,2947,3884
1/5/2015 12:00:00 AM,2/17/2015 12:00:00 AM,6809,2947,3862
1/5/2015 12:00:00 AM,2/18/2015 12:00:00 AM,6809,2947,3862
1/5/2015 12:00:00 AM,2/19/2015 12:00:00 AM,6809,2947,3862
1/5/2015 12:00:00 AM,2/20/2015 12:00:00 AM,6876,2947,3929
1/5/2015 12:00:00 AM,2/21/2015 12:00:00 AM,8196,3282,4914
1/5/2015 12:00:00 AM,2/22/2015 12:00:00 AM,7143,2146,4997
1/5/2015 12:00:00 AM,2/23/2015 12:00:00 AM,6953,2146,4807
1/5/2015 12:00:00 AM,2/24/2015 12:00:00 AM,6827,2146,4681
1/5/2015 12:00:00 AM,2/25/2015 12:00:00 AM,6827,2146,4681
1/5/2015 12:00:00 AM,2/26/2015 12:00:00 AM,6827,2146,4681
1/5/2015 12:00:00 AM,2/27/2015 12:00:00 AM,6953,2146,4807
1/5/2015 12:00:00 AM,2/28/2015 12:00:00 AM,10543,3494,7049
1/5/2015 12:00:00 AM,3/1/2015 12:00:00 AM,12979,3929,9050
1/5/2015 12:00:00 AM,3/2/2015 12:00:00 AM,14237,4610,9627
1/5/2015 12:00:00 AM,3/3/2015 12:00:00 AM,14215,4610,9605
1/5/2015 12:00:00 AM,3/4/2015 12:00:00 AM,14215,4610,9605
1/5/2015 12:00:00 AM,3/5/2015 12:00:00 AM,14352,4610,9742
1/5/2015 12:00:00 AM,3/6/2015 12:00:00 AM,16074,5172,10902
1/5/2015 12:00:00 AM,3/7/2015 12:00:00 AM,19673,6756,12917
1/5/2015 12:00:00 AM,3/8/2015 12:00:00 AM,20499,6606,13893
1/5/2015 12:00:00 AM,3/9/2015 12:00:00 AM,21514,7996,13518
1/5/2015 12:00:00 AM,3/10/2015 12:00:00 AM,21514,7996,13518
1/5/2015 12:00:00 AM,3/11/2015 12:00:00 AM,21684,7996,13688
1/5/2015 12:00:00 AM,3/12/2015 12:00:00 AM,22926,9253,13673
1/5/2015 12:00:00 AM,3/13/2015 12:00:00 AM,23096,9253,13843
1/5/2015 12:00:00 AM,3/14/2015 12:00:00 AM,26683,10640,16043
1/5/2015 12:00:00 AM,3/15/2015 12:00:00 AM,25128,10246,14882
1/5/2015 12:00:00 AM,3/16/2015 12:00:00 AM,26300,10635,15665
1/5/2015 12:00:00 AM,3/17/2015 12:00:00 AM,25157,10611,14546
1/5/2015 12:00:00 AM,3/18/2015 12:00:00 AM,26159,10611,15548
1/5/2015 12:00:00 AM,3/19/2015 12:00:00 AM,25672,10611,15061
1/5/2015 12:00:00 AM,3/20/2015 12:00:00 AM,25625,10344,15281
1/5/2015 12:00:00 AM,3/21/2015 12:00:00 AM,26571,10645,15926
1/5/2015 12:00:00 AM,3/22/2015 12:00:00 AM,25079,10571,14508
1/5/2015 12:00:00 AM,3/23/2015 12:00:00 AM,28641,11220,17421
1/5/2015 12:00:00 AM,3/24/2015 12:00:00 AM,27079,11220,15859
1/5/2015 12:00:00 AM,3/25/2015 12:00:00 AM,27962,12273,15689
1/5/2015 12:00:00 AM,3/26/2015 12:00:00 AM,27462,12123,15339
1/5/2015 12:00:00 AM,3/27/2015 12:00:00 AM,28477,11862,16615
1/5/2015 12:00:00 AM,3/28/2015 12:00:00 AM,31025,12821,18204
1/5/2015 12:00:00 AM,3/29/2015 12:00:00 AM,31333,12701,18632
1/5/2015 12:00:00 AM,3/30/2015 12:00:00 AM,31433,13429,18004
1/5/2015 12:00:00 AM,3/31/2015 12:00:00 AM,30057,12453,17604
1/5/2015 12:00:00 AM,4/1/2015 12:00:00 AM,29672,12963,16709
1/5/2015 12:00:00 AM,4/2/2015 12:00:00 AM,28875,12213,16662
1/5/2015 12:00:00 AM,4/3/2015 12:00:00 AM,30055,12222,17833
1/5/2015 12:00:00 AM,4/4/2015 12:00:00 AM,32148,13079,19069
1/5/2015 12:00:00 AM,4/5/2015 12:00:00 AM,30769,13005,17764
1/5/2015 12:00:00 AM,4/6/2015 12:00:00 AM,32753,13290,19463
1/4/2015 12:00:00 AM,1/5/2015 12:00:00 AM,3612,1298,2314
1/4/2015 12:00:00 AM,1/6/2015 12:00:00 AM,2225,721,1504
1/4/2015 12:00:00 AM,1/7/2015 12:00:00 AM,2246,721,1525
1/4/2015 12:00:00 AM,1/8/2015 12:00:00 AM,1995,491,1504
1/4/2015 12:00:00 AM,1/9/2015 12:00:00 AM,1995,491,1504
1/4/2015 12:00:00 AM,1/10/2015 12:00:00 AM,2391,761,1630
1/4/2015 12:00:00 AM,1/11/2015 12:00:00 AM,2338,761,1577
1/4/2015 12:00:00 AM,1/12/2015 12:00:00 AM,2179,491,1688
1/4/2015 12:00:00 AM,1/13/2015 12:00:00 AM,2179,491,1688
1/4/2015 12:00:00 AM,1/14/2015 12:00:00 AM,2179,491,1688
1/4/2015 12:00:00 AM,1/15/2015 12:00:00 AM,2068,491,1577
1/4/2015 12:00:00 AM,1/16/2015 12:00:00 AM,2213,636,1577
1/4/2015 12:00:00 AM,1/17/2015 12:00:00 AM,2483,906,1577
1/4/2015 12:00:00 AM,1/18/2015 12:00:00 AM,2374,761,1613
1/4/2015 12:00:00 AM,1/19/2015 12:00:00 AM,2245,636,1609
1/4/2015 12:00:00 AM,1/20/2015 12:00:00 AM,2100,491,1609
1/4/2015 12:00:00 AM,1/21/2015 12:00:00 AM,2100,491,1609
1/4/2015 12:00:00 AM,1/22/2015 12:00:00 AM,2100,491,1609
1/4/2015 12:00:00 AM,1/23/2015 12:00:00 AM,2100,491,1609
1/4/2015 12:00:00 AM,1/24/2015 12:00:00 AM,2338,761,1577
1/4/2015 12:00:00 AM,1/25/2015 12:00:00 AM,2338,761,1577
1/4/2015 12:00:00 AM,1/26/2015 12:00:00 AM,2060,491,1569
1/4/2015 12:00:00 AM,1/27/2015 12:00:00 AM,2060,491,1569
1/4/2015 12:00:00 AM,1/28/2015 12:00:00 AM,2060,491,1569
1/4/2015 12:00:00 AM,1/29/2015 12:00:00 AM,2060,491,1569
1/4/2015 12:00:00 AM,1/30/2015 12:00:00 AM,2060,491,1569
1/4/2015 12:00:00 AM,1/31/2015 12:00:00 AM,3260,761,2499
1/4/2015 12:00:00 AM,2/1/2015 12:00:00 AM,4672,1627,3045
1/4/2015 12:00:00 AM,2/2/2015 12:00:00 AM,4658,1627,3031
1/4/2015 12:00:00 AM,2/3/2015 12:00:00 AM,4638,1627,3011
1/4/2015 12:00:00 AM,2/4/2015 12:00:00 AM,4660,1627,3033
1/4/2015 12:00:00 AM,2/5/2015 12:00:00 AM,4660,1627,3033
1/4/2015 12:00:00 AM,2/6/2015 12:00:00 AM,4660,1627,3033
1/4/2015 12:00:00 AM,2/7/2015 12:00:00 AM,4660,1627,3033
1/4/2015 12:00:00 AM,2/8/2015 12:00:00 AM,4660,1627,3033
1/4/2015 12:00:00 AM,2/9/2015 12:00:00 AM,4660,1627,3033
1/4/2015 12:00:00 AM,2/10/2015 12:00:00 AM,4660,1627,3033
1/4/2015 12:00:00 AM,2/11/2015 12:00:00 AM,4660,1627,3033
1/4/2015 12:00:00 AM,2/12/2015 12:00:00 AM,4627,1627,3000
1/4/2015 12:00:00 AM,2/13/2015 12:00:00 AM,4627,1627,3000
1/4/2015 12:00:00 AM,2/14/2015 12:00:00 AM,6074,2947,3127
1/4/2015 12:00:00 AM,2/15/2015 12:00:00 AM,6290,2947,3343
1/4/2015 12:00:00 AM,2/16/2015 12:00:00 AM,6831,2947,3884
1/4/2015 12:00:00 AM,2/17/2015 12:00:00 AM,6809,2947,3862
1/4/2015 12:00:00 AM,2/18/2015 12:00:00 AM,6809,2947,3862
1/4/2015 12:00:00 AM,2/19/2015 12:00:00 AM,6809,2947,3862
1/4/2015 12:00:00 AM,2/20/2015 12:00:00 AM,6876,2947,3929
1/4/2015 12:00:00 AM,2/21/2015 12:00:00 AM,8196,3282,4914
1/4/2015 12:00:00 AM,2/22/2015 12:00:00 AM,7143,2146,4997
1/4/2015 12:00:00 AM,2/23/2015 12:00:00 AM,6953,2146,4807
1/4/2015 12:00:00 AM,2/24/2015 12:00:00 AM,6827,2146,4681
1/4/2015 12:00:00 AM,2/25/2015 12:00:00 AM,6827,2146,4681
1/4/2015 12:00:00 AM,2/26/2015 12:00:00 AM,6827,2146,4681
1/4/2015 12:00:00 AM,2/27/2015 12:00:00 AM,6953,2146,4807
1/4/2015 12:00:00 AM,2/28/2015 12:00:00 AM,10543,3494,7049
1/4/2015 12:00:00 AM,3/1/2015 12:00:00 AM,12979,3929,9050
1/4/2015 12:00:00 AM,3/2/2015 12:00:00 AM,14237,4610,9627
1/4/2015 12:00:00 AM,3/3/2015 12:00:00 AM,14215,4610,9605
1/4/2015 12:00:00 AM,3/4/2015 12:00:00 AM,14215,4610,9605
1/4/2015 12:00:00 AM,3/5/2015 12:00:00 AM,14352,4610,9742
1/4/2015 12:00:00 AM,3/6/2015 12:00:00 AM,16074,5172,10902
1/4/2015 12:00:00 AM,3/7/2015 12:00:00 AM,19673,6756,12917
1/4/2015 12:00:00 AM,3/8/2015 12:00:00 AM,20499,6606,13893
1/4/2015 12:00:00 AM,3/9/2015 12:00:00 AM,21514,7996,13518
1/4/2015 12:00:00 AM,3/10/2015 12:00:00 AM,21514,7996,13518
1/4/2015 12:00:00 AM,3/11/2015 12:00:00 AM,21684,7996,13688
1/4/2015 12:00:00 AM,3/12/2015 12:00:00 AM,22926,9253,13673
1/4/2015 12:00:00 AM,3/13/2015 12:00:00 AM,23096,9253,13843
1/4/2015 12:00:00 AM,3/14/2015 12:00:00 AM,26683,10640,16043
1/4/2015 12:00:00 AM,3/15/2015 12:00:00 AM,25128,10246,14882
1/4/2015 12:00:00 AM,3/16/2015 12:00:00 AM,26300,10635,15665
1/4/2015 12:00:00 AM,3/17/2015 12:00:00 AM,25157,10611,14546
1/4/2015 12:00:00 AM,3/18/2015 12:00:00 AM,26159,10611,15548
1/4/2015 12:00:00 AM,3/19/2015 12:00:00 AM,25672,10611,15061
1/4/2015 12:00:00 AM,3/20/2015 12:00:00 AM,25625,10344,15281
1/4/2015 12:00:00 AM,3/21/2015 12:00:00 AM,26571,10645,15926
1/4/2015 12:00:00 AM,3/22/2015 12:00:00 AM,25079,10571,14508
1/4/2015 12:00:00 AM,3/23/2015 12:00:00 AM,28641,11220,17421
1/4/2015 12:00:00 AM,3/24/2015 12:00:00 AM,27079,11220,15859
1/4/2015 12:00:00 AM,3/25/2015 12:00:00 AM,27962,12273,15689
1/4/2015 12:00:00 AM,3/26/2015 12:00:00 AM,27462,12123,15339
1/4/2015 12:00:00 AM,3/27/2015 12:00:00 AM,28477,11862,16615
1/4/2015 12:00:00 AM,3/28/2015 12:00:00 AM,31025,12821,18204
1/4/2015 12:00:00 AM,3/29/2015 12:00:00 AM,31333,12701,18632
1/4/2015 12:00:00 AM,3/30/2015 12:00:00 AM,31433,13429,18004
1/4/2015 12:00:00 AM,3/31/2015 12:00:00 AM,30057,12453,17604
1/4/2015 12:00:00 AM,4/1/2015 12:00:00 AM,29672,12963,16709
1/4/2015 12:00:00 AM,4/2/2015 12:00:00 AM,28875,12213,16662
1/4/2015 12:00:00 AM,4/3/2015 12:00:00 AM,30055,12222,17833
1/4/2015 12:00:00 AM,4/4/2015 12:00:00 AM,32148,13079,19069
1/4/2015 12:00:00 AM,4/5/2015 12:00:00 AM,30769,13005,17764
1/3/2015 12:00:00 AM,1/4/2015 12:00:00 AM,2634,1298,1336
1/3/2015 12:00:00 AM,1/5/2015 12:00:00 AM,2823,1298,1525
1/3/2015 12:00:00 AM,1/6/2015 12:00:00 AM,2225,721,1504
1/3/2015 12:00:00 AM,1/7/2015 12:00:00 AM,2246,721,1525
1/3/2015 12:00:00 AM,1/8/2015 12:00:00 AM,1995,491,1504
1/3/2015 12:00:00 AM,1/9/2015 12:00:00 AM,1995,491,1504
1/3/2015 12:00:00 AM,1/10/2015 12:00:00 AM,2391,761,1630
1/3/2015 12:00:00 AM,1/11/2015 12:00:00 AM,2338,761,1577
1/3/2015 12:00:00 AM,1/12/2015 12:00:00 AM,2179,491,1688
1/3/2015 12:00:00 AM,1/13/2015 12:00:00 AM,2179,491,1688
1/3/2015 12:00:00 AM,1/14/2015 12:00:00 AM,2179,491,1688
1/3/2015 12:00:00 AM,1/15/2015 12:00:00 AM,2068,491,1577
1/3/2015 12:00:00 AM,1/16/2015 12:00:00 AM,2213,636,1577
1/3/2015 12:00:00 AM,1/17/2015 12:00:00 AM,2483,906,1577
1/3/2015 12:00:00 AM,1/18/2015 12:00:00 AM,2374,761,1613
1/3/2015 12:00:00 AM,1/19/2015 12:00:00 AM,2245,636,1609
1/3/2015 12:00:00 AM,1/20/2015 12:00:00 AM,2100,491,1609
1/3/2015 12:00:00 AM,1/21/2015 12:00:00 AM,2100,491,1609
1/3/2015 12:00:00 AM,1/22/2015 12:00:00 AM,2100,491,1609
1/3/2015 12:00:00 AM,1/23/2015 12:00:00 AM,2100,491,1609
1/3/2015 12:00:00 AM,1/24/2015 12:00:00 AM,2338,761,1577
1/3/2015 12:00:00 AM,1/25/2015 12:00:00 AM,2338,761,1577
1/3/2015 12:00:00 AM,1/26/2015 12:00:00 AM,2060,491,1569
1/3/2015 12:00:00 AM,1/27/2015 12:00:00 AM,2060,491,1569
1/3/2015 12:00:00 AM,1/28/2015 12:00:00 AM,2060,491,1569
1/3/2015 12:00:00 AM,1/29/2015 12:00:00 AM,2060,491,1569
1/3/2015 12:00:00 AM,1/30/2015 12:00:00 AM,2060,491,1569
1/3/2015 12:00:00 AM,1/31/2015 12:00:00 AM,3260,761,2499
1/3/2015 12:00:00 AM,2/1/2015 12:00:00 AM,4672,1627,3045
1/3/2015 12:00:00 AM,2/2/2015 12:00:00 AM,4658,1627,3031
1/3/2015 12:00:00 AM,2/3/2015 12:00:00 AM,4638,1627,3011
1/3/2015 12:00:00 AM,2/4/2015 12:00:00 AM,4660,1627,3033
1/3/2015 12:00:00 AM,2/5/2015 12:00:00 AM,4660,1627,3033
1/3/2015 12:00:00 AM,2/6/2015 12:00:00 AM,4660,1627,3033
1/3/2015 12:00:00 AM,2/7/2015 12:00:00 AM,4660,1627,3033
1/3/2015 12:00:00 AM,2/8/2015 12:00:00 AM,4660,1627,3033
1/3/2015 12:00:00 AM,2/9/2015 12:00:00 AM,4660,1627,3033
1/3/2015 12:00:00 AM,2/10/2015 12:00:00 AM,4660,1627,3033
1/3/2015 12:00:00 AM,2/11/2015 12:00:00 AM,4660,1627,3033
1/3/2015 12:00:00 AM,2/12/2015 12:00:00 AM,4627,1627,3000
1/3/2015 12:00:00 AM,2/13/2015 12:00:00 AM,4627,1627,3000
1/3/2015 12:00:00 AM,2/14/2015 12:00:00 AM,6074,2947,3127
1/3/2015 12:00:00 AM,2/15/2015 12:00:00 AM,6290,2947,3343
1/3/2015 12:00:00 AM,2/16/2015 12:00:00 AM,6831,2947,3884
1/3/2015 12:00:00 AM,2/17/2015 12:00:00 AM,6809,2947,3862
1/3/2015 12:00:00 AM,2/18/2015 12:00:00 AM,6809,2947,3862
1/3/2015 12:00:00 AM,2/19/2015 12:00:00 AM,6809,2947,3862
1/3/2015 12:00:00 AM,2/20/2015 12:00:00 AM,6876,2947,3929
1/3/2015 12:00:00 AM,2/21/2015 12:00:00 AM,8196,3282,4914
1/3/2015 12:00:00 AM,2/22/2015 12:00:00 AM,7143,2146,4997
1/3/2015 12:00:00 AM,2/23/2015 12:00:00 AM,6953,2146,4807
1/3/2015 12:00:00 AM,2/24/2015 12:00:00 AM,6827,2146,4681
1/3/2015 12:00:00 AM,2/25/2015 12:00:00 AM,6827,2146,4681
1/3/2015 12:00:00 AM,2/26/2015 12:00:00 AM,6827,2146,4681
1/3/2015 12:00:00 AM,2/27/2015 12:00:00 AM,6953,2146,4807
1/3/2015 12:00:00 AM,2/28/2015 12:00:00 AM,10543,3494,7049
1/3/2015 12:00:00 AM,3/1/2015 12:00:00 AM,12979,3929,9050
1/3/2015 12:00:00 AM,3/2/2015 12:00:00 AM,14237,4610,9627
1/3/2015 12:00:00 AM,3/3/2015 12:00:00 AM,14215,4610,9605
1/3/2015 12:00:00 AM,3/4/2015 12:00:00 AM,14215,4610,9605
1/3/2015 12:00:00 AM,3/5/2015 12:00:00 AM,14352,4610,9742
1/3/2015 12:00:00 AM,3/6/2015 12:00:00 AM,16074,5172,10902
1/3/2015 12:00:00 AM,3/7/2015 12:00:00 AM,19673,6756,12917
1/3/2015 12:00:00 AM,3/8/2015 12:00:00 AM,20499,6606,13893
1/3/2015 12:00:00 AM,3/9/2015 12:00:00 AM,21514,7996,13518
1/3/2015 12:00:00 AM,3/10/2015 12:00:00 AM,21514,7996,13518
1/3/2015 12:00:00 AM,3/11/2015 12:00:00 AM,21684,7996,13688
1/3/2015 12:00:00 AM,3/12/2015 12:00:00 AM,22926,9253,13673
1/3/2015 12:00:00 AM,3/13/2015 12:00:00 AM,23096,9253,13843
1/3/2015 12:00:00 AM,3/14/2015 12:00:00 AM,26683,10640,16043
1/3/2015 12:00:00 AM,3/15/2015 12:00:00 AM,25128,10246,14882
1/3/2015 12:00:00 AM,3/16/2015 12:00:00 AM,26300,10635,15665
1/3/2015 12:00:00 AM,3/17/2015 12:00:00 AM,25157,10611,14546
1/3/2015 12:00:00 AM,3/18/2015 12:00:00 AM,26159,10611,15548
1/3/2015 12:00:00 AM,3/19/2015 12:00:00 AM,25672,10611,15061
1/3/2015 12:00:00 AM,3/20/2015 12:00:00 AM,25625,10344,15281
1/3/2015 12:00:00 AM,3/21/2015 12:00:00 AM,26571,10645,15926
1/3/2015 12:00:00 AM,3/22/2015 12:00:00 AM,25079,10571,14508
1/3/2015 12:00:00 AM,3/23/2015 12:00:00 AM,28641,11220,17421
1/3/2015 12:00:00 AM,3/24/2015 12:00:00 AM,27079,11220,15859
1/3/2015 12:00:00 AM,3/25/2015 12:00:00 AM,27962,12273,15689
1/3/2015 12:00:00 AM,3/26/2015 12:00:00 AM,27462,12123,15339
1/3/2015 12:00:00 AM,3/27/2015 12:00:00 AM,28477,11862,16615
1/3/2015 12:00:00 AM,3/28/2015 12:00:00 AM,31025,12821,18204
1/3/2015 12:00:00 AM,3/29/2015 12:00:00 AM,31333,12701,18632
1/3/2015 12:00:00 AM,3/30/2015 12:00:00 AM,31433,13429,18004
1/3/2015 12:00:00 AM,3/31/2015 12:00:00 AM,30057,12453,17604
1/3/2015 12:00:00 AM,4/1/2015 12:00:00 AM,29672,12963,16709
1/3/2015 12:00:00 AM,4/2/2015 12:00:00 AM,28875,12213,16662
1/3/2015 12:00:00 AM,4/3/2015 12:00:00 AM,30055,12222,17833
1/3/2015 12:00:00 AM,4/4/2015 12:00:00 AM,32148,13079,19069
1/2/2015 12:00:00 AM,1/3/2015 12:00:00 AM,2997,1718,1279
1/2/2015 12:00:00 AM,1/4/2015 12:00:00 AM,3054,1718,1336
1/2/2015 12:00:00 AM,1/5/2015 12:00:00 AM,2823,1298,1525
1/2/2015 12:00:00 AM,1/6/2015 12:00:00 AM,2225,721,1504
1/2/2015 12:00:00 AM,1/7/2015 12:00:00 AM,2246,721,1525
1/2/2015 12:00:00 AM,1/8/2015 12:00:00 AM,1995,491,1504
1/2/2015 12:00:00 AM,1/9/2015 12:00:00 AM,1995,491,1504
1/2/2015 12:00:00 AM,1/10/2015 12:00:00 AM,2391,761,1630
1/2/2015 12:00:00 AM,1/11/2015 12:00:00 AM,2338,761,1577
1/2/2015 12:00:00 AM,1/12/2015 12:00:00 AM,2179,491,1688
1/2/2015 12:00:00 AM,1/13/2015 12:00:00 AM,2179,491,1688
1/2/2015 12:00:00 AM,1/14/2015 12:00:00 AM,2179,491,1688
1/2/2015 12:00:00 AM,1/15/2015 12:00:00 AM,2068,491,1577
1/2/2015 12:00:00 AM,1/16/2015 12:00:00 AM,2213,636,1577
1/2/2015 12:00:00 AM,1/17/2015 12:00:00 AM,2483,906,1577
1/2/2015 12:00:00 AM,1/18/2015 12:00:00 AM,2374,761,1613
1/2/2015 12:00:00 AM,1/19/2015 12:00:00 AM,2245,636,1609
1/2/2015 12:00:00 AM,1/20/2015 12:00:00 AM,2100,491,1609
1/2/2015 12:00:00 AM,1/21/2015 12:00:00 AM,2100,491,1609
1/2/2015 12:00:00 AM,1/22/2015 12:00:00 AM,2100,491,1609
1/2/2015 12:00:00 AM,1/23/2015 12:00:00 AM,2100,491,1609
1/2/2015 12:00:00 AM,1/24/2015 12:00:00 AM,2338,761,1577
1/2/2015 12:00:00 AM,1/25/2015 12:00:00 AM,2338,761,1577
1/2/2015 12:00:00 AM,1/26/2015 12:00:00 AM,2060,491,1569
1/2/2015 12:00:00 AM,1/27/2015 12:00:00 AM,2060,491,1569
1/2/2015 12:00:00 AM,1/28/2015 12:00:00 AM,2060,491,1569
1/2/2015 12:00:00 AM,1/29/2015 12:00:00 AM,2060,491,1569
1/2/2015 12:00:00 AM,1/30/2015 12:00:00 AM,2060,491,1569
1/2/2015 12:00:00 AM,1/31/2015 12:00:00 AM,3260,761,2499
1/2/2015 12:00:00 AM,2/1/2015 12:00:00 AM,4672,1627,3045
1/2/2015 12:00:00 AM,2/2/2015 12:00:00 AM,4658,1627,3031
1/2/2015 12:00:00 AM,2/3/2015 12:00:00 AM,4638,1627,3011
1/2/2015 12:00:00 AM,2/4/2015 12:00:00 AM,4660,1627,3033
1/2/2015 12:00:00 AM,2/5/2015 12:00:00 AM,4660,1627,3033
1/2/2015 12:00:00 AM,2/6/2015 12:00:00 AM,4660,1627,3033
1/2/2015 12:00:00 AM,2/7/2015 12:00:00 AM,4660,1627,3033
1/2/2015 12:00:00 AM,2/8/2015 12:00:00 AM,4660,1627,3033
1/2/2015 12:00:00 AM,2/9/2015 12:00:00 AM,4660,1627,3033
1/2/2015 12:00:00 AM,2/10/2015 12:00:00 AM,4660,1627,3033
1/2/2015 12:00:00 AM,2/11/2015 12:00:00 AM,4660,1627,3033
1/2/2015 12:00:00 AM,2/12/2015 12:00:00 AM,4627,1627,3000
1/2/2015 12:00:00 AM,2/13/2015 12:00:00 AM,4627,1627,3000
1/2/2015 12:00:00 AM,2/14/2015 12:00:00 AM,6074,2947,3127
1/2/2015 12:00:00 AM,2/15/2015 12:00:00 AM,6290,2947,3343
1/2/2015 12:00:00 AM,2/16/2015 12:00:00 AM,6831,2947,3884
1/2/2015 12:00:00 AM,2/17/2015 12:00:00 AM,6809,2947,3862
1/2/2015 12:00:00 AM,2/18/2015 12:00:00 AM,6809,2947,3862
1/2/2015 12:00:00 AM,2/19/2015 12:00:00 AM,6809,2947,3862
1/2/2015 12:00:00 AM,2/20/2015 12:00:00 AM,6876,2947,3929
1/2/2015 12:00:00 AM,2/21/2015 12:00:00 AM,8196,3282,4914
1/2/2015 12:00:00 AM,2/22/2015 12:00:00 AM,7143,2146,4997
1/2/2015 12:00:00 AM,2/23/2015 12:00:00 AM,6953,2146,4807
1/2/2015 12:00:00 AM,2/24/2015 12:00:00 AM,6827,2146,4681
1/2/2015 12:00:00 AM,2/25/2015 12:00:00 AM,6827,2146,4681
1/2/2015 12:00:00 AM,2/26/2015 12:00:00 AM,6827,2146,4681
1/2/2015 12:00:00 AM,2/27/2015 12:00:00 AM,6953,2146,4807
1/2/2015 12:00:00 AM,2/28/2015 12:00:00 AM,10543,3494,7049
1/2/2015 12:00:00 AM,3/1/2015 12:00:00 AM,12979,3929,9050
1/2/2015 12:00:00 AM,3/2/2015 12:00:00 AM,14237,4610,9627
1/2/2015 12:00:00 AM,3/3/2015 12:00:00 AM,14215,4610,9605
1/2/2015 12:00:00 AM,3/4/2015 12:00:00 AM,14215,4610,9605
1/2/2015 12:00:00 AM,3/5/2015 12:00:00 AM,14352,4610,9742
1/2/2015 12:00:00 AM,3/6/2015 12:00:00 AM,16074,5172,10902
1/2/2015 12:00:00 AM,3/7/2015 12:00:00 AM,19673,6756,12917
1/2/2015 12:00:00 AM,3/8/2015 12:00:00 AM,20499,6606,13893
1/2/2015 12:00:00 AM,3/9/2015 12:00:00 AM,21514,7996,13518
1/2/2015 12:00:00 AM,3/10/2015 12:00:00 AM,21514,7996,13518
1/2/2015 12:00:00 AM,3/11/2015 12:00:00 AM,21684,7996,13688
1/2/2015 12:00:00 AM,3/12/2015 12:00:00 AM,22926,9253,13673
1/2/2015 12:00:00 AM,3/13/2015 12:00:00 AM,23096,9253,13843
1/2/2015 12:00:00 AM,3/14/2015 12:00:00 AM,26683,10640,16043
1/2/2015 12:00:00 AM,3/15/2015 12:00:00 AM,25128,10246,14882
1/2/2015 12:00:00 AM,3/16/2015 12:00:00 AM,26300,10635,15665
1/2/2015 12:00:00 AM,3/17/2015 12:00:00 AM,25157,10611,14546
1/2/2015 12:00:00 AM,3/18/2015 12:00:00 AM,26159,10611,15548
1/2/2015 12:00:00 AM,3/19/2015 12:00:00 AM,25672,10611,15061
1/2/2015 12:00:00 AM,3/20/2015 12:00:00 AM,25625,10344,15281
1/2/2015 12:00:00 AM,3/21/2015 12:00:00 AM,26571,10645,15926
1/2/2015 12:00:00 AM,3/22/2015 12:00:00 AM,25079,10571,14508
1/2/2015 12:00:00 AM,3/23/2015 12:00:00 AM,28641,11220,17421
1/2/2015 12:00:00 AM,3/24/2015 12:00:00 AM,27079,11220,15859
1/2/2015 12:00:00 AM,3/25/2015 12:00:00 AM,27962,12273,15689
1/2/2015 12:00:00 AM,3/26/2015 12:00:00 AM,27462,12123,15339
1/2/2015 12:00:00 AM,3/27/2015 12:00:00 AM,28477,11862,16615
1/2/2015 12:00:00 AM,3/28/2015 12:00:00 AM,31025,12821,18204
1/2/2015 12:00:00 AM,3/29/2015 12:00:00 AM,31333,12701,18632
1/2/2015 12:00:00 AM,3/30/2015 12:00:00 AM,31433,13429,18004
1/2/2015 12:00:00 AM,3/31/2015 12:00:00 AM,30057,12453,17604
1/2/2015 12:00:00 AM,4/1/2015 12:00:00 AM,29672,12963,16709
1/2/2015 12:00:00 AM,4/2/2015 12:00:00 AM,28875,12213,16662
1/2/2015 12:00:00 AM,4/3/2015 12:00:00 AM,30055,12222,17833
1/1/2015 12:00:00 AM,1/2/2015 12:00:00 AM,2577,1298,1279
1/1/2015 12:00:00 AM,1/3/2015 12:00:00 AM,3786,1718,2068
1/1/2015 12:00:00 AM,1/4/2015 12:00:00 AM,3054,1718,1336
1/1/2015 12:00:00 AM,1/5/2015 12:00:00 AM,2823,1298,1525
1/1/2015 12:00:00 AM,1/6/2015 12:00:00 AM,2225,721,1504
1/1/2015 12:00:00 AM,1/7/2015 12:00:00 AM,2246,721,1525
1/1/2015 12:00:00 AM,1/8/2015 12:00:00 AM,1995,491,1504
1/1/2015 12:00:00 AM,1/9/2015 12:00:00 AM,1995,491,1504
1/1/2015 12:00:00 AM,1/10/2015 12:00:00 AM,2391,761,1630
1/1/2015 12:00:00 AM,1/11/2015 12:00:00 AM,2338,761,1577
1/1/2015 12:00:00 AM,1/12/2015 12:00:00 AM,2179,491,1688
1/1/2015 12:00:00 AM,1/13/2015 12:00:00 AM,2179,491,1688
1/1/2015 12:00:00 AM,1/14/2015 12:00:00 AM,2179,491,1688
1/1/2015 12:00:00 AM,1/15/2015 12:00:00 AM,2068,491,1577
1/1/2015 12:00:00 AM,1/16/2015 12:00:00 AM,2213,636,1577
1/1/2015 12:00:00 AM,1/17/2015 12:00:00 AM,2483,906,1577
1/1/2015 12:00:00 AM,1/18/2015 12:00:00 AM,2374,761,1613
1/1/2015 12:00:00 AM,1/19/2015 12:00:00 AM,2245,636,1609
1/1/2015 12:00:00 AM,1/20/2015 12:00:00 AM,2100,491,1609
1/1/2015 12:00:00 AM,1/21/2015 12:00:00 AM,2100,491,1609
1/1/2015 12:00:00 AM,1/22/2015 12:00:00 AM,2100,491,1609
1/1/2015 12:00:00 AM,1/23/2015 12:00:00 AM,2100,491,1609
1/1/2015 12:00:00 AM,1/24/2015 12:00:00 AM,2338,761,1577
1/1/2015 12:00:00 AM,1/25/2015 12:00:00 AM,2338,761,1577
1/1/2015 12:00:00 AM,1/26/2015 12:00:00 AM,2060,491,1569
1/1/2015 12:00:00 AM,1/27/2015 12:00:00 AM,2060,491,1569
1/1/2015 12:00:00 AM,1/28/2015 12:00:00 AM,2060,491,1569
1/1/2015 12:00:00 AM,1/29/2015 12:00:00 AM,2060,491,1569
1/1/2015 12:00:00 AM,1/30/2015 12:00:00 AM,2060,491,1569
1/1/2015 12:00:00 AM,1/31/2015 12:00:00 AM,3260,761,2499
1/1/2015 12:00:00 AM,2/1/2015 12:00:00 AM,4672,1627,3045
1/1/2015 12:00:00 AM,2/2/2015 12:00:00 AM,4658,1627,3031
1/1/2015 12:00:00 AM,2/3/2015 12:00:00 AM,4638,1627,3011
1/1/2015 12:00:00 AM,2/4/2015 12:00:00 AM,4660,1627,3033
1/1/2015 12:00:00 AM,2/5/2015 12:00:00 AM,4660,1627,3033
1/1/2015 12:00:00 AM,2/6/2015 12:00:00 AM,4660,1627,3033
1/1/2015 12:00:00 AM,2/7/2015 12:00:00 AM,4660,1627,3033
1/1/2015 12:00:00 AM,2/8/2015 12:00:00 AM,4660,1627,3033
1/1/2015 12:00:00 AM,2/9/2015 12:00:00 AM,4660,1627,3033
1/1/2015 12:00:00 AM,2/10/2015 12:00:00 AM,4660,1627,3033
1/1/2015 12:00:00 AM,2/11/2015 12:00:00 AM,4660,1627,3033
1/1/2015 12:00:00 AM,2/12/2015 12:00:00 AM,4627,1627,3000
1/1/2015 12:00:00 AM,2/13/2015 12:00:00 AM,4627,1627,3000
1/1/2015 12:00:00 AM,2/14/2015 12:00:00 AM,6074,2947,3127
1/1/2015 12:00:00 AM,2/15/2015 12:00:00 AM,6290,2947,3343
1/1/2015 12:00:00 AM,2/16/2015 12:00:00 AM,6831,2947,3884
1/1/2015 12:00:00 AM,2/17/2015 12:00:00 AM,6809,2947,3862
1/1/2015 12:00:00 AM,2/18/2015 12:00:00 AM,6809,2947,3862
1/1/2015 12:00:00 AM,2/19/2015 12:00:00 AM,6809,2947,3862
1/1/2015 12:00:00 AM,2/20/2015 12:00:00 AM,6876,2947,3929
1/1/2015 12:00:00 AM,2/21/2015 12:00:00 AM,8196,3282,4914
1/1/2015 12:00:00 AM,2/22/2015 12:00:00 AM,7143,2146,4997
1/1/2015 12:00:00 AM,2/23/2015 12:00:00 AM,6953,2146,4807
1/1/2015 12:00:00 AM,2/24/2015 12:00:00 AM,6827,2146,4681
1/1/2015 12:00:00 AM,2/25/2015 12:00:00 AM,6827,2146,4681
1/1/2015 12:00:00 AM,2/26/2015 12:00:00 AM,6827,2146,4681
1/1/2015 12:00:00 AM,2/27/2015 12:00:00 AM,6953,2146,4807
1/1/2015 12:00:00 AM,2/28/2015 12:00:00 AM,10543,3494,7049
1/1/2015 12:00:00 AM,3/1/2015 12:00:00 AM,12979,3929,9050
1/1/2015 12:00:00 AM,3/2/2015 12:00:00 AM,14237,4610,9627
1/1/2015 12:00:00 AM,3/3/2015 12:00:00 AM,14215,4610,9605
1/1/2015 12:00:00 AM,3/4/2015 12:00:00 AM,14215,4610,9605
1/1/2015 12:00:00 AM,3/5/2015 12:00:00 AM,14352,4610,9742
1/1/2015 12:00:00 AM,3/6/2015 12:00:00 AM,16074,5172,10902
1/1/2015 12:00:00 AM,3/7/2015 12:00:00 AM,19673,6756,12917
1/1/2015 12:00:00 AM,3/8/2015 12:00:00 AM,20499,6606,13893
1/1/2015 12:00:00 AM,3/9/2015 12:00:00 AM,21514,7996,13518
1/1/2015 12:00:00 AM,3/10/2015 12:00:00 AM,21514,7996,13518
1/1/2015 12:00:00 AM,3/11/2015 12:00:00 AM,21684,7996,13688
1/1/2015 12:00:00 AM,3/12/2015 12:00:00 AM,22926,9253,13673
1/1/2015 12:00:00 AM,3/13/2015 12:00:00 AM,23096,9253,13843
1/1/2015 12:00:00 AM,3/14/2015 12:00:00 AM,26683,10640,16043
1/1/2015 12:00:00 AM,3/15/2015 12:00:00 AM,25128,10246,14882
1/1/2015 12:00:00 AM,3/16/2015 12:00:00 AM,26300,10635,15665
1/1/2015 12:00:00 AM,3/17/2015 12:00:00 AM,25157,10611,14546
1/1/2015 12:00:00 AM,3/18/2015 12:00:00 AM,26159,10611,15548
1/1/2015 12:00:00 AM,3/19/2015 12:00:00 AM,25672,10611,15061
1/1/2015 12:00:00 AM,3/20/2015 12:00:00 AM,25625,10344,15281
1/1/2015 12:00:00 AM,3/21/2015 12:00:00 AM,26571,10645,15926
1/1/2015 12:00:00 AM,3/22/2015 12:00:00 AM,25079,10571,14508
1/1/2015 12:00:00 AM,3/23/2015 12:00:00 AM,28641,11220,17421
1/1/2015 12:00:00 AM,3/24/2015 12:00:00 AM,27079,11220,15859
1/1/2015 12:00:00 AM,3/25/2015 12:00:00 AM,27962,12273,15689
1/1/2015 12:00:00 AM,3/26/2015 12:00:00 AM,27462,12123,15339
1/1/2015 12:00:00 AM,3/27/2015 12:00:00 AM,28477,11862,16615
1/1/2015 12:00:00 AM,3/28/2015 12:00:00 AM,31025,12821,18204
1/1/2015 12:00:00 AM,3/29/2015 12:00:00 AM,31333,12701,18632
1/1/2015 12:00:00 AM,3/30/2015 12:00:00 AM,31433,13429,18004
1/1/2015 12:00:00 AM,3/31/2015 12:00:00 AM,30057,12453,17604
1/1/2015 12:00:00 AM,4/1/2015 12:00:00 AM,29672,12963,16709
1/1/2015 12:00:00 AM,4/2/2015 12:00:00 AM,28875,12213,16662
